,HP,Power up,Player x,Player y,Player speed_x,Player speed_y,Player bullet x,Player bullet y,Player bullet speed_x,Player bullet speed_y,Enemy x,Enemy y,Enemy speed_x,Enemy speed_y,Enemy bullet x,Enemy bullet y,Enemy bullet speed_x,Enemy bullet speed_y,Humidity,Temperature,Skin conductance,Relative blood volume,Accelerations
0,10,False,1157,236,0,0,[],[],[],[],"[698, 361, 993, 1227, 902]","[698, 361, 993, 1227, 902]","[-49, 129, 64, 335, 71]","[88, 98, 83, 187, 21]",[],[],[],[],41.100004,24.5,41610.0,"[31303.0, 31207.0, 30439.0, 31255.0, 30151.0, 30487.0, 30487.0, 29959.0, 30151.0, 28775.0, 28438.0, 27526.0, 27478.0, 26358.0, 26582.0, 25782.0, 26294.0, 25766.0, 26278.0, 26518.0]",[]
1,10,False,1157,236,0,0,[],[],[],[],"[678, 421, 1004, 1338, 922]","[678, 421, 1004, 1338, 922]","[-31, 206, 30, 250, 73]","[116, 109, 81, 193, 6]",[],[],[],[],41.100004,24.5,41578.0,"[56621.0, 54941.0, 52236.0, 49099.0, 45675.0, 43594.0, 41066.0, 38585.0, 37849.0, 35544.0, 34904.0, 33288.0, 31815.0, 31351.0, 29591.0, 29207.0, 28743.0, 27830.0, 27302.0, 27542.0]",[]
2,10,False,1157,236,0,0,[],[],[],[],"[658, 505, 994, 1399, 933]","[658, 505, 994, 1399, 933]","[-33, 260, -36, 95, 29]","[135, 108, 64, 160, -4]","[746, 552, 1028, 1408, 986]","[663, 701, 748, 765, 760]","[4, 4, -1, -2, 1]","[-3, -3, -5, -5, -5]",41.100004,24.5,41050.0,"[20196.0, 19668.0, 19140.0, 19604.0, 19124.0, 18644.0, 18948.0, 19636.0, 19284.0, 19364.0, 19412.0, 18980.0, 18916.0, 19380.0, 19140.0, 20100.0, 21141.0, 23621.0, 27430.0, 32343.0]",[]
3,10,False,1157,236,0,0,[],[],[],[],"[638, 605, 952, 1393, 924]","[638, 605, 952, 1393, 924]","[-36, 273, -106, -77, -30]","[114, 86, 25, 100, -40]","[826, 632, 1008, 1368, 1006]","[603, 641, 648, 665, 660]","[4, 4, -1, -2, 1]","[-3, -3, -5, -5, -5]",41.100004,24.5,41130.0,"[34312.0, 31975.0, 29031.0, 27542.0, 27270.0, 26022.0, 25910.0, 26838.0, 27686.0, 27062.0, 27270.0, 26374.0, 25702.0, 26262.0, 25190.0, 25238.0, 26070.0, 24582.0, 23749.0, 22309.0]",[]
4,10,False,1157,236,0,0,[],[],[],[],"[618, 705, 882, 1318, 892]","[618, 705, 882, 1318, 892]","[-47, 256, -193, -221, -83]","[88, 30, -28, 51, -84]","[906, 712, 988, 1328, 1026]","[543, 581, 548, 565, 560]","[4, 4, -1, -2, 1]","[-3, -3, -5, -5, -5]",41.100004,24.5,41130.0,"[19716.0, 17284.0, 15715.0, 14419.0, 14675.0, 14339.0, 14803.0, 14419.0, 14803.0, 13395.0, 12499.0, 11458.0, 10786.0, 9682.0, 9794.0, 9378.0, 10242.0, 10418.0, 11442.0, 11410.0]",[]
5,10,False,1157,236,0,0,[],[],[],[],"[588, 786, 783, 1196, 835]","[588, 786, 783, 1196, 835]","[-54, 219, -238, -336, -141]","[60, -22, -67, 9, -98]","[986, 792, 978, 1288, 1046, 744, 789, 998, 1314, 1019]","[483, 521, 448, 465, 460, 733, 677, 731, 720, 675]","[4, 4, 0, -2, 1, 4, 2, 4, -2, 4]","[-3, -3, -5, -5, -5, -3, -5, -3, -5, -4]",41.100004,24.5,41546.0,"[62687.0, 61919.0, 59486.0, 57149.0, 54397.0, 51356.0, 48971.0, 45755.0, 42762.0, 39481.0, 35912.0, 33128.0, 30311.0, 28679.0, 26470.0, 24758.0, 24261.0, 23237.0, 22821.0, 22469.0]",[]
6,10,False,1157,236,0,0,[],[],[],[],"[556, 855, 666, 1029, 774]","[556, 855, 666, 1029, 774]","[-36, 186, -275, -436, -152]","[21, -51, -101, -29, -122]","[1066, 872, 978, 1248, 1066, 824, 829, 1078, 1274, 1099]","[423, 461, 348, 365, 360, 673, 577, 653, 620, 595]","[4, 4, 0, -2, 1, 4, 2, 4, -2, 4]","[-3, -3, -5, -5, -5, -3, -5, -4, -5, -4]",41.100004,24.5,41498.0,"[21637.0, 22405.0, 21957.0, 22117.0, 21781.0, 21797.0, 21701.0, 21925.0, 22533.0, 23253.0, 23349.0, 23589.0, 23893.0, 23717.0, 23653.0, 23285.0, 22965.0, 23365.0, 23493.0, 23269.0]",[]
7,9,False,1157,236,0,0,[],[],[],[],"[539, 908, 549, 833, 694]","[539, 908, 549, 833, 694]","[3, 138, -236, -490, -155]","[-6, -48, -83, -42, -115]","[1146, 952, 978, 1086, 904, 869, 1158, 1234, 1175, 634, 953, 674, 991, 829]","[363, 401, 248, 260, 613, 477, 573, 520, 515, 770, 682, 659, 740, 615]","[4, 4, 0, 1, 4, 2, 4, -2, 3, 4, 2, 3, 3, 5]","[-3, -3, -5, -5, -3, -5, -4, -5, -4, -4, -5, -4, -5, -1]",41.100004,24.5,41498.0,"[21637.0, 22405.0, 21957.0, 22117.0, 21781.0, 21797.0, 21701.0, 21925.0, 22533.0, 23253.0, 23349.0, 23589.0, 23893.0, 23717.0, 23653.0, 23285.0, 22965.0, 23365.0, 23493.0, 23269.0]",[]
8,8,False,1157,236,0,0,[],[],[],[],"[547, 946, 456, 633, 624]","[547, 946, 456, 633, 624]","[79, 99, -175, -479, -143]","[7, -36, -84, -56, -68]","[1032, 978, 1106, 984, 909, 1238, 1194, 1235, 714, 993, 746, 1035, 929]","[341, 148, 160, 553, 377, 493, 420, 435, 690, 582, 579, 640, 595]","[4, 0, 1, 4, 2, 4, -2, 3, 4, 2, 4, 2, 5]","[-3, -5, -5, -3, -5, -4, -5, -4, -4, -5, -4, -5, -1]",41.0,24.5,41482.0,"[10194.0, 8226.0, 6801.0, 5553.0, 5057.0, 5089.0, 5281.0, 5665.0, 6785.0, 7489.0, 7361.0, 7633.0, 8113.0, 7121.0, 6033.0, 4881.0, 3728.0, 2880.0, 2576.0, 2768.0]",[]
9,7,False,1157,236,0,0,[],[],[],[],"[582, 968, 391, 440, 570]","[582, 968, 391, 440, 570]","[123, 84, -100, -434, -95]","[11, -18, -52, -37, -40]","[978, 1126, 1064, 949, 1318, 1154, 1295, 794, 1033, 826, 1075, 1029]","[48, 60, 493, 277, 413, 320, 355, 610, 482, 499, 540, 575]","[0, 1, 4, 2, 4, -2, 3, 4, 2, 4, 2, 5]","[-5, -5, -3, -5, -4, -5, -4, -4, -5, -4, -5, -1]",41.0,24.5,41354.0,"[65535.0, 65535.0, 65535.0, 65535.0, 65535.0, 63631.0, 60974.0, 57454.0, 55181.0, 50780.0, 47947.0, 43898.0, 41066.0, 37481.0, 34840.0, 32215.0, 29991.0, 28182.0, 27046.0, 26134.0]",[]
10,6,False,1157,236,0,0,[],[],[],[],"[623, 988, 362, 269, 537]","[623, 988, 362, 269, 537]","[151, 61, -6, -358, -31]","[9, -2, 2, -5, 10]","[1144, 989, 1398, 1355, 874, 1073, 906, 1115, 1129, 723, 1009, 496, 568, 713]","[433, 177, 333, 275, 530, 382, 419, 440, 549, 743, 570, 543, 663, 561]","[4, 2, 4, 3, 4, 2, 4, 2, 5, 5, 0, 3, 5, 5]","[-3, -5, -4, -4, -4, -5, -4, -5, -2, -2, -5, -4, -3, -3]",41.0,24.5,41370.0,"[6305.0, 6369.0, 5473.0, 6065.0, 5441.0, 5473.0, 4657.0, 5377.0, 5457.0, 6641.0, 7137.0, 8610.0, 10450.0, 11490.0, 12098.0, 13315.0, 13507.0, 13763.0, 14099.0, 15459.0]",[]
11,5,False,1157,236,0,0,[],[],[],[],"[683, 993, 372, 142, 535]","[683, 993, 372, 142, 535]","[185, 30, 99, -235, 58]","[15, 24, 35, 32, 34]","[1224, 1029, 1460, 1415, 954, 986, 1155, 1229, 823, 1009, 556, 668, 813]","[373, 77, 253, 195, 450, 339, 340, 509, 703, 470, 463, 603, 501]","[4, 2, 3, 3, 4, 4, 2, 5, 5, 0, 3, 5, 5]","[-3, -5, -4, -4, -4, -4, -5, -2, -2, -5, -4, -3, -3]",41.0,24.5,41114.0,"[43706.0, 39689.0, 34392.0, 30791.0, 26790.0, 24325.0, 22533.0, 20741.0, 19204.0, 18756.0, 17444.0, 17556.0, 17220.0, 17284.0, 17348.0, 17876.0, 18836.0, 19140.0, 18836.0, 18788.0]",[]
12,4,False,1157,236,0,0,[],[],[],[],"[753, 984, 415, 69, 568]","[753, 984, 415, 69, 568]","[193, -31, 153, -103, 115]","[-7, 62, 43, 21, 56]","[1304, 1520, 1475, 1034, 1066, 1329, 923, 1009, 616, 768, 913, 780, 1065, 489, 188, 637]","[308, 173, 115, 370, 259, 469, 650, 370, 383, 543, 441, 731, 608, 618, 684, 597]","[4, 3, 3, 4, 4, 5, 5, 0, 3, 5, 5, 2, 3, 5, 5, 4]","[-4, -4, -4, -4, -4, -2, -3, -5, -4, -3, -3, -5, -4, -1, -2, -3]",41.0,24.5,41050.0,"[17972.0, 18340.0, 19076.0, 18868.0, 20372.0, 20805.0, 21749.0, 22309.0, 22053.0, 22821.0, 23189.0, 23301.0, 23413.0, 23781.0, 23141.0, 23365.0, 23733.0, 24630.0, 24678.0, 25702.0]",[]
13,2,False,1157,236,0,0,[],[],[],[],"[813, 951, 480, 41, 608]","[813, 951, 480, 41, 608]","[164, -87, 208, 8, 103]","[-60, 73, 47, 13, 64]","[1384, 1535, 1429, 1023, 1009, 676, 868, 1002, 820, 1125, 589, 288, 717]","[228, 16, 429, 590, 270, 303, 483, 381, 631, 528, 598, 644, 537]","[4, 3, 5, 5, 0, 3, 5, 4, 2, 3, 5, 5, 4]","[-4, -5, -2, -3, -5, -4, -3, -3, -5, -4, -1, -2, -3]",41.0,24.5,41226.0,"[25094.0, 24902.0, 23813.0, 23525.0, 22885.0, 22133.0, 23317.0, 23397.0, 25446.0, 28807.0, 31655.0, 36392.0, 40441.0, 45483.0, 50108.0, 52732.0, 54621.0, 55213.0, 53997.0, 51884.0]",[]
14,2,False,1157,236,0,0,[],[],[],[],"[862, 890, 560, 60, 642]","[862, 890, 560, 60, 642]","[136, -158, 233, 120, 96]","[-88, 34, 69, -9, 41]","[1464, 1529, 1123, 1009, 736, 968, 1082, 860, 1185, 689, 388, 797]","[148, 389, 530, 170, 223, 423, 321, 531, 448, 578, 604, 477]","[4, 5, 5, 0, 3, 5, 4, 2, 3, 5, 5, 4]","[-4, -2, -3, -5, -4, -3, -3, -5, -4, -1, -2, -3]",41.0,24.5,41562.0,"[20997.0, 19668.0, 18996.0, 18324.0, 17860.0, 17476.0, 18820.0, 19124.0, 19876.0, 21093.0, 21173.0, 22437.0, 21445.0, 20917.0, 19860.0, 19236.0, 18020.0, 18116.0, 17956.0, 17844.0]",[]
15,1,False,1157,236,0,0,[],[],[],[],"[893, 804, 642, 122, 672]","[893, 804, 642, 122, 672]","[68, -218, 238, 226, 87]","[-98, 15, 54, -35, 26]","[1223, 1009, 803, 1068, 900, 1245, 789, 488, 877, 952, 967, 648, 198, 749]","[470, 70, 143, 363, 431, 368, 558, 564, 417, 618, 594, 547, 621, 588]","[5, 0, 4, 5, 2, 3, 5, 5, 4, 2, 2, 2, 5, 3]","[-3, -5, -4, -3, -5, -4, -1, -2, -3, -5, -5, -5, -3, -4]",41.0,24.5,41114.0,"[50412.0, 47531.0, 43770.0, 40761.0, 37689.0, 35512.0, 32679.0, 30759.0, 28646.0, 27926.0, 26422.0, 25862.0, 26342.0, 26502.0, 27366.0, 27414.0, 28374.0, 29207.0, 29239.0, 29591.0]",[]
16,1,False,1107,99,-5,-8,[],[],[],[],"[901, 697, 722, 223, 692]","[901, 697, 722, 223, 692]","[22, -266, 221, 320, 66]","[-94, -4, 23, -49, 26]","[1313, 883, 1168, 940, 1305, 889, 588, 957, 992, 1007, 688, 298, 809]","[410, 63, 303, 331, 288, 538, 524, 357, 518, 494, 447, 571, 508]","[4, 4, 5, 2, 3, 5, 5, 4, 2, 2, 2, 5, 3]","[-3, -4, -3, -5, -4, -1, -2, -3, -5, -5, -5, -2, -4]",41.0,24.5,41066.0,"[32391.0, 31079.0, 31191.0, 30423.0, 30887.0, 30727.0, 29719.0, 31031.0, 30503.0, 30167.0, 30647.0, 30871.0, 32663.0, 34952.0, 37801.0, 41434.0, 44106.0, 47755.0, 50508.0, 52476.0]",[]
17,1,False,1065,153,0,0,[1100],[214],[0],[5],"[888, 577, 802, 357, 712]","[888, 577, 802, 357, 712]","[-4, -260, 231, 395, 63]","[-66, -25, 39, -44, 22]","[1393, 1268, 980, 1365, 989, 688, 1037, 1032, 1047, 728, 398, 869, 963, 698, 844, 365, 785]","[350, 243, 231, 208, 518, 484, 297, 418, 394, 347, 531, 428, 562, 634, 623, 587, 634]","[4, 5, 2, 3, 5, 5, 4, 2, 2, 2, 5, 3, 3, 3, 4, 3, 4]","[-3, -3, -5, -4, -1, -2, -3, -5, -5, -5, -2, -4, -5, -4, -4, -4, -3]",41.0,24.5,41530.0,"[53421.0, 54061.0, 52684.0, 51388.0, 49836.0, 47899.0, 45675.0, 43898.0, 42154.0, 38985.0, 38025.0, 35176.0, 33352.0, 31527.0, 30503.0, 29399.0, 28166.0, 27958.0, 27382.0, 26838.0]",[]
18,0,False,1093,130,7,-6,[1100],[314],[0],[5],"[868, 473, 882, 524, 732]","[868, 473, 882, 524, 732]","[-25, -199, 231, 484, 81]","[-31, 21, 63, 14, 51]","[1473, 1361, 1425, 1089, 788, 1117, 1072, 1087, 774, 498, 929, 1023, 758, 924, 425, 865]","[290, 183, 115, 496, 444, 237, 318, 294, 247, 491, 348, 462, 554, 543, 507, 574]","[4, 4, 3, 5, 5, 4, 2, 2, 3, 5, 3, 3, 3, 4, 3, 4]","[-3, -3, -5, -2, -2, -3, -5, -5, -5, -2, -4, -5, -4, -4, -4, -3]",41.0,24.5,41562.0,"[30567.0, 31415.0, 32055.0, 33128.0, 33336.0, 33288.0, 33432.0, 33832.0, 34264.0, 33224.0, 33736.0, 34040.0, 33912.0, 34872.0, 35528.0, 35944.0, 36200.0, 36632.0, 38457.0, 41242.0]",[]
19,0,False,1155,75,-8,-5,[1085],[414],[-1],[5],"[848, 400, 962, 715, 765]","[848, 400, 962, 715, 765]","[-36, -124, 242, 516, 126]","[12, 56, 93, 54, 76]","[1441, 1479, 1189, 888, 1197, 1112, 1127, 834, 598, 989, 1082, 818, 1004, 485, 945]","[123, 15, 456, 404, 177, 218, 194, 147, 451, 268, 362, 474, 463, 427, 496]","[4, 2, 5, 5, 4, 2, 2, 3, 5, 3, 2, 3, 4, 3, 4]","[-3, -5, -2, -2, -3, -5, -5, -5, -2, -4, -5, -4, -4, -4, -4]",41.0,24.5,41306.0,"[30007.0, 29687.0, 30375.0, 30215.0, 30871.0, 31687.0, 33080.0, 33192.0, 33592.0, 34200.0, 34136.0, 33752.0, 33032.0, 32519.0, 32423.0, 32840.0, 32439.0, 33160.0, 33304.0, 33416.0]",[]
20,-2,False,1107,51,0,0,[1065],[514],[-1],[5],"[827, 350, 1042, 915, 805]","[827, 350, 1042, 915, 805]","[-49, -56, 214, 514, 139]","[55, 70, 126, 104, 87]","[1521, 1289, 988, 1277, 894, 698, 1049, 1122, 878, 1084, 545, 1025, 952, 543, 1011, 864, 815]","[63, 416, 359, 117, 47, 401, 188, 262, 394, 383, 347, 416, 541, 629, 602, 562, 591]","[4, 5, 5, 4, 3, 5, 3, 2, 3, 4, 3, 4, 3, 5, 0, 5, 0]","[-3, -2, -3, -3, -5, -3, -4, -5, -4, -4, -4, -4, -4, -2, -5, -3, -5]",41.0,24.5,41306.0,"[30007.0, 29687.0, 30375.0, 30215.0, 30871.0, 31687.0, 33080.0, 33192.0, 33592.0, 34200.0, 34136.0, 33752.0, 33032.0, 32519.0, 32423.0, 32840.0, 32439.0, 33160.0, 33304.0, 33416.0]",[]
21,-3,False,984,82,0,0,[],[],[],[],"[804, 336, 1112, 845]","[804, 336, 1112, 845]","[-42, 21, 175, 140]","[94, 78, 142, 122]","[1389, 1088, 1357, 798, 1162, 938, 1144, 611, 1105, 1012, 643, 1011, 957, 823]","[376, 299, 56, 341, 162, 314, 303, 267, 336, 461, 581, 502, 502, 491]","[5, 5, 4, 5, 2, 3, 3, 4, 4, 3, 5, 0, 4, 1]","[-2, -3, -4, -3, -5, -4, -4, -4, -4, -4, -3, -5, -3, -5]",41.100004,24.5,41226.0,"[34968.0, 35224.0, 34952.0, 34920.0, 35160.0, 35048.0, 35128.0, 34872.0, 35352.0, 35512.0, 36216.0, 35768.0, 35384.0, 35512.0, 35608.0, 34824.0, 34712.0, 35112.0, 34456.0, 34712.0]",[]
22,-3,False,979,89,0,0,[],[],[],[],"[776, 355, 1155, 885, 637]","[776, 355, 1155, 885, 637]","[-64, 106, 85, 100, -5]","[107, 90, 135, 131, 4]","[1489, 1188, 898, 1202, 998, 1204, 691, 1185, 1072, 743, 1011, 1037, 843, 867, 420, 1179, 936, 735]","[333, 239, 281, 62, 234, 223, 187, 256, 381, 521, 402, 442, 391, 622, 672, 759, 712, 615]","[5, 5, 5, 2, 3, 3, 4, 4, 3, 5, 0, 4, 1, 3, 3, -1, 2, 4]","[-3, -3, -3, -5, -4, -4, -4, -4, -4, -3, -5, -3, -5, -4, -5, -5, -5, -4]",41.100004,24.5,41130.0,"[34184.0, 33736.0, 33208.0, 33768.0, 34632.0, 34520.0, 34920.0, 34360.0, 34536.0, 34248.0, 34344.0, 34248.0, 34232.0, 34216.0, 34104.0, 35176.0, 35592.0, 35400.0, 35624.0, 36664.0]",[]
23,-3,False,979,89,0,0,[],[],[],[],"[736, 395, 1158, 903, 620]","[736, 395, 1158, 903, 620]","[-83, 142, -20, 44, -9]","[82, 88, 98, 92, 2]","[1288, 998, 1058, 1264, 771, 1265, 1132, 843, 1011, 1117, 863, 927, 480, 1159, 976, 815]","[179, 221, 154, 143, 107, 176, 291, 461, 302, 382, 291, 542, 572, 659, 612, 535]","[5, 5, 3, 3, 4, 4, 3, 5, 0, 4, 1, 3, 3, -1, 2, 4]","[-3, -3, -4, -4, -4, -4, -5, -3, -5, -3, -5, -4, -5, -5, -5, -4]",41.100004,24.5,41674.0,"[34872.0, 35208.0, 35400.0, 36040.0, 35528.0, 35256.0, 35128.0, 35368.0, 34472.0, 34664.0, 34440.0, 34232.0, 34488.0, 35672.0, 36680.0, 37369.0, 38233.0, 38297.0, 37961.0, 38329.0]",[]
24,-3,False,980,71,0,0,[],[],[],[],"[690, 446, 1120, 894, 610]","[690, 446, 1120, 894, 610]","[-107, 160, -120, -37, 7]","[89, 66, 74, 58, 18]","[1387, 1098, 1118, 1324, 851, 1345, 1192, 943, 1011, 1197, 883, 987, 540, 1139, 1016, 895]","[119, 161, 74, 63, 27, 96, 191, 401, 202, 322, 191, 462, 472, 559, 512, 455]","[4, 5, 3, 3, 4, 4, 3, 5, 0, 4, 1, 3, 3, -1, 2, 4]","[-3, -3, -4, -4, -4, -4, -5, -3, -5, -3, -5, -4, -5, -5, -5, -4]",41.100004,24.5,41434.0,"[39513.0, 40393.0, 42250.0, 45739.0, 48539.0, 49868.0, 50828.0, 49724.0, 48811.0, 47067.0, 44090.0, 42090.0, 39433.0, 38057.0, 36584.0, 35224.0, 35096.0, 34232.0, 33224.0, 33832.0]",[]
25,-4,False,859,47,-9,0,[],[],[],[],"[630, 511, 1044, 859, 604]","[630, 511, 1044, 859, 604]","[-113, 211, -206, -85, -1]","[61, 8, 39, 28, 22]","[1467, 1198, 1416, 1252, 1043, 1011, 1277, 1047, 600, 1119, 1056, 975, 776, 557, 1164, 921, 676]","[59, 101, 16, 91, 341, 102, 262, 382, 372, 459, 412, 375, 633, 688, 715, 716, 530]","[4, 5, 3, 3, 5, 0, 4, 3, 3, -1, 2, 4, 2, 3, 0, -1, 1]","[-3, -3, -4, -5, -3, -5, -3, -4, -5, -5, -5, -4, -5, -4, -5, -5, -5]",41.100004,24.5,41130.0,"[32920.0, 33624.0, 34392.0, 34568.0, 35048.0, 35784.0, 35880.0, 35496.0, 35736.0, 35128.0, 34968.0, 35368.0, 34648.0, 34888.0, 34200.0, 34776.0, 34888.0, 35144.0, 35144.0, 34120.0]",[]
