,HP,Power up,Player x,Player y,Player speed_x,Player speed_y,Player bullet x,Player bullet y,Player bullet speed_x,Player bullet speed_y,Enemy x,Enemy y,Enemy speed_x,Enemy speed_y,Enemy bullet x,Enemy bullet y,Enemy bullet speed_x,Enemy bullet speed_y,Humidity,Temperature,Skin conductance,Relative blood volume,Accelerations
0,10,False,670,195,9,0,[],[],[],[],"[747, 1022, 782, 475, 1008]","[747, 1022, 782, 475, 1008]","[33, 122, 3, 138, -108]","[87, -39, 102, 52, 8]",[],[],[],[],40.8,24.5,41178.0,"[45675.0, 45147.0, 45723.0, 45211.0, 44234.0, 44954.0, 44858.0, 45675.0, 45851.0, 45899.0, 45723.0, 45002.0, 45387.0, 46027.0, 45211.0, 45915.0, 45787.0, 45419.0, 45243.0, 45627.0]",[]
1,10,False,697,364,0,9,[],[],[],[],"[750, 1055, 782, 534, 948]","[750, 1055, 782, 534, 948]","[55, 92, 18, 200, -141]","[124, 19, 118, 56, 3]",[],[],[],[],40.8,24.5,41194.0,"[45787.0, 46731.0, 46651.0, 46235.0, 45499.0, 45579.0, 45675.0, 45963.0, 45371.0, 46379.0, 46043.0, 45547.0, 46219.0, 45355.0, 44634.0, 45339.0, 45323.0, 44970.0, 45291.0, 46171.0]",[]
2,10,False,700,499,0,0,[],[],[],[],"[770, 1065, 782, 614, 877]","[770, 1065, 782, 614, 877]","[54, 5, 6, 222, -190]","[108, 50, 120, 74, -12]","[817, 1064, 832, 611, 910]","[731, 647, 716, 648, 745]","[1, -5, 1, -1, -4]","[-5, -1, -5, -5, -3]",40.8,24.5,41418.0,"[46043.0, 45931.0, 45531.0, 45099.0, 45371.0, 45195.0, 45755.0, 45771.0, 45195.0, 45963.0, 44842.0, 45419.0, 46091.0, 45851.0, 46091.0, 45675.0, 45643.0, 44986.0, 44490.0, 45515.0]",[]
3,10,False,729,329,1,-9,[],[],[],[],"[772, 1041, 765, 694, 773]","[772, 1041, 765, 694, 773]","[2, -62, -32, 228, -263]","[68, 61, 65, 52, -39]","[837, 964, 852, 594, 830]","[631, 627, 616, 548, 685]","[1, -5, 1, 0, -4]","[-5, -1, -5, -5, -3]",40.8,24.5,41114.0,"[45483.0, 45963.0, 45451.0, 46299.0, 45883.0, 46059.0, 45995.0, 45291.0, 45034.0, 45403.0, 45995.0, 45627.0, 46107.0, 45259.0, 45643.0, 46363.0, 45499.0, 45675.0, 44810.0, 44810.0]",[]
4,10,False,718,500,-2,9,[760],[492],[0],[5],"[755, 989, 745, 767, 653]","[755, 989, 745, 767, 653]","[-20, -145, -44, 190, -290]","[22, 47, 25, 36, -64]","[857, 864, 872, 594, 750]","[531, 607, 516, 448, 625]","[1, -5, 1, 0, -4]","[-5, -1, -5, -5, -3]",40.8,24.5,41482.0,"[45387.0, 45643.0, 46187.0, 45323.0, 45819.0, 45483.0, 45643.0, 45707.0, 46635.0, 45723.0, 45931.0, 44954.0, 46379.0, 45771.0, 45467.0, 44618.0, 45723.0, 45531.0, 46171.0, 45483.0]",[]
5,10,False,601,419,-9,-3,[760],[592],[0],[5],"[735, 908, 709, 822, 531]","[735, 908, 709, 822, 531]","[-30, -210, -54, 149, -300]","[-5, 20, -23, 17, -93]","[866, 764, 892, 594, 670, 823, 930, 771, 730, 729]","[431, 587, 416, 348, 565, 715, 635, 713, 666, 618]","[0, -5, 1, 0, -4, 1, -5, -1, -4, 2]","[-5, -1, -5, -5, -3, -5, -3, -5, -3, -5]",40.8,24.5,41434.0,"[45643.0, 45099.0, 45291.0, 44858.0, 45163.0, 45131.0, 45355.0, 45419.0, 45963.0, 45243.0, 45979.0, 45803.0, 45515.0, 45579.0, 45018.0, 45115.0, 45419.0, 44906.0, 45211.0, 45467.0]",[]
6,10,False,421,417,-9,1,[],[],[],[],"[808, 669, 862, 411]","[808, 669, 862, 411]","[-246, -79, 110, -265]","[-3, -50, -5, -118]","[866, 664, 905, 594, 590, 832, 830, 751, 650, 769]","[331, 567, 316, 248, 489, 615, 575, 613, 606, 518]","[0, -5, 0, 0, -4, 0, -5, -1, -4, 2]","[-5, -1, -5, -5, -3, -5, -3, -5, -3, -5]",40.8,24.5,41162.0,"[45371.0, 44810.0, 45291.0, 45563.0, 45579.0, 45131.0, 45483.0, 45547.0, 46411.0, 45099.0, 46011.0, 45034.0, 45499.0, 45243.0, 45323.0, 44698.0, 44730.0, 45627.0, 45867.0, 45915.0]",[]
7,10,False,259,445,0,0,[],[],[],[],"[692, 629, 887, 310, 1221]","[692, 629, 887, 310, 1221]","[-248, -62, 76, -188, -52]","[17, -54, 9, -85, -2]","[866, 564, 905, 585, 510, 832, 730, 731, 570, 793, 729, 676, 864, 367, 1226]","[231, 530, 216, 148, 429, 515, 528, 513, 546, 418, 669, 713, 684, 582, 819]","[0, -5, 0, -1, -4, 0, -5, -1, -4, 1, -5, -2, -5, -3, -5]","[-5, -2, -5, -5, -3, -5, -2, -5, -3, -5, -1, -5, -2, -4, -2]",40.9,24.5,41130.0,"[46491.0, 45131.0, 45419.0, 44890.0, 44826.0, 45579.0, 46091.0, 45275.0, 45835.0, 45419.0, 45323.0, 45547.0, 45515.0, 45739.0, 45403.0, 45707.0, 45659.0, 45355.0, 45723.0, 45499.0]",[]
8,9,False,248,459,0,0,[],[],[],[],"[592, 601, 907, 246, 1173]","[592, 601, 907, 246, 1173]","[-214, -24, 77, -74, -117]","[38, -24, 25, -73, 0]","[866, 464, 905, 541, 430, 832, 630, 696, 490, 810, 629, 636, 764, 1126]","[131, 509, 116, 53, 369, 415, 488, 413, 486, 318, 649, 613, 644, 779]","[0, -5, 0, -3, -4, 0, -5, -2, -4, 0, -5, -2, -5, -5]","[-5, -1, -5, -4, -3, -5, -2, -5, -3, -5, -1, -5, -2, -2]",40.9,24.5,41226.0,"[46411.0, 45243.0, 46091.0, 46395.0, 46091.0, 45659.0, 45227.0, 45018.0, 45723.0, 45515.0, 45787.0, 46683.0, 46027.0, 45835.0, 46427.0, 45419.0, 44842.0, 45451.0, 45211.0, 45371.0]",[]
9,9,False,248,459,0,0,[],[],[],[],"[505, 590, 927, 231, 1106]","[505, 590, 927, 231, 1106]","[-152, 21, 52, 43, -163]","[56, 9, 28, -23, -10]","[849, 364, 905, 350, 813, 530, 656, 410, 810, 529, 596, 664, 1026]","[31, 489, 16, 309, 315, 448, 313, 426, 218, 629, 513, 604, 739]","[-1, -5, 0, -4, -1, -5, -2, -4, 0, -5, -2, -5, -5]","[-5, -1, -5, -3, -5, -2, -5, -3, -5, -1, -5, -2, -2]",40.9,24.5,41194.0,"[46235.0, 45371.0, 45835.0, 45835.0, 45707.0, 45979.0, 45739.0, 45723.0, 45163.0, 45179.0, 46059.0, 45419.0, 45067.0, 45002.0, 45835.0, 44794.0, 45083.0, 46043.0, 46155.0, 45547.0]",[]
10,7,False,252,307,4,-8,[],[],[],[],"[449, 591, 933, 263, 1026]","[449, 591, 933, 263, 1026]","[-80, 50, 48, 158, -199]","[72, 21, 38, 22, -3]","[264, 775, 430, 616, 810, 429, 556, 564, 926, 466, 615, 875, 317, 1059]","[469, 215, 408, 213, 118, 609, 413, 564, 699, 622, 604, 715, 521, 699]","[-5, -2, -5, -2, 0, -5, -2, -5, -5, -4, -1, -5, 2, -4]","[-1, -5, -2, -5, -5, -1, -5, -2, -2, -4, -5, 0, -5, -4]",40.9,24.5,41098.0,"[44954.0, 45131.0, 45403.0, 44890.0, 45147.0, 45419.0, 45531.0, 45915.0, 46363.0, 45499.0, 45963.0, 45643.0, 45659.0, 45387.0, 45419.0, 45403.0, 45915.0, 44618.0, 45659.0, 45018.0]",[]
11,6,False,370,294,2,9,[],[],[],[],"[427, 610, 935, 338, 927]","[427, 610, 935, 338, 927]","[15, 82, 24, 254, -227]","[91, 20, 56, 51, 5]","[164, 722, 576, 792, 329, 516, 464, 826, 386, 580, 775, 357, 979]","[429, 119, 113, 18, 589, 313, 524, 659, 542, 504, 715, 421, 637]","[-5, -3, -2, -1, -5, -2, -5, -5, -4, -2, -5, 2, -4]","[-2, -4, -5, -5, -1, -5, -2, -2, -4, -5, 0, -5, -3]",40.9,24.5,41482.0,"[45883.0, 46107.0, 45387.0, 45339.0, 45275.0, 45115.0, 46523.0, 45179.0, 45563.0, 46571.0, 45211.0, 46267.0, 45867.0, 45499.0, 46779.0, 45387.0, 45243.0, 45723.0, 45435.0, 45467.0]",[]
12,5,False,387,366,0,0,[438],[464],[1],[5],"[440, 644, 926, 446, 823]","[440, 644, 926, 446, 823]","[77, 130, -23, 315, -260]","[80, 31, 63, 60, 8]","[64, 662, 522, 229, 476, 364, 726, 306, 540, 675, 899, 498, 669, 941, 384, 859]","[389, 39, 13, 569, 213, 484, 619, 462, 404, 715, 577, 710, 652, 679, 621, 733]","[-5, -3, -3, -5, -2, -5, -5, -4, -2, -5, -4, 2, 0, -3, -5, -5]","[-2, -4, -5, -1, -5, -2, -2, -4, -5, 0, -3, -5, -5, -4, -1, -1]",40.9,24.5,41418.0,"[45899.0, 45259.0, 45883.0, 45707.0, 46171.0, 45499.0, 45531.0, 45691.0, 46523.0, 45675.0, 45467.0, 45739.0, 45627.0, 45371.0, 45499.0, 45387.0, 45067.0, 45131.0, 46027.0, 45963.0]",[]
13,4,False,557,333,9,-1,[458],[564],[1],[5],"[464, 684, 898, 566, 700]","[464, 684, 898, 566, 700]","[111, 117, -69, 334, -301]","[66, 4, 25, 60, -18]","[129, 436, 264, 626, 226, 575, 819, 538, 669, 881, 284, 759]","[533, 113, 444, 579, 382, 715, 517, 610, 552, 599, 591, 713]","[-5, -2, -5, -5, -4, -5, -4, 2, 0, -3, -5, -5]","[-2, -5, -2, -2, -4, 0, -3, -5, -5, -4, -2, -1]",40.9,24.5,41274.0,"[46219.0, 44554.0, 44618.0, 45531.0, 45467.0, 45595.0, 44970.0, 44570.0, 44762.0, 45339.0, 46091.0, 45195.0, 45723.0, 45371.0, 45115.0, 45355.0, 45659.0, 45707.0, 46523.0, 46043.0]",[]
14,4,False,737,329,9,0,[478],[664],[1],[5],"[504, 724, 851, 691, 561]","[504, 724, 851, 691, 561]","[137, 109, -126, 351, -311]","[45, -5, 8, 39, -55]","[29, 396, 164, 526, 146, 475, 739, 578, 669, 821, 204, 659]","[493, 13, 404, 539, 302, 715, 457, 510, 452, 519, 527, 693]","[-5, -2, -5, -5, -4, -5, -4, 2, 0, -3, -3, -5]","[-2, -5, -2, -2, -4, 0, -3, -5, -5, -4, -4, -1]",40.9,24.5,41498.0,"[45899.0, 46251.0, 45419.0, 46219.0, 45579.0, 45723.0, 45995.0, 46043.0, 45739.0, 45083.0, 45883.0, 46619.0, 45339.0, 46491.0, 46475.0, 46171.0, 45739.0, 45147.0, 45611.0, 45227.0]",[]
15,4,False,917,329,9,0,[],[],[],[],"[556, 751, 779, 811]","[556, 751, 779, 811]","[167, 72, -171, 306]","[7, -19, -1, -6]","[64, 426, 81, 375, 659, 618, 669, 761, 180, 559, 629, 763, 884, 775, 594]","[350, 499, 222, 705, 397, 410, 352, 439, 430, 673, 747, 577, 634, 570, 607]","[-5, -5, -3, -5, -4, 2, 0, -3, 0, -5, 4, 0, 0, 2, 0]","[-3, -2, -4, -1, -3, -5, -5, -4, -5, -1, -3, -5, -5, -5, -5]",40.9,24.5,41194.0,"[45659.0, 45579.0, 46491.0, 45531.0, 45067.0, 45163.0, 45547.0, 45483.0, 45563.0, 44906.0, 45275.0, 45691.0, 46107.0, 46139.0, 45403.0, 45259.0, 45115.0, 45355.0, 46059.0, 45018.0]",[]
16,4,False,954,433,-8,4,[],[],[],[],"[616, 770, 699, 911]","[616, 770, 699, 911]","[165, 49, -186, 246]","[-41, -19, -12, -2]","[326, 21, 275, 579, 658, 669, 701, 230, 459, 709, 767, 884, 815, 594]","[459, 142, 685, 331, 310, 252, 359, 341, 653, 687, 477, 534, 470, 507]","[-5, -3, -5, -4, 2, 0, -3, 4, -5, 4, 1, 0, 2, 0]","[-2, -4, -1, -4, -5, -5, -4, -3, -1, -3, -5, -5, -5, -5]",40.9,24.5,41402.0,"[45387.0, 45531.0, 45275.0, 44666.0, 44794.0, 45851.0, 45099.0, 45083.0, 44890.0, 45195.0, 45339.0, 44986.0, 44298.0, 44570.0, 45131.0, 45755.0, 45227.0, 45963.0, 45883.0, 46235.0]",[]
17,4,False,929,445,0,0,[932],[546],[-2],[5],"[676, 770, 620, 991, 622]","[676, 770, 620, 991, 622]","[181, 44, -150, 208, 31]","[-55, -8, 20, 42, 4]","[226, 175, 499, 698, 669, 641, 322, 359, 789, 787, 884, 855, 606, 693, 828, 712, 1012, 708]","[419, 665, 251, 210, 152, 279, 291, 615, 627, 377, 434, 370, 407, 720, 588, 658, 596, 764]","[-5, -5, -4, 2, 0, -3, 5, -5, 4, 1, 0, 2, 1, 0, 1, 2, 2, 4]","[-2, -1, -4, -5, -5, -4, -2, -2, -3, -5, -5, -5, -5, -5, -5, -5, -5, -4]",40.9,24.5,41306.0,"[45483.0, 45451.0, 45467.0, 45835.0, 45499.0, 46059.0, 45371.0, 46491.0, 46139.0, 44858.0, 45995.0, 45099.0, 44842.0, 45755.0, 45371.0, 46091.0, 46347.0, 45979.0, 45115.0, 45627.0]",[]
18,3,False,978,381,9,-2,[892],[646],[-2],[5],"[736, 788, 561, 1056, 634]","[736, 788, 561, 1056, 634]","[189, 73, -95, 165, 70]","[-28, 32, 43, 65, 4]","[126, 75, 419, 738, 669, 581, 422, 259, 869, 807, 895, 626, 700, 848, 752, 1052, 788]","[379, 645, 171, 110, 52, 199, 267, 575, 567, 277, 270, 307, 620, 488, 558, 496, 684]","[-5, -5, -4, 2, 0, -3, 5, -5, 4, 1, 2, 1, 1, 1, 2, 2, 4]","[-2, -1, -4, -5, -5, -4, -1, -2, -3, -5, -5, -5, -5, -5, -5, -5, -4]",40.9,24.5,41322.0,"[46571.0, 45531.0, 45755.0, 45883.0, 44890.0, 45611.0, 45643.0, 45115.0, 46299.0, 46011.0, 45803.0, 45643.0, 45979.0, 45131.0, 46395.0, 46123.0, 46571.0, 45547.0, 46123.0, 46299.0]",[]
19,2,False,1158,360,9,0,[],[],[],[],"[811, 533, 1100, 659]","[811, 533, 1100, 659]","[217, -24, 99, 105]","[2, 44, 81, 16]","[26, 339, 778, 521, 522, 159, 949, 827, 935, 646, 720, 868, 792, 868]","[334, 91, 10, 102, 259, 534, 507, 177, 170, 207, 520, 388, 458, 604]","[-5, -4, 2, -3, 5, -5, 4, 1, 2, 1, 1, 1, 2, 4]","[-3, -4, -5, -5, 0, -3, -3, -5, -5, -5, -5, -5, -5, -4]",40.9,24.5,41162.0,"[46123.0, 45739.0, 45355.0, 45899.0, 44874.0, 45451.0, 45259.0, 45275.0, 45195.0, 44714.0, 45579.0, 44970.0, 45515.0, 45243.0, 44954.0, 45627.0, 45147.0, 45307.0, 44986.0, 46139.0]",[]
20,2,False,1284,363,0,0,[],[],[],[],"[891, 528, 1118, 703, 302]","[891, 528, 1118, 703, 302]","[207, 44, 48, 153, 97]","[25, 47, 92, 36, 11]","[259, 470, 622, 71, 1029, 858, 978, 666, 758, 893, 832, 948, 931, 676, 1112, 801, 439]","[11, 2, 259, 474, 447, 77, 70, 107, 420, 288, 358, 524, 640, 676, 587, 745, 810]","[-4, -2, 5, -4, 4, 2, 3, 1, 2, 2, 2, 4, 4, 5, -1, 5, 5]","[-4, -5, 0, -3, -3, -5, -5, -5, -5, -5, -5, -4, -3, -2, -5, -2, -1]",40.9,24.5,41402.0,"[46091.0, 45915.0, 45915.0, 46155.0, 46315.0, 46667.0, 45947.0, 45627.0, 45883.0, 45803.0, 45323.0, 45803.0, 45611.0, 45675.0, 45547.0, 45499.0, 45803.0, 46155.0, 46043.0, 45339.0]",[]
21,2,False,1259,507,-2,9,[],[],[],[],"[965, 552, 1113, 763, 352]","[965, 552, 1113, 763, 352]","[194, 101, -15, 179, 198]","[52, 63, 111, 36, 2]","[722, 1109, 701, 813, 933, 878, 1028, 1011, 776, 1094, 901, 539]","[259, 387, 7, 330, 188, 258, 444, 580, 636, 487, 705, 790]","[5, 4, 2, 3, 2, 3, 4, 4, 5, 0, 5, 5]","[0, -3, -5, -4, -5, -5, -4, -3, -2, -5, -2, -1]",40.9,24.5,41194.0,"[45211.0, 45243.0, 45675.0, 45018.0, 45179.0, 44890.0, 45547.0, 44890.0, 45371.0, 45002.0, 45915.0, 45867.0, 45995.0, 45675.0, 46059.0, 45547.0, 45067.0, 45227.0, 45675.0, 45451.0]",[]
22,2,False,1328,522,9,1,[],[],[],[],"[1025, 592, 1085, 823, 434]","[1025, 592, 1085, 823, 434]","[162, 140, -96, 163, 255]","[38, 56, 105, 14, -20]","[822, 1189, 884, 973, 938, 1108, 1091, 876, 1094, 1001, 639, 1090, 671, 1156, 876, 481]","[259, 327, 250, 88, 159, 364, 520, 596, 387, 665, 770, 696, 756, 703, 755, 780]","[5, 4, 4, 2, 3, 4, 4, 5, 0, 5, 5, 5, 5, 1, 4, 5]","[0, -3, -4, -5, -4, -4, -3, -2, -5, -2, -1, -2, 0, -5, -3, -2]",40.9,24.5,41194.0,"[44906.0, 45547.0, 45803.0, 46491.0, 46619.0, 46331.0, 46187.0, 46027.0, 46027.0, 44906.0, 45115.0, 45739.0, 45931.0, 45659.0, 45499.0, 45851.0, 45002.0, 44746.0, 45691.0, 46091.0]",[]
23,2,False,1293,499,-9,-3,[],[],[],[],"[1061, 636, 1013, 866, 534]","[1061, 636, 1013, 866, 534]","[75, 150, -194, 126, 276]","[5, 21, 74, -6, -64]","[922, 1284, 966, 998, 1188, 1171, 976, 1103, 1101, 739, 1190, 771, 1176, 956, 581]","[259, 267, 189, 79, 284, 460, 556, 287, 625, 750, 656, 756, 603, 695, 740]","[5, 5, 5, 3, 4, 4, 5, 1, 5, 5, 5, 5, 1, 4, 5]","[0, -3, -3, -4, -4, -3, -2, -5, -2, -1, -2, 0, -5, -3, -2]",40.9,24.5,41258.0,"[45883.0, 45147.0, 45323.0, 45995.0, 45275.0, 45787.0, 45851.0, 46235.0, 45387.0, 46059.0, 45339.0, 45931.0, 45723.0, 45227.0, 44778.0, 45483.0, 46507.0, 45771.0, 45387.0, 45147.0]",[]
24,0,False,1141,396,-7,-6,[],[],[],[],"[1062, 687, 911, 891, 634]","[1062, 687, 911, 891, 634]","[-13, 149, -253, 43, 278]","[-18, -10, 44, -36, -85]","[1022, 1384, 1066, 1268, 1076, 1141, 1201, 839, 1290, 871, 1036, 681]","[264, 207, 145, 224, 516, 188, 585, 730, 616, 756, 635, 700]","[5, 5, 5, 4, 5, 3, 5, 5, 5, 5, 4, 5]","[1, -3, -2, -3, -2, -4, -2, -1, -2, 0, -3, -2]",40.9,24.5,41466.0,"[45531.0, 45675.0, 45387.0, 46107.0, 44906.0, 45083.0, 44842.0, 45387.0, 45883.0, 45739.0, 46427.0, 46427.0, 45611.0, 45339.0, 45195.0, 45851.0, 45499.0, 45755.0, 46091.0, 45115.0]",[]
25,0,False,973,403,-7,5,[1021],[453],[-4],[3],"[1030, 730, 791, 885, 734]","[1030, 730, 791, 885, 734]","[-85, 130, -291, -21, 285]","[-58, -51, -11, -58, -93]","[1122, 1484, 1166, 1348, 1176, 1201, 1301, 939, 1390, 971, 1116, 781, 1050, 828, 965, 980, 723]","[284, 152, 105, 164, 476, 108, 545, 710, 576, 756, 575, 660, 625, 723, 707, 671, 633]","[5, 5, 5, 4, 5, 3, 5, 5, 5, 5, 4, 5, -3, 5, 1, 2, 2]","[1, -3, -2, -3, -2, -4, -2, -1, -2, 0, -3, -2, -4, -2, -5, -5, -5]",40.9,24.5,41546.0,"[45739.0, 45515.0, 45355.0, 45419.0, 45163.0, 45915.0, 45243.0, 45163.0, 44698.0, 45002.0, 45851.0, 45899.0, 45643.0, 45451.0, 45323.0, 45707.0, 45291.0, 45675.0, 46347.0, 45034.0]",[]
26,0,False,876,385,-5,-8,[941],[513],[-4],[3],"[972, 770, 652, 857, 832]","[972, 770, 652, 857, 832]","[-152, 116, -335, -74, 247]","[-86, -85, -53, -80, -109]","[1222, 1266, 1428, 1276, 1229, 1401, 1039, 1490, 1071, 1196, 881, 990, 928, 985, 1020, 763]","[304, 85, 104, 436, 52, 505, 690, 524, 756, 515, 620, 545, 683, 607, 571, 533]","[5, 5, 4, 5, -3, 5, 5, 5, 5, 4, 5, -3, 5, 1, 2, 2]","[1, -1, -3, -2, 3, -2, -1, -3, 0, -3, -2, -4, -2, -5, -5, -5]",40.9,24.5,41162.0,"[45307.0, 45659.0, 45963.0, 47067.0, 45483.0, 45739.0, 45787.0, 46155.0, 45979.0, 46091.0, 46379.0, 46219.0, 46219.0, 46123.0, 45595.0, 45579.0, 45483.0, 45467.0, 46107.0, 45931.0]",[]
27,0,False,756,245,-7,-6,[],[],[],[],"[810, 512, 817, 913, 911]","[810, 512, 817, 913, 911]","[102, -324, -85, 218, -14]","[-69, -58, -76, -83, 34]","[1322, 1366, 1508, 1376, 1152, 1501, 1139, 1171, 1276, 981, 930, 1028, 1005, 1060, 803, 821, 636, 884, 873, 935]","[324, 74, 29, 396, 112, 465, 670, 756, 455, 580, 465, 643, 507, 471, 433, 627, 708, 638, 612, 594]","[5, 5, 4, 5, -4, 5, 5, 5, 4, 5, -3, 5, 1, 2, 2, -2, 2, 0, -5, -2]","[1, 0, -4, -2, 3, -2, -1, 0, -3, -2, -4, -2, -5, -5, -5, -5, -5, -5, -1, -5]",40.9,24.5,41482.0,"[45483.0, 45867.0, 45723.0, 46123.0, 45467.0, 45307.0, 45099.0, 45611.0, 44810.0, 45675.0, 46027.0, 45963.0, 45771.0, 45755.0, 44730.0, 46155.0, 45819.0, 46123.0, 45963.0, 45595.0]",[]
28,0,False,580,217,-9,3,[],[],[],[],"[848, 389, 777, 993, 891]","[848, 389, 777, 993, 891]","[105, -235, -52, 210, -38]","[-33, -49, -31, -41, 67]","[1422, 1466, 1476, 1059, 1239, 1271, 1356, 1081, 870, 1128, 1023, 1100, 843, 781, 676, 875, 773, 895]","[344, 74, 356, 158, 646, 737, 377, 540, 385, 603, 407, 371, 333, 527, 608, 538, 587, 494]","[5, 5, 5, -5, 5, 5, 4, 5, -3, 5, 0, 2, 2, -2, 2, -1, -5, -2]","[1, 0, -2, 2, -2, -1, -4, -2, -4, -2, -5, -5, -5, -5, -5, -5, -2, -5]",40.9,24.5,41498.0,"[46043.0, 46219.0, 45515.0, 45659.0, 45243.0, 44810.0, 45083.0, 45115.0, 45147.0, 45707.0, 45115.0, 46299.0, 46219.0, 46347.0, 46059.0, 46571.0, 46187.0, 45739.0, 46251.0, 45259.0]",[]
29,0,False,521,369,1,9,[],[],[],[],"[887, 306, 751, 1056, 868]","[887, 306, 751, 1056, 868]","[98, -136, -34, 161, -50]","[2, -39, 19, -3, 88]","[1522, 1490, 959, 1339, 1371, 1424, 1181, 810, 1228, 1023, 1127, 883, 741, 701, 855, 673, 841]","[384, 113, 198, 606, 717, 297, 496, 305, 563, 307, 271, 233, 427, 508, 438, 547, 395]","[5, -5, -5, 5, 5, 3, 5, -3, 5, 0, 1, 2, -2, 1, -1, -5, -3]","[2, 2, 2, -2, -1, -4, -3, -4, -2, -5, -5, -5, -5, -5, -5, -2, -4]",40.9,24.5,41178.0,"[45787.0, 46491.0, 45611.0, 45387.0, 45147.0, 46011.0, 45371.0, 45419.0, 45275.0, 45675.0, 45387.0, 45659.0, 45899.0, 46571.0, 46267.0, 45851.0, 46059.0, 45643.0, 46043.0, 44554.0]",[]
30,0,False,424,372,-9,-2,[],[],[],[],"[911, 269, 731, 1108, 832]","[911, 269, 731, 1108, 832]","[84, -17, -16, 133, -63]","[21, -20, 69, 40, 100]","[1390, 859, 1439, 1471, 1484, 1281, 748, 1328, 1023, 1147, 923, 701, 721, 835, 573, 781, 825, 406, 698, 994, 853]","[150, 238, 566, 686, 213, 436, 225, 522, 207, 171, 133, 327, 408, 338, 507, 315, 572, 618, 660, 591, 611]","[-5, -5, 5, 5, 3, 5, -4, 5, 0, 1, 2, -2, 1, -1, -5, -3, -5, 3, -5, -5, -3]","[1, 2, -2, -2, -5, -3, -4, -3, -5, -5, -5, -5, -5, -5, -2, -4, -2, -4, 1, -1, -4]",40.9,24.5,41578.0,"[46059.0, 45163.0, 46219.0, 45275.0, 44458.0, 45595.0, 45883.0, 45643.0, 45803.0, 45851.0, 45515.0, 46139.0, 45771.0, 45915.0, 46123.0, 45531.0, 46283.0, 45819.0, 45979.0, 46091.0]",[]
31,0,False,264,432,-9,-3,[348],[492],[-4],[4],"[931, 276, 714, 1139, 792]","[931, 276, 714, 1139, 792]","[62, 88, -2, 57, -62]","[63, -2, 100, 70, 132]","[1290, 759, 1527, 1368, 668, 1424, 1023, 1147, 955, 661, 741, 815, 473, 713, 725, 466, 598, 894, 793]","[170, 278, 113, 376, 145, 462, 107, 71, 33, 227, 308, 238, 467, 235, 532, 520, 680, 571, 531]","[-5, -5, 2, 4, -4, 4, 0, 0, 1, -2, 1, -1, -5, -4, -5, 3, -5, -5, -3]","[1, 2, -5, -3, -4, -3, -5, -5, -5, -5, -5, -5, -2, -4, -2, -5, 1, -1, -4]",40.8,24.4,41194.0,"[46747.0, 46027.0, 46667.0, 45723.0, 45531.0, 45371.0, 45355.0, 44426.0, 45259.0, 45291.0, 46091.0, 45595.0, 45963.0, 45915.0, 44970.0, 44506.0, 44234.0, 44842.0, 45643.0, 45483.0]",[]
32,0,False,84,365,-9,-2,[],[],[],[],"[936, 703, 1137, 752]","[936, 703, 1137, 752]","[22, -2, -19, -82]","[67, 118, 101, 140]","[1190, 659, 1448, 588, 1504, 1023, 621, 761, 795, 373, 633, 625, 526, 498, 794, 733, 943, 287, 689, 1135, 776]","[190, 314, 316, 77, 402, 7, 127, 208, 138, 427, 169, 492, 420, 686, 551, 451, 611, 658, 631, 646, 739]","[-5, -5, 4, -4, 4, 0, -2, 1, -1, -5, -4, -5, 3, -5, -5, -3, -4, -5, -5, -5, -4]","[1, 1, -3, -3, -3, -5, -5, -5, -5, -2, -3, -2, -5, 0, -1, -4, -3, 0, -3, 0, -4]",40.8,24.4,41194.0,"[46427.0, 46395.0, 45483.0, 45595.0, 44970.0, 46139.0, 46427.0, 46267.0, 46555.0, 46027.0, 46107.0, 45835.0, 45339.0, 45851.0, 46059.0, 45547.0, 45515.0, 45707.0, 45531.0, 45899.0]",[]
33,0,False,12,352,0,0,[],[],[],[],"[919, 686, 1099, 698]","[919, 686, 1099, 698]","[-53, -29, -127, -120]","[68, 81, 87, 110]","[1090, 559, 1528, 508, 563, 781, 756, 273, 540, 525, 566, 398, 694, 665, 863, 187, 589, 1035, 696]","[210, 334, 244, 17, 27, 108, 38, 387, 116, 452, 320, 686, 531, 371, 551, 658, 571, 646, 659]","[-5, -5, 4, -4, -3, 1, -2, -5, -5, -5, 2, -5, -5, -4, -4, -5, -5, -5, -4]","[1, 1, -4, -3, -5, -5, -5, -2, -2, -2, -5, 0, -1, -4, -3, 0, -3, 0, -4]",40.8,24.4,41306.0,"[44762.0, 45787.0, 45435.0, 46683.0, 46395.0, 46139.0, 45371.0, 45595.0, 46091.0, 45787.0, 46059.0, 45611.0, 46027.0, 45755.0, 45691.0, 46107.0, 44810.0, 45771.0, 45531.0, 44746.0]",[]
34,0,False,72,434,6,7,[],[],[],[],"[878, 652, 1016, 638]","[878, 652, 1016, 638]","[-101, -62, -223, -136]","[59, 50, 68, 64]","[990, 459, 787, 173, 440, 425, 606, 298, 594, 585, 783, 87, 489, 935, 616]","[230, 354, 8, 347, 76, 424, 220, 686, 511, 291, 491, 658, 511, 646, 579]","[-5, -5, 0, -5, -5, -5, 2, -5, -5, -4, -4, -5, -5, -5, -4]","[1, 1, -5, -2, -2, -1, -5, 0, -1, -4, -3, 0, -3, 0, -4]",40.8,24.4,41482.0,"[46219.0, 46187.0, 45323.0, 46107.0, 45275.0, 45803.0, 45547.0, 45307.0, 45755.0, 45627.0, 45707.0, 45515.0, 45163.0, 45451.0, 44954.0, 44698.0, 44698.0, 45755.0, 45659.0, 44874.0]",[]
35,0,False,239,516,9,4,[],[],[],[],"[817, 612, 903, 578, 689]","[817, 612, 903, 578, 689]","[-148, -74, -298, -143, -26]","[43, 20, 70, 6, -28]","[890, 359, 73, 340, 325, 646, 198, 494, 505, 703, 389, 835, 536, 822, 599, 954, 581, 657]","[250, 374, 315, 55, 404, 120, 686, 491, 211, 431, 451, 646, 499, 630, 722, 661, 777, 725]","[-5, -5, -5, -5, -5, 2, -5, -5, -4, -4, -5, -5, -4, -5, -5, -5, -5, -5]","[1, 1, -1, -1, -1, -5, 0, -1, -4, -3, -3, 0, -4, -3, -1, -2, -2, -1]",40.8,24.4,41130.0,"[45371.0, 45771.0, 45643.0, 45835.0, 45435.0, 46491.0, 45307.0, 45675.0, 45259.0, 45403.0, 45531.0, 45787.0, 45275.0, 45851.0, 46139.0, 45851.0, 44682.0, 45595.0, 45787.0, 45275.0]",[]
36,0,False,351,568,0,0,[],[],[],[],"[740, 572, 761, 518, 662]","[740, 572, 761, 518, 662]","[-180, -77, -356, -136, -51]","[30, -4, 38, -40, -32]","[790, 259, 240, 225, 670, 98, 394, 425, 623, 289, 735, 456, 722, 499, 854, 481, 557]","[270, 394, 49, 384, 20, 677, 471, 136, 371, 410, 646, 430, 571, 702, 621, 737, 705]","[-5, -5, -5, -5, 1, -5, -5, -4, -4, -5, -5, -4, -5, -5, -5, -5, -5]","[1, 1, 0, -1, -5, -1, -1, -3, -3, -2, 0, -3, -2, -1, -2, -2, -1]",40.8,24.4,41610.0,"[45291.0, 45515.0, 45083.0, 45515.0, 45787.0, 45707.0, 46827.0, 45547.0, 45547.0, 45243.0, 45355.0, 45083.0, 45195.0, 44986.0, 46139.0, 45387.0, 45771.0, 46155.0, 45675.0, 45915.0]",[]
37,0,False,369,572,9,1,[],[],[],[],"[660, 601, 458, 639]","[660, 601, 458, 639]","[-176, -360, -102, -21]","[24, 29, -64, -43]","[690, 159, 140, 125, 294, 345, 543, 189, 635, 376, 622, 399, 754, 381, 457, 685, 567, 670, 520, 647]","[290, 432, 49, 364, 451, 76, 311, 370, 646, 370, 531, 682, 593, 695, 685, 685, 668, 698, 735, 694]","[-5, -5, -5, -5, -5, -4, -4, -5, -5, -4, -5, -5, -5, -5, -5, -5, -2, -4, -1, -5]","[1, 2, 0, -1, -1, -3, -3, -2, 0, -3, -2, -1, -1, -3, -1, 0, -5, -3, -5, 0]",40.8,24.5,41210.0,"[45467.0, 45611.0, 45755.0, 45499.0, 45467.0, 45275.0, 45979.0, 46059.0, 45723.0, 45451.0, 45803.0, 45787.0, 45963.0, 45899.0, 45291.0, 45483.0, 45611.0, 45147.0, 45659.0, 45499.0]",[]
38,-1,False,452,476,0,0,[],[],[],[],"[584, 457, 425, 628]","[584, 457, 425, 628]","[-140, -296, -24, 18]","[44, 59, -60, -2]","[590, 59, 40, 25, 194, 265, 444, 89, 535, 296, 299, 654, 281, 357, 585, 527, 590, 500, 547]","[310, 472, 64, 344, 431, 16, 251, 330, 646, 310, 655, 573, 635, 665, 685, 568, 638, 635, 694]","[-5, -5, -5, -5, -5, -4, -5, -5, -5, -4, -5, -5, -5, -5, -5, -2, -4, -1, -5]","[1, 2, 1, -1, -1, -3, -3, -2, 0, -3, -2, -1, -3, -1, 0, -5, -3, -5, 0]",40.8,24.5,41178.0,"[45755.0, 45627.0, 46043.0, 46299.0, 47115.0, 46747.0, 45851.0, 46027.0, 45867.0, 45963.0, 46539.0, 46027.0, 46283.0, 45771.0, 45611.0, 46155.0, 45851.0, 45803.0, 45707.0, 45915.0]",[]
39,-2,False,456,422,0,0,[],[],[],[],"[527, 345, 425, 633]","[527, 345, 425, 633]","[-94, -220, 72, 66]","[60, 69, -34, 25]","[490, 94, 344, 435, 216, 199, 554, 181, 257, 485, 510, 480, 447]","[337, 411, 191, 646, 250, 615, 553, 575, 638, 685, 578, 535, 694]","[-5, -5, -5, -5, -4, -5, -5, -5, -5, -5, -4, -1, -5]","[2, -1, -3, 0, -3, -2, -1, -3, -2, 0, -3, -5, 0]",40.8,24.5,41226.0,"[45643.0, 45835.0, 45995.0, 45339.0, 45131.0, 44586.0, 46107.0, 45163.0, 45387.0, 46107.0, 45915.0, 45451.0, 45579.0, 45291.0, 45595.0, 45227.0, 45499.0, 45963.0, 45643.0, 45723.0]",[]
40,-4,False,456,422,0,0,[],[],[],[],"[491, 266, 459, 653, 1005]","[491, 266, 459, 653, 1005]","[-46, -115, 152, 94, -47]","[86, 61, -15, 72, 3]","[244, 335, 136, 99, 454, 81, 157, 385, 430, 347, 593, 315, 572, 578, 992]","[131, 633, 190, 575, 521, 515, 598, 685, 518, 694, 610, 688, 633, 656, 725]","[-5, -5, -4, -5, -5, -5, -5, -5, -4, -5, 1, -3, 5, -5, -4]","[-3, -1, -3, -2, -2, -3, -2, 0, -3, 0, -5, -4, -3, 0, -3]",40.8,24.5,41178.0,"[45355.0, 45643.0, 45531.0, 45563.0, 46667.0, 46219.0, 46139.0, 45963.0, 46027.0, 45675.0, 45899.0, 46299.0, 46555.0, 46411.0, 46331.0, 45355.0, 45467.0, 45627.0, 45787.0, 45979.0]",[]
41,-5,False,456,422,0,0,[],[],[],[],"[480, 233, 528, 690, 968]","[480, 233, 528, 690, 968]","[27, 13, 235, 128, -92]","[129, 76, 14, 75, -8]","[144, 235, 56, 354, 57, 285, 247, 613, 255, 653, 478, 912]","[71, 613, 130, 481, 558, 683, 694, 510, 608, 573, 656, 665]","[-5, -5, -4, -5, -5, -5, -5, 1, -3, 4, -5, -4]","[-3, -1, -3, -2, -2, -1, 0, -5, -4, -3, 0, -3]",40.8,24.5,41546.0,"[45675.0, 45739.0, 45483.0, 44634.0, 45291.0, 45659.0, 45771.0, 46011.0, 46219.0, 45579.0, 45835.0, 46011.0, 45643.0, 45979.0, 46379.0, 45995.0, 46395.0, 45451.0, 44954.0, 45819.0]",[]
