,Time,HP,Power up,Player x,Player y,Player speed_x,Player speed_y,Player bullet x,Player bullet y,Player bullet speed_x,Player bullet speed_y,Enemy x,Enemy y,Enemy speed_x,Enemy speed_y,Enemy bullet x,Enemy bullet y,Enemy bullet speed_x,Enemy bullet speed_y
0,0.02,10,False,951,361,-9,1,[],[],[],[],[1604],[1604],[-8],[-2],[],[],[],[]
1,0.27,10,False,771,336,-9,0,[],[],[],[],[1557],[1557],[-168],[-38],[],[],[],[]
2,0.52,10,False,591,378,-9,3,[],[],[],[],"[1450, 1581]","[1450, 1581]","[-307, -8]","[-58, -1]",[],[],[],[]
3,0.76,10,False,626,502,8,5,[],[],[],[],"[1297, 1538]","[1297, 1538]","[-398, -139]","[-56, 1]",[],[],[],[]
4,0.99,10,False,786,602,8,5,[],[],[],[],"[1117, 1452, 82]","[1117, 1452, 82]","[-439, -238, 9]","[-36, 21, 1]",[],[],[],[]
5,1.24,10,False,959,656,9,0,[],[],[],[],"[937, 1330, 113]","[937, 1330, 113]","[-444, -314, 189]","[1, 41, 21]",[],[],[],[]
6,1.48,10,False,1083,543,2,-9,[],[],[],[],"[757, 1183, 216, 136]","[757, 1183, 216, 136]","[-413, -364, 360, 9]","[41, 61, 41, 1]",[],[],[],[]
7,1.72,10,False,982,455,-9,3,[],[],[],[],"[595, 1023, 382, 167]","[595, 1023, 382, 167]","[-345, -383, 505, 187]","[81, 81, 61, 21]",[],[],[],[]
8,1.97,10,False,817,534,-9,3,[895],[568],[-6],[3],"[465, 863, 595, 264, 775]","[465, 863, 595, 264, 775]","[-272, -393, 588, 325, 0]","[80, 79, 59, 19, 0]",[],[],[],[]
9,2.22,10,False,637,580,-9,2,[775],[628],[-6],[3],"[362, 703, 830, 406, 775]","[362, 703, 830, 406, 775]","[-193, -387, 609, 420, 0]","[60, 59, 39, -1, 0]",[],[],[],[]
10,2.47,10,False,457,615,-9,1,[665],[688],[-5],[3],"[296, 543, 1061, 579, 775]","[296, 543, 1061, 579, 775]","[-94, -351, 583, 485, 0]","[40, 39, 19, -21, 0]",[],[],[],[]
11,2.72,10,False,281,586,-8,-5,[565],[748],[-5],[3],"[270, 408, 1271, 772, 775]","[270, 408, 1271, 772, 775]","[6, -283, 512, 513, 0]","[20, 19, -1, -27, 0]",[],[],[],[]
12,2.97,10,False,176,436,-2,-9,[465],[808],[-5],[3],"[284, 302, 1445, 972, 775]","[284, 302, 1445, 972, 775]","[106, -191, 402, 501, 0]","[0, -1, -21, -27, 0]",[],[],[],[]
13,3.22,10,False,298,333,9,0,[365],[868],[-5],[3],"[341, 239, 1569, 1152, 775]","[341, 239, 1569, 1152, 775]","[228, -61, 286, 473, 22]","[2, 1, -19, -5, 22]",[],[],[],[]
14,3.47,10,False,478,335,9,1,[265],[928],[-5],[3],"[448, 238, 1649, 1324, 782]","[448, 238, 1649, 1324, 782]","[353, 99, 166, 427, 62]","[22, 21, 1, 35, 62]",[],[],[],[]
15,3.72,10,False,658,364,9,2,[165],[988],[-5],[3],"[601, 300, 1678, 1472, 804]","[601, 300, 1678, 1472, 804]","[451, 249, 31, 351, 102]","[42, 41, 21, 75, 82]",[],[],[],[]
16,3.97,10,False,805,474,5,8,[65],[1048],[-5],[3],"[788, 419, 1652, 1581, 844]","[788, 419, 1652, 1581, 844]","[516, 381, -106, 247, 142]","[62, 61, 41, 115, 102]",[],[],[],[]
17,4.22,10,False,893,634,5,8,[944],[687],[3],[5],"[988, 584, 1574, 1644, 901]","[988, 584, 1574, 1644, 901]","[542, 485, -226, 127, 169]","[82, 70, 61, 143, 122]",[],[],[],[]
18,4.47,10,False,1006,720,8,4,[1004],[787],[3],[5],"[1188, 781, 1450, 1657, 961]","[1188, 781, 1450, 1657, 961]","[506, 529, -350, -15, 167]","[80, 48, 59, 141, 109]",[],[],[],[]
19,4.72,10,False,1174,652,8,-5,[1064],[902],[3],[6],"[1361, 981, 1275, 1607, 1009]","[1361, 981, 1275, 1607, 1009]","[414, 515, -461, -175, 127]","[55, 8, 39, 117, 69]",[],[],[],[]
20,4.97,10,False,1332,550,7,-6,[1124],[1022],[3],[6],"[1491, 1168, 1064, 1495, 1042]","[1491, 1168, 1064, 1495, 1042]","[289, 464, -535, -325, 87]","[15, -32, 19, 77, 29]",[],[],[],[]
21,5.22,10,False,1442,451,0,0,[],[],[],[],"[1567, 1326, 831, 1329, 1060]","[1567, 1326, 831, 1329, 1060]","[147, 376, -564, -447, 47]","[-20, -64, -1, 37, -11]",[],[],[],[]
22,5.46,10,False,1275,453,-8,5,[],[],[],[],"[1582, 1444, 594, 1120, 1060]","[1582, 1444, 594, 1120, 1060]","[-13, 261, -545, -531, 7]","[-40, -84, -21, -3, -51]",[],[],[],[]
23,5.71,10,False,1150,589,-5,8,[],[],[],[],"[1537, 1513, 381, 888, 1043]","[1537, 1513, 381, 888, 1043]","[-144, 147, -460, -549, -11]","[-38, -82, -19, -21, -64]",[],[],[],[]
24,5.96,10,False,1067,720,-4,8,[1125],[775],[-3],[6],"[1449, 1541, 217, 668, 1023]","[1449, 1541, 217, 668, 1023]","[-242, 47, -317, -504, -11]","[-18, -44, 1, -21, -44]",[],[],[],[]
25,6.21,10,False,1106,718,9,-1,[1066],[894],[-2],[5],"[1325, 1529, 114, 474, 1003]","[1325, 1529, 114, 474, 1003]","[-317, -53, -147, -416, -11]","[2, -4, 21, -10, -24]",[],[],[],[]
26,6.46,10,False,1272,644,8,-4,[1026],[994],[-2],[5],"[1176, 1477, 83, 323, 983]","[1176, 1477, 83, 323, 983]","[-367, -153, 33, -293, -11]","[22, 36, 41, 10, -4]",[],[],[],[]
27,6.72,10,False,1157,667,-9,3,[],[],[],[],"[1016, 1387, 125, 225, 963]","[1016, 1387, 125, 225, 963]","[-384, -238, 213, -145, -11]","[42, 76, 61, 30, 16]",[],[],[],[]
28,6.98,10,False,983,720,-8,5,[],[],[],[],"[856, 1265, 233, 188, 943]","[856, 1265, 233, 188, 943]","[-393, -325, 359, -7, -16]","[40, 94, 59, 28, 14]","[1030, 1337, 267, 290, 1032]","[827, 756, 864, 915, 805]","[5, -3, 5, 5, 4]","[-3, -5, 0, 0, -4]"
29,7.25,10,False,842,720,-6,7,[],[],[],[],"[696, 1111, 389, 201]","[696, 1111, 389, 201]","[-385, -400, 460, 113]","[20, 94, 39, 8]","[1130, 1277, 367, 390, 1097]","[767, 669, 864, 915, 725]","[5, -3, 5, 5, 3]","[-3, -4, 0, 0, -4]"
30,7.52,10,False,696,679,-6,-7,[],[],[],[],"[538, 931, 579, 261, 1840]","[538, 931, 579, 261, 1840]","[-347, -443, 527, 233, -10]","[0, 74, 19, -12, -1]","[1217, 1217, 467, 490, 1157, 575, 965, 619, 308, 1884]","[707, 589, 864, 915, 645, 851, 858, 878, 908, 869]","[4, -3, 5, 5, 3, 2, -5, 5, 5, -5]","[-3, -4, 0, 0, -4, -5, -2, 1, -2, 0]"
31,7.79,10,False,595,559,0,0,[],[],[],[],"[404, 740, 786, 365, 1769]","[404, 740, 786, 365, 1769]","[-279, -449, 554, 333, -210]","[-20, 54, -1, -32, -21]","[1297, 1157, 567, 590, 1217, 615, 865, 719, 408, 1784]","[647, 509, 864, 915, 565, 751, 818, 898, 868, 869]","[4, -3, 5, 5, 3, 2, -5, 5, 5, -5]","[-3, -4, 0, 0, -4, -5, -2, 1, -2, 0]"
32,8.08,9,False,660,696,7,6,[],[],[],[],"[300, 560, 997, 504, 1637]","[300, 560, 997, 504, 1637]","[-187, -418, 538, 408, -390]","[-21, 34, -21, -52, -21]","[1377, 1078, 667, 690, 1277, 765, 819, 508, 1684]","[587, 429, 864, 915, 485, 778, 901, 828, 869]","[4, -4, 5, 5, 3, -5, 5, 5, -5]","[-3, -4, 0, 0, -4, -2, 0, -2, 0]"
33,8.35,9,False,750,720,8,5,[],[],[],[],"[239, 399, 1197, 672, 1441]","[239, 399, 1197, 672, 1441]","[-56, -328, 504, 477, -516]","[1, 36, -19, -43, 1]","[1457, 998, 767, 790, 1337, 665, 919, 608, 1584, 362, 541, 1080, 571, 1528]","[512, 355, 864, 915, 392, 738, 901, 788, 869, 826, 825, 871, 870, 808]","[4, -4, 5, 5, 3, -5, 5, 5, -5, 5, 3, -5, -5, -5]","[-4, -3, 0, 0, -5, -2, 0, -2, 0, 1, -5, 2, 2, 0]"
34,8.64,9,False,929,720,9,2,[],[],[],[],"[241, 285, 1378, 865, 1209]","[241, 285, 1378, 865, 1209]","[104, -194, 449, 527, -580]","[41, 56, 20, -3, 41]","[1537, 918, 867, 890, 1390, 565, 1019, 708, 1484, 462, 601, 980, 471, 1428]","[432, 295, 864, 915, 292, 698, 901, 748, 869, 846, 725, 911, 910, 808]","[4, -4, 5, 5, 2, -5, 5, 5, -5, 5, 3, -5, -5, -5]","[-4, -3, 0, 0, -5, -2, 0, -2, 0, 1, -5, 2, 2, 0]"
35,8.93,9,False,1109,720,9,2,[],[],[],[],"[305, 229, 1530, 1065, 969]","[305, 229, 1530, 1065, 969]","[253, -41, 360, 537, -598]","[81, 76, 60, 37, 81]","[1599, 838, 967, 990, 1430, 465, 1119, 808, 1384, 562, 661, 880, 371, 1328, 351, 283, 1565, 1096, 1006]","[352, 235, 864, 915, 192, 658, 901, 708, 869, 866, 633, 951, 950, 808, 817, 921, 837, 808, 809]","[3, -4, 5, 5, 2, -5, 5, 5, -5, 5, 3, -5, -5, -5, 5, 5, -5, -4, 0]","[-4, -3, 0, 0, -5, -2, 0, -2, 0, 1, -4, 2, 2, 0, -2, 0, -1, 4, -5]"
36,9.25,9,False,1237,720,-7,6,[],[],[],[],"[425, 236, 1641, 1265, 729]","[425, 236, 1641, 1265, 729]","[384, 119, 245, 507, -567]","[117, 96, 83, 77, 118]","[1659, 755, 1067, 1090, 1470, 365, 1219, 908, 1284, 662, 721, 780, 272, 1228, 451, 383, 1465, 1020, 1006]","[272, 175, 864, 915, 92, 611, 901, 669, 869, 884, 553, 991, 993, 808, 777, 921, 817, 888, 709]","[3, -5, 5, 5, 2, -5, 5, 5, -5, 5, 3, -5, -4, -5, 5, 5, -5, -3, 0]","[-4, -3, 0, 0, -5, -3, 0, -1, 0, 0, -4, 2, 3, 0, -2, 0, -1, 4, -5]"
37,9.58,9,False,1105,720,-7,6,[1193],[823],[-4],[3],"[591, 306, 1702, 1444, 507]","[591, 306, 1702, 1444, 507]","[486, 269, 110, 438, -488]","[137, 102, 103, 112, 138]","[1719, 655, 1167, 1190, 277, 1319, 1008, 1184, 762, 781, 680, 225, 1128, 551, 483, 1365, 960, 1006]","[192, 118, 864, 915, 551, 901, 649, 869, 884, 473, 1031, 1072, 808, 750, 921, 797, 968, 609]","[3, -5, 5, 5, -4, 5, 5, -5, 5, 3, -5, 2, -5, 5, 5, -5, -3, 0]","[-4, -2, 0, 0, -3, 0, -1, 0, 0, -4, 2, 4, 0, -1, 0, -1, 4, -5]"
38,9.9,9,False,928,720,-9,2,[1113],[886],[-4],[3],"[788, 429, 1704, 1587, 322]","[788, 429, 1704, 1587, 322]","[530, 377, -52, 315, -391]","[135, 80, 101, 110, 136]","[1774, 555, 1267, 1290, 197, 1419, 1108, 1084, 862, 857, 580, 1028, 651, 583, 1265, 889, 1006, 784, 461, 1691, 1510, 506]","[104, 78, 864, 915, 491, 891, 629, 869, 884, 393, 1064, 808, 730, 921, 777, 1048, 509, 899, 971, 886, 864, 920]","[2, -5, 5, 5, -4, 5, 5, -5, 5, 4, -5, -5, 5, 5, -5, -4, 0, 5, 5, -5, -5, 5]","[-5, -2, 0, 0, -3, -1, -1, 0, 0, -4, 1, 0, -1, 0, -1, 4, -5, -1, -2, -1, -1, 1]"
39,10.2,8,False,757,720,-8,5,[1033],[946],[-4],[3],"[988, 584, 1635, 1670, 178]","[988, 584, 1635, 1670, 178]","[516, 440, -227, 152, -279]","[101, 40, 79, 90, 103]","[1769, 455, 1367, 1390, 117, 1519, 1208, 984, 962, 937, 928, 683, 1165, 1006, 884, 561, 1591, 1410, 606]","[9, 50, 864, 910, 414, 867, 609, 860, 884, 313, 808, 921, 757, 409, 879, 931, 866, 844, 940]","[-4, -5, 5, 5, -4, 5, 5, -5, 5, 4, -5, 5, -5, 0, 5, 5, -5, -5, 5]","[-3, -1, 0, -1, -4, -2, -1, -1, 0, -4, 0, 0, -1, -5, -1, -2, -1, -1, 1]"
40,10.5,8,False,627,720,-4,8,[953],[1006],[-4],[3],"[1176, 760, 1501, 1682, 85]","[1176, 760, 1501, 1682, 85]","[463, 469, -380, -28, -142]","[61, 0, 39, 69, 63]","[355, 1467, 1490, 56, 1608, 1308, 884, 1062, 1017, 828, 783, 1065, 1006, 984, 661, 1491, 1310, 706, 1210, 792, 1531, 1726, 134]","[47, 848, 890, 334, 813, 589, 840, 884, 233, 794, 921, 737, 309, 859, 891, 846, 824, 947, 987, 1004, 951, 951, 991]","[-5, 5, 5, -3, 3, 5, -5, 5, 4, -5, 5, -5, 0, 5, 5, -5, -5, 5, -5, -3, -5, -5, 5]","[0, -1, -1, -4, -4, -1, -1, 0, -4, -1, 0, -1, -5, -1, -2, -1, -1, 0, -1, -5, -1, 0, -2]"
41,10.81,8,False,704,720,7,6,[873],[1066],[-4],[3],"[1333, 940, 1312, 1625, 50]","[1333, 940, 1312, 1625, 50]","[374, 462, -501, -199, 8]","[21, -40, -1, 29, 23]","[255, 1567, 1590, 12, 1616, 1408, 784, 1162, 1097, 728, 883, 965, 997, 1084, 761, 1391, 1210, 806, 1110, 735, 1431, 1626, 234]","[71, 828, 870, 239, 716, 569, 820, 884, 161, 774, 921, 717, 209, 839, 851, 826, 804, 947, 967, 904, 931, 951, 951]","[-5, 5, 5, -1, -2, 5, -5, 5, 4, -5, 5, -5, -1, 5, 5, -5, -5, 5, -5, -2, -5, -5, 5]","[2, -1, -1, -5, -5, -1, -1, 0, -3, -1, 0, -1, -5, -1, -2, -1, -1, 0, -1, -5, -1, 0, -2]"
42,11.13,7,False,858,720,8,4,[],[],[],[],"[1450, 1107, 1083, 1502, 76]","[1450, 1107, 1083, 1502, 76]","[258, 420, -580, -351, 162]","[-19, -80, -37, -11, -17]","[180, 1667, 1690, 54, 1536, 1508, 684, 1262, 1177, 628, 983, 964, 1184, 861, 1291, 1110, 906, 1010, 695, 1331, 1526, 334]","[142, 808, 850, 161, 653, 549, 800, 884, 101, 754, 921, 109, 814, 811, 806, 784, 947, 947, 804, 911, 951, 911]","[-3, 5, 5, 5, -5, 5, -5, 5, 4, -5, 5, -2, 5, 5, -5, -5, 5, -5, -2, -5, -5, 5]","[5, -1, -1, -1, -2, -1, -1, 0, -3, -1, 0, -5, -2, -2, -1, -1, 0, -1, -5, -1, 0, -2]"
43,11.45,7,False,1014,720,7,6,[1022],[818],[5],[3],"[1517, 1253, 843, 1328, 163]","[1517, 1253, 843, 1328, 163]","[143, 369, -590, -452, 324]","[-37, -88, -35, -14, -35]","[159, 1767, 1790, 154, 1436, 1608, 584, 1362, 1260, 528, 1083, 899, 1284, 961, 1191, 1010, 1006, 910, 655, 1231, 1426, 434, 1500, 1182, 967, 1403, 208]","[242, 788, 830, 169, 622, 529, 780, 884, 41, 734, 921, 30, 774, 771, 786, 764, 947, 927, 704, 891, 951, 871, 934, 909, 879, 923, 978]","[0, 5, 5, 5, -5, 5, -5, 5, 5, -5, 5, -4, 5, 5, -5, -5, 5, -5, -2, -5, -5, 5, -3, -4, -3, -5, 5]","[5, -1, -1, 1, -1, -1, -1, 0, -3, -1, 0, -3, -2, -2, -1, -1, 0, -1, -5, -1, 0, -2, -4, -3, -4, -1, 0]"
44,11.78,7,False,1181,720,9,1,[],[],[],[],"[1543, 1380, 608, 316]","[1543, 1380, 608, 316]","[43, 308, -533, 478]","[-37, -68, -15, -35]","[172, 1867, 1890, 254, 1336, 1708, 484, 1462, 428, 1183, 806, 1384, 1061, 1091, 910, 1106, 810, 615, 1131, 1326, 534, 1440, 1102, 907, 1303, 308]","[342, 768, 799, 203, 602, 509, 760, 884, 714, 921, 29, 734, 731, 766, 744, 947, 907, 604, 871, 951, 831, 854, 849, 799, 903, 978]","[2, 5, 5, 5, -5, 5, -5, 5, -5, 5, -3, 5, 5, -5, -5, 5, -5, -2, -5, -5, 5, -3, -4, -3, -5, 5]","[5, -1, -2, 2, -1, -1, -1, 0, -1, 0, 4, -2, -2, -1, -1, 0, -1, -5, -1, 0, -2, -4, -3, -4, -1, 0]"
45,12.12,7,False,1351,720,0,0,[],[],[],[],"[1529, 1476, 404, 522, 720]","[1529, 1476, 404, 522, 720]","[-57, 225, -433, 598, 3]","[-21, -48, 5, -21, -1]","[222, 354, 1236, 1756, 384, 1562, 328, 1283, 794, 1484, 1161, 991, 810, 1206, 710, 584, 1031, 1226, 634, 1380, 1022, 847, 1203, 408, 1573, 1519, 444, 565, 760]","[435, 243, 602, 547, 740, 884, 694, 919, 127, 694, 691, 746, 724, 947, 887, 504, 851, 951, 791, 774, 788, 719, 883, 978, 927, 839, 877, 922, 1044]","[3, 5, -5, -3, -5, 5, -5, 5, 1, 5, 5, -5, -5, 5, -5, -1, -5, -5, 5, -3, -4, -3, -5, 5, -3, 1, 5, 5, 5]","[4, 2, 0, 4, -1, 0, -1, -1, 5, -2, -2, -1, -1, 0, -1, -5, -1, 0, -2, -4, -4, -4, -1, 0, -4, -5, 0, -2, -1]"
46,12.45,7,False,1519,718,9,-1,[],[],[],[],"[1475, 1536, 248, 771, 725]","[1475, 1536, 248, 771, 725]","[-157, 125, -297, 674, 63]","[-1, -10, 25, -1, -11]","[295, 454, 1136, 1680, 284, 1662, 228, 1383, 828, 1584, 1261, 891, 710, 1306, 610, 570, 931, 1126, 734, 1320, 944, 787, 1103, 508, 1513, 1539, 544, 665, 860]","[513, 283, 602, 609, 720, 884, 674, 899, 227, 654, 651, 726, 704, 947, 863, 404, 831, 951, 751, 694, 708, 637, 850, 978, 847, 739, 877, 882, 1024]","[4, 5, -5, -4, -5, 5, -5, 5, 2, 5, 5, -5, -5, 5, -5, 0, -5, -5, 5, -3, -3, -3, -5, 5, -3, 1, 5, 5, 5]","[3, 2, 0, 3, -1, 0, -1, -1, 5, -2, -2, -1, -1, 0, -2, -5, -1, 0, -2, -4, -4, -5, -2, 0, -4, -5, 0, -2, -1]"
47,12.78,6,False,1584,720,0,9,[],[],[],[],"[1384, 1556, 153, 1031, 753]","[1384, 1556, 153, 1031, 753]","[-241, 25, -135, 696, 123]","[19, 30, 45, 19, -11]","[375, 554, 1036, 1600, 184, 1762, 128, 1483, 888, 1684, 1361, 791, 610, 1406, 510, 570, 831, 1026, 834, 1260, 885, 738, 1003, 608, 1453, 644, 765, 960]","[573, 323, 602, 669, 700, 884, 653, 879, 311, 614, 611, 706, 684, 947, 823, 304, 811, 951, 711, 614, 624, 537, 810, 978, 760, 877, 842, 1004]","[4, 5, -5, -4, -5, 5, -5, 5, 3, 5, 5, -5, -5, 5, -5, 0, -5, -5, 5, -3, -2, -2, -5, 5, -3, 5, 5, 5]","[3, 2, 0, 3, -1, 0, -2, -1, 4, -2, -2, -1, -1, 0, -2, -5, -1, 0, -2, -4, -5, -5, -2, 0, -5, 0, -2, -1]"
48,13.11,5,False,1588,720,1,9,[],[],[],[],"[1260, 1534, 125, 1290, 793]","[1260, 1534, 125, 1290, 793]","[-328, -97, 23, 645, 145]","[17, 48, 43, 17, -33]","[475, 654, 944, 84, 1862, 28, 1583, 960, 1784, 1461, 691, 510, 1506, 410, 595, 731, 926, 934, 1200, 852, 701, 903, 708, 1395, 744, 865, 1060, 1383, 1531, 235, 1207, 875]","[623, 363, 638, 678, 884, 611, 859, 391, 574, 571, 686, 654, 947, 783, 204, 791, 951, 671, 534, 524, 437, 770, 978, 660, 877, 802, 984, 844, 802, 886, 846, 974]","[5, 5, -3, -5, 5, -5, 5, 4, 5, 5, -5, -5, 5, -5, 2, -5, -5, 5, -3, -1, -1, -5, 5, -2, 5, 5, 5, 2, -5, 5, 1, 5]","[2, 2, 4, -2, 0, -3, -1, 4, -2, -2, -1, -2, 0, -2, -5, -1, 0, -2, -4, -5, -5, -2, 0, -5, 0, -2, -1, -5, -1, -1, -5, -2]"
49,13.45,5,False,1460,720,-7,6,[1527],[798],[-5],[3],"[1104, 1455, 154, 1514, 833]","[1104, 1455, 154, 1514, 833]","[-402, -236, 163, 526, 145]","[-3, 48, 23, -3, -73]","[575, 754, 984, 1683, 1040, 1884, 1561, 591, 410, 1606, 316, 652, 631, 826, 1034, 1140, 853, 685, 803, 808, 1355, 844, 965, 1160, 1423, 1431, 335, 1227, 975]","[663, 403, 718, 839, 471, 535, 531, 666, 614, 947, 728, 116, 758, 951, 637, 454, 424, 337, 730, 978, 560, 877, 762, 964, 744, 782, 866, 746, 934]","[5, 5, 4, 5, 4, 5, 5, -5, -5, 5, -4, 4, -5, -5, 5, -3, 1, 0, -5, 5, -2, 5, 5, 5, 2, -5, 5, 1, 5]","[2, 2, 3, -1, 4, -1, -2, -1, -2, 0, -3, -4, -2, 0, -1, -4, -5, -5, -2, 0, -5, 0, -2, -1, -5, -1, -1, -5, -2]"
50,13.78,4,False,1354,720,-5,8,[1427],[858],[-5],[3],"[924, 1326, 236, 1683, 873]","[924, 1326, 236, 1683, 873]","[-443, -352, 286, 368, 139]","[-23, 48, 3, -23, -97]","[675, 854, 1084, 1783, 1120, 1661, 491, 310, 1706, 236, 737, 531, 726, 1134, 1080, 896, 685, 703, 908, 1315, 944, 1065, 1260, 1331, 435, 1247, 1075, 968, 1366, 276, 1718, 927]","[703, 443, 752, 819, 533, 491, 646, 574, 947, 662, 53, 718, 951, 617, 374, 330, 237, 680, 978, 460, 877, 722, 944, 762, 846, 646, 894, 878, 811, 886, 885, 916]","[5, 5, 5, 5, 4, 5, -5, -5, 5, -4, 5, -5, -5, 5, -3, 3, 0, -5, 5, -2, 5, 5, 5, -5, 5, 1, 5, 5, 5, 5, -5, 5]","[2, 2, 1, -1, 3, -2, -1, -2, 0, -4, -2, -2, 0, -1, -4, -4, -5, -3, 0, -5, 0, -2, -1, -1, -1, -5, -2, -2, -2, 0, 2, 0]"
51,14.12,3,False,1176,720,-9,2,[1327],[898],[-5],[2],"[733, 1155, 363, 1783, 913]","[733, 1155, 363, 1783, 913]","[-449, -441, 391, 182, 119]","[-43, 48, -17, -43, -117]","[775, 954, 1184, 1883, 1200, 1761, 391, 212, 1806, 172, 837, 431, 626, 1234, 1020, 982, 698, 617, 1008, 1262, 1044, 1360, 1231, 535, 1267, 1175, 1068, 1466, 376, 1618, 1027]","[743, 483, 772, 799, 596, 451, 626, 523, 947, 579, 20, 678, 951, 597, 294, 271, 137, 620, 978, 363, 877, 924, 742, 826, 546, 854, 838, 771, 886, 925, 916]","[5, 5, 5, 5, 4, 5, -5, -4, 5, -3, 5, -5, -5, 5, -3, 5, 1, -4, 5, -3, 5, 5, -5, 5, 1, 5, 5, 5, 5, -5, 5]","[2, 2, 1, -1, 4, -2, -1, -3, 0, -5, -1, -2, 0, -1, -4, -2, -5, -3, 0, -4, 0, -1, -1, -1, -5, -2, -2, -2, 0, 2, 0]"
52,14.45,3,False,996,720,-9,2,[1227],[938],[-5],[2],"[553, 958, 526, 1805, 952]","[553, 958, 526, 1805, 952]","[-418, -491, 464, -18, 99]","[-57, 48, -37, -58, -121]","[875, 1054, 1284, 1280, 1861, 291, 132, 1906, 140, 937, 331, 526, 1334, 960, 1082, 742, 537, 1108, 1198, 1144, 1460, 1131, 635, 1287, 1275, 1168, 1566, 476, 1518, 1127]","[782, 523, 792, 676, 411, 606, 463, 946, 479, 12, 638, 935, 577, 214, 256, 39, 560, 978, 283, 877, 891, 722, 806, 446, 814, 798, 720, 886, 965, 916]","[5, 5, 5, 4, 5, -5, -4, 5, -1, 5, -5, -5, 5, -3, 5, 3, -4, 5, -4, 5, 5, -5, 5, 1, 5, 5, 5, 5, -5, 5]","[1, 2, 1, 4, -2, -1, -3, -1, -5, 0, -2, -1, -1, -4, 0, -4, -3, 0, -4, 0, -2, -1, -1, -5, -2, -2, -3, 0, 2, 0]"
53,14.78,3,False,816,720,-9,2,[1127],[978],[-5],[2],"[392, 758, 714, 1750, 972]","[392, 758, 714, 1750, 972]","[-327, -479, 525, -194, 90]","[-35, 70, -29, -36, -99]","[975, 1154, 1384, 1351, 191, 64, 142, 1037, 231, 426, 1434, 900, 1182, 457, 1208, 1112, 1244, 1560, 1031, 735, 1307, 1375, 1268, 1654, 576, 1418, 1227, 565, 929, 710, 1779, 973]","[802, 563, 812, 756, 567, 383, 379, 14, 598, 915, 557, 134, 273, 500, 978, 223, 869, 851, 702, 786, 346, 774, 758, 660, 886, 1002, 916, 810, 773, 810, 807, 709]","[5, 5, 5, 3, -5, -3, 1, 5, -5, -5, 5, -3, 5, -4, 5, -5, 5, 5, -5, 5, 1, 5, 5, 4, 5, -5, 5, 5, 3, 5, -5, -3]","[1, 2, 1, 4, -2, -4, -5, 1, -2, -1, -1, -4, 2, -3, 0, -2, -1, -2, -1, -1, -5, -2, -2, -3, 0, 1, 0, 0, -4, -3, -1, -5]"
54,15.11,3,False,636,720,-9,4,[1027],[1016],[-5],[1],"[279, 569, 925, 1633, 992]","[279, 569, 925, 1633, 992]","[-192, -409, 565, -331, 90]","[5, 102, 11, 4, -59]","[1075, 1254, 1364, 1408, 91, 42, 184, 1137, 131, 326, 1534, 821, 1250, 377, 1308, 1012, 1344, 1660, 931, 835, 1327, 1475, 1368, 1734, 676, 1318, 1327, 665, 989, 807, 1679, 913]","[822, 610, 839, 843, 527, 283, 284, 42, 558, 895, 537, 59, 349, 440, 978, 200, 849, 811, 682, 766, 246, 734, 715, 595, 886, 1022, 916, 810, 693, 750, 787, 609]","[5, 5, -5, 2, -5, 0, 3, 5, -5, -5, 5, -4, 2, -4, 5, -5, 5, 5, -5, 5, 1, 5, 5, 4, 5, -5, 5, 5, 3, 4, -5, -3]","[1, 3, 0, 5, -2, -5, -4, 2, -2, -1, -1, -3, 5, -3, 0, 0, -1, -2, -1, -1, -5, -2, -3, -4, 0, 1, 0, 0, -4, -3, -1, -5]"
55,15.45,3,False,475,720,-8,5,"[927, 565]","[1036, 801]","[-5, -5]","[1, 2]","[224, 417, 1145, 1467, 1012]","[224, 417, 1145, 1467, 1012]","[-37, -304, 562, -441, 90]","[45, 122, 51, 44, -19]","[1175, 1342, 1264, 1437, 115, 266, 1224, 31, 226, 1634, 731, 1251, 297, 1408, 912, 1444, 1755, 831, 935, 1329, 1575, 1468, 1794, 776, 1218, 1427, 765, 1049, 887, 1579, 853, 264, 465, 1178, 1497, 1056]","[855, 670, 839, 943, 228, 220, 100, 518, 875, 517, 5, 449, 380, 978, 201, 829, 758, 662, 746, 146, 694, 655, 509, 886, 1042, 916, 810, 613, 690, 767, 529, 772, 896, 819, 775, 771]","[5, 4, -5, 0, 5, 5, 4, -5, -5, 5, -5, -1, -4, 5, -5, 5, 4, -5, 5, 0, 5, 5, 2, 5, -5, 5, 5, 3, 4, -5, -3, 5, 5, -5, -5, -5]","[2, 3, 0, 5, 0, -2, 4, -2, -1, -1, -2, 5, -3, 0, 1, -1, -3, -1, -1, -5, -2, -3, -5, 0, 1, 0, 0, -4, -3, -1, -4, -2, 1, 0, -1, 2]"
56,15.79,3,False,362,720,-3,9,"[827, 465]","[1056, 841]","[-5, -5]","[1, 2]","[233, 313, 1352, 1264, 1032]","[233, 313, 1352, 1264, 1032]","[123, -174, 515, -513, 90]","[85, 142, 91, 84, 21]","[1275, 1422, 1164, 1425, 215, 366, 1279, 126, 1734, 1203, 210, 1508, 812, 1544, 1834, 731, 1035, 1327, 1675, 1549, 1804, 876, 1118, 1527, 865, 1109, 967, 1479, 793, 364, 565, 1078, 1397, 956]","[895, 736, 839, 1043, 252, 200, 190, 855, 497, 541, 323, 969, 223, 809, 689, 642, 726, 46, 654, 595, 409, 886, 1053, 916, 810, 533, 630, 748, 449, 751, 916, 819, 755, 811]","[5, 4, -5, -2, 5, 5, 2, -5, 5, -3, -5, 5, -5, 5, 3, -5, 5, -1, 5, 4, -1, 5, -5, 5, 5, 3, 4, -5, -3, 5, 5, -5, -5, -5]","[2, 4, 0, 5, 2, 0, 5, -1, -1, 4, -2, -1, 2, -1, -4, -1, -1, -5, -2, -3, -5, 0, 0, 0, 0, -4, -3, 0, -4, -1, 1, 0, -1, 2]"
57,16.13,3,False,425,720,7,7,"[727, 365]","[1070, 881]","[-5, -5]","[0, 2]","[305, 263, 1531, 1044, 1052]","[305, 263, 1531, 1044, 1052]","[273, -34, 428, -543, 90]","[125, 147, 111, 124, 61]","[1375, 1487, 1064, 296, 466, 1291, 26, 1834, 1126, 110, 1608, 712, 1644, 1881, 631, 1135, 1775, 1629, 1740, 976, 1018, 1627, 965, 1165, 1047, 1379, 718, 464, 665, 978, 1297, 856]","[935, 817, 839, 316, 212, 290, 828, 457, 612, 292, 949, 263, 789, 596, 630, 706, 614, 529, 329, 886, 1053, 916, 810, 437, 562, 748, 369, 731, 936, 819, 735, 851]","[5, 3, -5, 4, 5, 0, -5, 5, -4, -5, 5, -5, 5, 1, -5, 5, 5, 4, -5, 5, -5, 5, 5, 2, 4, -5, -4, 5, 5, -5, -5, -5]","[2, 5, 0, 4, 2, 5, -2, -2, 3, -1, -1, 2, -1, -5, 0, -1, -2, -4, -3, 0, 0, 0, 0, -5, -4, 0, -4, -1, 1, 0, -1, 2]"
58,16.47,2,False,591,720,9,3,"[627, 265]","[1070, 921]","[-5, -5]","[0, 2]","[430, 268, 1666, 824, 1072]","[430, 268, 1666, 824, 1072]","[381, 94, 289, -550, 57]","[129, 125, 109, 127, 79]","[1475, 1525, 964, 364, 557, 1284, 1043, 15, 1708, 613, 1744, 1877, 531, 1235, 1875, 1699, 1640, 1076, 918, 1727, 1065, 1205, 1117, 1279, 638, 765, 878, 1197, 756, 384, 327, 1594, 920, 1056]","[980, 917, 839, 396, 263, 390, 672, 314, 929, 313, 759, 496, 630, 686, 564, 449, 297, 886, 1053, 916, 810, 337, 482, 748, 297, 956, 819, 715, 891, 799, 943, 896, 842, 774]","[5, 1, -5, 3, 4, -1, -5, -3, 5, -4, 5, -2, -5, 5, 5, 3, -5, 5, -5, 5, 5, 2, 3, -5, -4, 5, -5, -5, -5, -2, 3, -5, -5, -5]","[3, 5, 0, 4, 3, 5, 3, 4, -1, 3, -2, -5, 0, -1, -3, -4, -1, 0, 0, 0, 0, -5, -4, 0, -3, 1, 0, -1, 2, -5, -4, 0, -1, -1]"
59,16.81,2,False,771,720,9,1,"[527, 165]","[1070, 961]","[-5, -5]","[0, 2]","[586, 316, 1734, 604, 1073]","[586, 316, 1734, 604, 1073]","[443, 194, 109, -531, -3]","[109, 85, 88, 107, 79]","[1557, 1531, 864, 424, 636, 1258, 943, 18, 1808, 533, 1844, 1817, 431, 1335, 1752, 1540, 1176, 818, 1827, 1165, 1244, 1177, 1179, 558, 865, 778, 1097, 656, 344, 387, 1494, 820, 956]","[1040, 1017, 839, 476, 337, 490, 725, 412, 909, 373, 719, 410, 630, 666, 357, 292, 886, 1053, 909, 810, 237, 402, 748, 237, 967, 819, 695, 931, 699, 863, 896, 822, 754]","[4, 0, -5, 3, 3, -2, -5, 3, 5, -4, 5, -4, -5, 5, 2, -5, 5, -5, 5, 5, 1, 3, -5, -4, 5, -5, -5, -5, -2, 3, -5, -5, -5]","[3, 5, 0, 4, 4, 5, 2, 5, -1, 3, -2, -3, 0, -1, -5, 0, 0, 0, -1, 0, -5, -4, 0, -3, 0, 0, -1, 2, -5, -4, 0, -1, -1]"
60,17.14,2,False,920,720,7,6,"[427, 65]","[1070, 1001]","[-5, -5]","[0, 2]","[763, 404, 1730, 393, 1050]","[763, 404, 1730, 393, 1050]","[472, 286, -71, -469, -56]","[89, 45, 48, 87, 79]","[764, 502, 696, 1218, 843, 90, 1908, 458, 1725, 331, 1435, 1780, 1440, 1276, 718, 1265, 1264, 1228, 1079, 478, 965, 678, 997, 556, 319, 447, 1394, 720, 856, 806, 444, 1760, 436, 1092]","[829, 556, 417, 590, 765, 484, 870, 449, 359, 630, 646, 257, 292, 886, 1053, 810, 137, 304, 748, 177, 967, 819, 675, 953, 599, 783, 896, 802, 734, 934, 1031, 954, 938, 830]","[-5, 4, 3, -2, -5, 4, 5, -3, -5, -5, 5, 1, -5, 5, -5, 5, 1, 2, -5, -4, 5, -5, -5, -5, -1, 3, -5, -5, -5, 4, 5, -5, 5, -5]","[-1, 4, 4, 5, 2, 3, -2, 4, -2, 0, -1, -5, 0, 0, 0, 0, -5, -5, 0, -3, 0, 0, -1, 1, -5, -4, 0, -1, -1, -4, -1, -2, 1, -3]"
61,17.47,2,False,992,720,1,9,[327],[1070],[-5],[0],"[943, 524, 1655, 215, 1010]","[943, 524, 1655, 215, 1010]","[463, 356, -250, -368, -96]","[51, 5, 8, 49, 74]","[664, 582, 756, 1178, 743, 181, 403, 1625, 231, 1535, 1776, 1340, 1376, 618, 1365, 1284, 1268, 979, 386, 1065, 578, 897, 456, 318, 507, 1294, 620, 756, 886, 544, 1660, 536, 992]","[809, 624, 497, 690, 809, 539, 538, 332, 630, 626, 157, 292, 886, 1053, 810, 37, 206, 748, 117, 967, 819, 655, 973, 499, 703, 896, 782, 714, 854, 1011, 914, 958, 770]","[-5, 4, 3, -2, -5, 5, -2, -5, -5, 5, -1, -5, 5, -5, 5, 1, 2, -5, -5, 5, -5, -5, -5, 0, 3, -5, -5, -5, 4, 5, -5, 5, -5]","[-1, 3, 4, 5, 3, 2, 5, -1, 0, -1, -5, 0, 0, 0, 0, -5, -4, 0, -3, 0, 0, -1, 1, -5, -4, 0, -1, -1, -4, -1, -2, 1, -3]"
62,17.8,2,False,1018,720,7,7,[227],[1070],[-5],[0],"[1110, 666, 1512, 86, 952]","[1110, 666, 1512, 86, 952]","[419, 402, -405, -236, -134]","[11, -35, -32, 9, 54]","[564, 662, 816, 1134, 643, 281, 372, 1525, 131, 1635, 1720, 1240, 1476, 518, 1465, 1286, 879, 286, 1165, 478, 797, 356, 343, 584, 1194, 520, 656, 966, 644, 1560, 636, 892]","[789, 684, 577, 790, 869, 579, 638, 325, 630, 606, 72, 311, 886, 1053, 810, 192, 748, 74, 967, 819, 635, 993, 399, 623, 896, 762, 694, 774, 991, 874, 969, 710]","[-5, 4, 3, -3, -5, 5, -1, -5, -5, 5, -4, -5, 5, -5, 5, -2, -5, -5, 5, -5, -5, -5, 2, 4, -5, -5, -5, 4, 5, -5, 5, -5]","[-1, 3, 4, 5, 3, 2, 5, 0, 0, -1, -3, 1, 0, 0, 0, 5, 0, -2, 0, 0, -1, 1, -5, -4, 0, -1, -1, -4, -1, -2, 0, -3]"
63,18.14,2,False,1143,720,5,8,"[127, 1178]","[1070, 817]","[-5, 4]","[0, 4]","[1256, 826, 1316, 16, 892]","[1256, 826, 1316, 16, 892]","[368, 436, -505, -60, -132]","[-7, -53, -35, -9, 56]","[464, 747, 887, 1074, 561, 381, 368, 1425, 41, 1735, 1622, 1140, 1576, 418, 1565, 1251, 779, 186, 1265, 378, 697, 256, 409, 664, 1094, 420, 556, 1046, 744, 1460, 736, 812, 1226, 843, 1401, 138, 990]","[751, 744, 657, 890, 929, 619, 738, 325, 649, 586, 44, 331, 886, 1039, 810, 292, 748, 44, 967, 819, 615, 1013, 319, 543, 896, 742, 663, 694, 971, 834, 969, 650, 899, 1025, 911, 943, 821]","[-5, 5, 4, -3, -4, 5, 0, -5, 0, 5, -5, -5, 5, -5, 5, -1, -5, -5, 5, -5, -5, -5, 4, 4, -5, -5, -5, 4, 5, -5, 5, -4, 0, 5, -5, 5, 3]","[-2, 3, 4, 5, 3, 2, 5, 0, 5, -1, 0, 1, 0, -1, 0, 5, 0, -1, 0, 0, -1, 1, -3, -4, 0, -1, -2, -4, -1, -2, 0, -3, -5, 1, -2, -1, -4]"
64,18.48,2,False,1284,720,8,5,[27],[1061],[-5],[-1],"[1382, 998, 26, 832]","[1382, 998, 26, 832]","[306, 457, 140, -103]","[9, -53, 9, 76]","[390, 847, 967, 1014, 490, 481, 390, 1325, 133, 1835, 1522, 1040, 1676, 318, 1665, 1231, 679, 131, 1365, 278, 597, 156, 505, 744, 994, 320, 456, 1126, 844, 1360, 836, 732, 1226, 943, 1301, 238, 1050]","[682, 792, 737, 990, 1002, 652, 838, 325, 679, 566, 52, 370, 886, 1018, 810, 392, 748, 96, 957, 807, 595, 1033, 274, 465, 896, 704, 623, 614, 941, 794, 969, 590, 799, 1028, 871, 923, 741]","[-2, 5, 4, -3, -2, 5, 2, -5, 5, 5, -5, -5, 5, -5, 5, -1, -5, 2, 5, -5, -5, -5, 5, 4, -5, -5, -5, 4, 5, -5, 5, -4, 0, 5, -5, 5, 3]","[-5, 2, 4, 5, 5, 1, 5, 0, 0, -1, 1, 2, 0, -2, 0, 5, 0, 5, -1, -1, -1, 1, -1, -3, 0, -2, -2, -4, -2, -2, 0, -3, -5, 0, -2, -1, -4]"
65,18.82,2,False,1438,720,9,3,[],[],[],[],"[1477, 1172, 114, 791, 1714]","[1477, 1172, 114, 791, 1714]","[222, 443, 330, -63, -7]","[29, -36, 29, 96, -1]","[428, 947, 1047, 581, 450, 1225, 233, 1422, 940, 1776, 218, 1765, 1225, 579, 202, 1465, 178, 497, 56, 605, 824, 894, 220, 356, 1206, 944, 1260, 936, 652, 1226, 1043, 1201, 338, 1110, 1509, 1211, 154, 843, 1760]","[597, 832, 798, 672, 924, 341, 679, 92, 415, 886, 975, 810, 492, 748, 169, 937, 787, 575, 1066, 263, 405, 896, 664, 583, 534, 901, 754, 969, 530, 699, 1017, 831, 903, 661, 925, 915, 927, 924, 1055]","[5, 5, 4, 5, 4, -5, 5, -5, -5, 5, -5, 5, 0, -5, 4, 5, -5, -5, -5, 5, 4, -5, -5, -5, 4, 5, -5, 5, -4, 0, 5, -5, 5, 3, -3, 0, 5, 5, -3]","[-2, 2, 3, 1, 4, 1, 0, 3, 3, 0, -3, 0, 5, 0, 3, -1, -1, -1, 2, 0, -3, 0, -2, -2, -4, -2, -2, 0, -3, -5, -1, -2, -1, -4, -4, -5, 0, 0, -4]"
66,19.16,2,False,1527,720,0,0,[],[],[],[],"[1535, 1330, 271, 765, 1673]","[1535, 1330, 271, 765, 1673]","[122, 395, 496, -23, -147]","[49, -16, 49, 110, -2]","[528, 1047, 1134, 681, 536, 1125, 333, 1342, 858, 1876, 145, 1865, 1225, 479, 290, 1565, 78, 397, 705, 904, 794, 120, 266, 1286, 1044, 1160, 1036, 572, 1229, 1143, 1101, 438, 1187, 1449, 1211, 254, 943, 1700]","[574, 865, 858, 692, 984, 370, 679, 159, 475, 886, 902, 810, 592, 730, 229, 912, 755, 555, 263, 345, 896, 620, 529, 454, 864, 714, 969, 461, 599, 997, 791, 883, 581, 845, 815, 927, 924, 975]","[5, 5, 5, 5, 5, -5, 5, -4, -4, 5, -3, 5, 0, -5, 5, 5, -5, -5, 5, 4, -5, -5, -4, 4, 5, -5, 5, -4, 1, 5, -5, 5, 4, -3, 0, 5, 5, -3]","[0, 1, 3, 1, 2, 2, 0, 4, 3, 0, -5, 0, 5, -1, 3, -2, -2, -1, 0, -3, 0, -3, -3, -4, -1, -2, 0, -4, -5, -1, -2, -1, -4, -4, -5, 0, 0, -4]"
