,Time,HP,Power up,Player x,Player y,Player speed_x,Player speed_y,Player bullet x,Player bullet y,Player bullet speed_x,Player bullet speed_y,Enemy x,Enemy y,Enemy speed_x,Enemy speed_y,Enemy bullet x,Enemy bullet y,Enemy bullet speed_x,Enemy bullet speed_y
0,0.21,10,False,798,374,-9,-1,[],[],[],[],[705],[705],[18],[-18],[],[],[],[]
1,0.42,10,False,845,276,8,-5,[],[],[],[],[705],[705],[35],[-35],[],[],[],[]
2,0.64,10,False,888,182,-8,-4,[],[],[],[],"[706, 357]","[706, 357]","[50, 50]","[-36, -20]",[],[],[],[]
3,0.85,10,False,767,228,-2,9,[],[],[],[],"[724, 386]","[724, 386]","[101, 156]","[-2, -16]",[],[],[],[]
4,1.06,10,False,799,381,4,9,[],[],[],[],"[759, 449, 1104]","[759, 449, 1104]","[152, 258, -4]","[32, 1, 8]",[],[],[],[]
5,1.26,10,False,913,463,9,0,[],[],[],[],"[810, 544, 1087]","[810, 544, 1087]","[187, 346, -21]","[66, 18, 42]",[],[],[],[]
6,1.47,10,False,1066,434,9,-3,[],[],[],[],"[872, 668, 1070]","[872, 668, 1070]","[219, 417, -38]","[100, 35, 76]",[],[],[],[]
7,1.68,10,False,1219,383,9,-3,[1227],[441],[6],[-1],"[940, 811, 1053, 652]","[940, 811, 1053, 652]","[236, 463, -48, 60]","[120, 52, 110, 30]",[],[],[],[]
8,1.89,10,False,1370,327,8,-4,[1329],[424],[6],[-1],"[1008, 964, 1035, 676]","[1008, 964, 1035, 676]","[238, 482, -52, 116]","[133, 65, 140, 60]",[],[],[],[]
9,2.1,10,False,1379,326,0,0,[1431],[419],[6],[0],"[1076, 1114, 1001, 710, 469]","[1076, 1114, 1001, 710, 469]","[201, 442, -86, 133, 27]","[116, 31, 127, 60, -18]",[],[],[],[]
10,2.31,10,False,1379,326,0,0,[1533],[424],[6],[1],"[1127, 1245, 957, 745, 479]","[1127, 1245, 957, 745, 479]","[150, 380, -119, 150, 78]","[84, -3, 110, 49, -52]",[],[],[],[]
11,2.52,10,False,1379,326,0,0,[1635],[458],[6],[3],"[1160, 1352, 906, 796, 506]","[1160, 1352, 906, 796, 506]","[99, 298, -136, 156, 129]","[50, -26, 93, 32, -73]",[],[],[],[]
12,2.73,10,False,1379,326,0,0,[1717],[522],[4],[5],"[1172, 1427, 852, 847, 551]","[1172, 1427, 852, 847, 551]","[32, 198, -151, 156, 180]","[16, -43, 72, 15, -90]",[],[],[],[]
13,2.94,10,False,1379,326,0,0,[1776],[610],[3],[6],"[1163, 1467, 784, 892, 612]","[1163, 1467, 784, 892, 612]","[-36, 92, -151, 144, 218]","[-18, -60, 38, -2, -107]",[],[],[],[]
14,3.15,10,False,1379,326,0,0,[1808],[712],[1],[6],"[1132, 1469, 727, 926, 683]","[1132, 1469, 727, 926, 683]","[-82, -19, -132, 135, 256]","[-44, -69, 12, -3, -99]",[],[],[],[]
15,3.36,10,False,1379,326,0,0,[1815],[814],[0],[6],"[1098, 1441, 683, 963, 771]","[1098, 1441, 683, 963, 771]","[-99, -95, -81, 152, 306]","[-42, -41, 12, 31, -65]",[],[],[],[]
16,3.57,10,False,1379,326,0,0,[1807],[916],[-1],[6],"[1048, 1387, 656, 1014, 873]","[1048, 1387, 656, 1014, 873]","[-112, -163, -26, 152, 338]","[-25, -7, 12, 65, -31]",[],[],[],[]
17,3.78,10,False,1379,326,0,0,[1759],[1011],[-4],[5],"[997, 1312, 650, 1065, 981]","[997, 1312, 650, 1065, 981]","[-112, -221, 42, 151, 353]","[-8, 27, 12, 84, 3]",[],[],[],[]
18,3.99,10,False,1379,326,0,0,[1675],[1074],[-6],[3],"[946, 1219, 668, 1100, 1098]","[946, 1219, 668, 1100, 1098]","[-108, -266, 105, 134, 348]","[9, 61, 12, 101, 37]",[],[],[],[]
19,4.2,10,False,1379,326,0,0,[],[],[],[],"[905, 1117, 705, 1134, 1200]","[905, 1117, 705, 1134, 1200]","[-91, -293, 156, 117, 325]","[26, 95, 12, 118, 71]",[],[],[],[]
20,4.41,10,False,1379,326,0,0,[],[],[],[],"[871, 1005, 756, 1164, 1296]","[871, 1005, 756, 1164, 1296]","[-86, -315, 195, 85, 273]","[31, 109, 0, 122, 93]",[],[],[],[]
21,4.61,10,False,1379,326,0,0,[],[],[],[],"[839, 893, 804, 1172, 1362]","[839, 893, 804, 1172, 1362]","[-92, -338, 197, 21, 193]","[15, 93, -32, 90, 93]",[],[],[],[]
22,4.81,10,False,1379,326,0,0,[],[],[],[],"[807, 781, 852, 1161, 1400]","[807, 781, 852, 1161, 1400]","[-92, -343, 197, -43, 97]","[-1, 77, -48, 58, 93]",[],[],[],[]
23,5.03,10,False,1379,326,0,0,[],[],[],[],"[773, 662, 903, 1129, 1406]","[773, 662, 903, 1129, 1406]","[-92, -329, 183, -95, -5]","[-18, 60, -65, 24, 93]",[],[],[],[]
24,5.23,10,False,1379,326,0,0,[],[],[],[],"[739, 546, 954, 1079, 1377]","[739, 546, 954, 1079, 1377]","[-82, -294, 166, -146, -107]","[-35, 43, -82, -10, 80]",[],[],[],[]
25,5.44,10,False,1379,326,0,0,[],[],[],[],"[705, 447, 997, 1012, 1316]","[705, 447, 997, 1012, 1316]","[-65, -241, 135, -185, -198]","[-52, 26, -91, -44, 63]",[],[],[],[]
26,5.65,10,False,1379,326,0,0,[],[],[],[],"[676, 369, 1031, 934, 1224]","[676, 369, 1031, 934, 1224]","[-36, -161, 113, -202, -265]","[-42, 21, -79, -65, 58]",[],[],[],[]
27,5.86,10,False,1379,326,0,0,[],[],[],[],"[665, 326, 1065, 865, 1122]","[665, 326, 1065, 865, 1122]","[15, -45, 111, -185, -293]","[-8, 38, -45, -48, 75]",[],[],[],[]
28,6.07,10,False,1379,326,0,0,[],[],[],[],"[671, 324, 1093, 797, 1010]","[671, 324, 1093, 797, 1010]","[66, 74, 94, -153, -303]","[26, 55, -11, -31, 92]",[],[],[],[]
29,6.28,10,False,1379,326,0,0,[],[],[],[],"[694, 362, 1110, 745, 898]","[694, 362, 1110, 745, 898]","[117, 193, 77, -114, -294]","[60, 65, 23, -14, 105]",[],[],[],[]
30,6.49,10,False,1379,326,0,0,[],[],[],[],"[735, 437, 1127, 707, 796]","[735, 437, 1127, 707, 796]","[168, 295, 60, -63, -267]","[94, 65, 57, 3, 105]",[],[],[],[]
31,6.7,10,False,1379,326,0,0,[],[],[],[],"[792, 546, 1137, 686, 704]","[792, 546, 1137, 686, 704]","[211, 384, 43, -12, -222]","[124, 65, 91, 20, 105]",[],[],[],[]
32,6.9,10,False,1379,326,0,0,[],[],[],[],"[856, 671, 1137, 683, 633]","[856, 671, 1137, 683, 633]","[229, 436, 13, 22, -182]","[126, 51, 109, 22, 91]","[893, 690, 1186, 746, 732]","[841, 970, 757, 833, 1005]","[2, 4, 2, 4, 4]","[-5, -3, -5, -3, -4]"
33,7.11,10,False,1379,326,0,0,[],[],[],[],"[920, 799, 1125, 683, 570]","[920, 799, 1125, 683, 570]","[215, 448, -35, 38, -150]","[110, 19, 109, 6, 59]","[925, 754, 1218, 810, 796]","[761, 922, 677, 785, 941]","[2, 4, 2, 4, 4]","[-5, -3, -5, -3, -4]"
34,7.32,10,False,1379,326,0,0,[],[],[],[],"[981, 927, 1098, 688, 522]","[981, 927, 1098, 688, 522]","[194, 440, -83, 54, -106]","[94, -13, 93, -10, 27]","[957, 818, 1250, 874, 860]","[681, 874, 597, 737, 877]","[2, 4, 2, 4, 4]","[-5, -3, -5, -3, -4]"
35,7.53,10,False,1379,326,0,0,[],[],[],[],"[1029, 1055, 1055, 704, 489]","[1029, 1055, 1055, 704, 489]","[162, 413, -130, 70, -58]","[64, -45, 77, -19, -5]","[989, 882, 1282, 938, 924, 1071, 1077, 1111, 769, 553]","[601, 826, 517, 689, 813, 930, 958, 857, 826, 1012]","[2, 4, 2, 4, 4, 2, 3, 0, 4, 4]","[-5, -3, -5, -3, -4, -5, -4, -5, -4, -3]"
36,7.74,10,False,1379,326,0,0,[],[],[],[],"[1065, 1164, 1005, 719, 472]","[1065, 1164, 1005, 719, 472]","[130, 369, -160, 85, -13]","[34, -75, 62, -19, -35]","[1019, 942, 1312, 998, 984, 1101, 1122, 1111, 829, 613]","[526, 781, 442, 644, 753, 855, 898, 782, 766, 967]","[2, 4, 2, 4, 4, 2, 3, 0, 4, 4]","[-5, -3, -5, -3, -4, -5, -4, -5, -4, -3]"
37,7.94,10,False,1379,326,0,0,[],[],[],[],"[1090, 1258, 945, 735, 468]","[1090, 1258, 945, 735, 468]","[85, 309, -187, 100, 32]","[4, -94, 47, -19, -65]","[1050, 1002, 1342, 1058, 1044, 1131, 1167, 1111, 889, 673]","[451, 736, 367, 599, 693, 780, 838, 707, 706, 922]","[3, 4, 2, 4, 4, 2, 3, 0, 4, 4]","[-5, -3, -5, -3, -4, -5, -4, -5, -4, -3]"
38,8.15,9,False,1379,326,0,0,[],[],[],[],"[1101, 1332, 883, 765, 478]","[1101, 1332, 883, 765, 478]","[40, 235, -202, 113, 77]","[-26, -109, 32, -19, -95]","[1095, 1062, 1118, 1104, 1161, 1212, 1111, 949, 733]","[376, 691, 554, 633, 705, 778, 632, 646, 877]","[3, 4, 4, 4, 2, 3, 0, 4, 4]","[-5, -3, -3, -4, -5, -4, -5, -4, -3]"
39,8.36,9,False,1379,326,0,0,[],[],[],[],"[1101, 1387, 822, 795, 505]","[1101, 1387, 822, 795, 505]","[25, 183, -178, 143, 152]","[-20, -94, 47, 11, -89]","[1140, 1122, 1178, 1164, 1191, 1257, 1111, 1009, 793, 1166, 1385, 973, 874, 585]","[301, 646, 509, 573, 630, 718, 557, 586, 832, 868, 809, 844, 734, 916]","[3, 4, 4, 4, 2, 3, 0, 4, 4, 2, 0, 4, 4, 4]","[-5, -3, -3, -4, -5, -4, -5, -4, -3, -5, -5, -4, -4, -3]"
40,8.57,9,False,1379,326,0,0,[],[],[],[],"[1101, 1425, 764, 837, 556]","[1101, 1425, 764, 837, 556]","[10, 123, -148, 173, 227]","[-5, -64, 62, 41, -74]","[1185, 1182, 1238, 1224, 1221, 1302, 1111, 1069, 853, 1196, 1385, 1033, 934, 645]","[226, 601, 464, 513, 555, 658, 482, 526, 787, 793, 734, 784, 674, 871]","[3, 4, 4, 4, 2, 3, 0, 4, 4, 2, 0, 4, 4, 4]","[-5, -3, -3, -4, -5, -4, -5, -4, -3, -5, -5, -4, -4, -3]"
41,8.78,9,False,1379,326,0,0,[],[],[],[],"[1097, 1444, 722, 879, 621]","[1097, 1444, 722, 879, 621]","[-4, 67, -108, 195, 285]","[9, -36, 76, 69, -60]","[1227, 1238, 1294, 1280, 1249, 1344, 1111, 1125, 909, 1224, 1385, 1089, 990, 701]","[156, 559, 422, 457, 485, 602, 412, 470, 745, 723, 664, 728, 628, 829]","[3, 4, 4, 4, 2, 3, 0, 4, 4, 2, 0, 4, 4, 4]","[-5, -3, -3, -4, -5, -4, -5, -4, -3, -5, -5, -4, -3, -3]"
42,8.99,9,False,1379,326,0,0,[],[],[],[],"[1083, 1448, 692, 931, 702]","[1083, 1448, 692, 931, 702]","[-18, 11, -66, 209, 335]","[23, -8, 81, 97, -46]","[1269, 1294, 1350, 1336, 1277, 1386, 1111, 1181, 965, 1252, 1385, 1145, 1046, 757, 1149, 1459, 777, 985, 744]","[86, 517, 380, 401, 415, 546, 342, 428, 703, 653, 594, 672, 586, 787, 878, 746, 918, 782, 843]","[3, 4, 4, 4, 2, 3, 0, 4, 4, 2, 0, 4, 4, 4, 3, -3, 3, 5, 5]","[-5, -3, -3, -4, -5, -4, -5, -3, -3, -5, -5, -4, -3, -3, -4, -4, -4, -2, -2]"
43,9.21,9,False,1379,326,0,0,[],[],[],[],"[1069, 1436, 673, 987, 796]","[1069, 1436, 673, 987, 796]","[-32, -45, -24, 217, 372]","[37, 20, 81, 125, -24]","[1311, 1350, 1406, 1392, 1305, 1428, 1111, 1237, 1021, 1280, 1385, 1201, 1102, 813, 1191, 1417, 819, 1055, 814]","[23, 475, 338, 345, 345, 479, 272, 386, 661, 583, 524, 616, 544, 745, 822, 690, 862, 754, 815]","[3, 4, 4, 4, 2, 3, 0, 4, 4, 2, 0, 4, 4, 4, 3, -3, 3, 5, 5]","[-4, -3, -3, -4, -5, -5, -5, -3, -3, -5, -5, -4, -3, -3, -4, -4, -4, -2, -2]"
44,9.42,9,False,1379,326,0,0,[],[],[],[],"[1055, 1408, 666, 1043, 894]","[1055, 1408, 666, 1043, 894]","[-41, -101, 18, 217, 396]","[51, 48, 81, 145, 4]","[1406, 1462, 1448, 1333, 1470, 1113, 1293, 1077, 1308, 1385, 1257, 1158, 869, 1233, 1375, 861, 1125, 884]","[433, 296, 289, 275, 409, 202, 344, 619, 513, 454, 560, 502, 703, 766, 634, 806, 726, 787]","[4, 4, 4, 2, 3, 1, 4, 4, 2, 0, 4, 4, 4, 3, -3, 3, 5, 5]","[-3, -3, -4, -5, -5, -5, -3, -3, -5, -5, -4, -3, -3, -4, -4, -4, -2, -2]"
45,9.63,8,False,1379,326,0,0,[],[],[],[],"[1041, 1364, 670, 1099, 1003]","[1041, 1364, 670, 1099, 1003]","[-41, -157, 60, 208, 405]","[65, 76, 81, 159, 32]","[1462, 1518, 1504, 1361, 1512, 1127, 1133, 1336, 1385, 1313, 1214, 925, 1275, 1333, 908, 1195, 954]","[391, 254, 233, 205, 339, 132, 577, 443, 384, 504, 460, 661, 710, 578, 750, 698, 759]","[4, 4, 4, 2, 3, 1, 4, 2, 0, 4, 4, 4, 3, -3, 4, 5, 5]","[-3, -3, -4, -5, -5, -5, -3, -5, -5, -4, -3, -3, -4, -4, -4, -2, -2]"
46,9.85,7,False,1379,326,0,0,[],[],[],[],"[1017, 1302, 684, 1143, 1103]","[1017, 1302, 684, 1143, 1103]","[-69, -228, 74, 166, 371]","[47, 76, 53, 145, 32]","[1518, 1574, 1560, 1389, 1554, 1141, 1189, 1364, 1369, 1270, 981, 1317, 1291, 964, 1265, 1024, 1103, 1374, 748, 1152, 1074]","[349, 212, 177, 135, 269, 62, 535, 373, 448, 418, 619, 640, 522, 694, 670, 731, 871, 720, 932, 838, 746]","[4, 4, 4, 2, 3, 1, 4, 2, 4, 4, 4, 3, -3, 4, 5, 5, 1, -2, 2, 0, 2]","[-3, -3, -4, -5, -5, -5, -3, -5, -4, -3, -3, -5, -4, -4, -2, -2, -5, -5, -5, -5, -5]"
47,10.06,7,False,1379,326,0,0,[],[],[],[],"[989, 1222, 698, 1176, 1194]","[989, 1222, 698, 1176, 1194]","[-97, -292, 88, 117, 324]","[19, 76, 25, 121, 32]","[1574, 1630, 1616, 1417, 1596, 1245, 1392, 1415, 1326, 1037, 1359, 1249, 1020, 1335, 1094, 1117, 1346, 776, 1152, 1102]","[307, 170, 121, 65, 199, 493, 303, 392, 376, 577, 570, 466, 638, 642, 703, 801, 650, 862, 768, 676]","[4, 4, 4, 2, 3, 4, 2, 3, 4, 4, 3, -3, 4, 5, 5, 1, -2, 2, 0, 2]","[-3, -3, -4, -5, -5, -3, -5, -4, -3, -3, -5, -4, -4, -2, -2, -5, -5, -5, -5, -5]"
48,10.28,6,False,1379,326,0,0,[],[],[],[],"[948, 1126, 715, 1194, 1270]","[948, 1126, 715, 1194, 1270]","[-121, -344, 102, 61, 267]","[-7, 76, -3, 93, 32]","[1630, 1686, 1672, 1638, 1301, 1420, 1457, 1093, 1401, 1207, 1076, 1405, 1164, 1131, 1318, 804, 1152, 1130]","[265, 128, 65, 129, 451, 233, 336, 535, 500, 410, 582, 602, 675, 731, 580, 792, 698, 606]","[4, 4, 4, 3, 4, 2, 3, 4, 3, -3, 4, 5, 5, 1, -2, 2, 0, 2]","[-3, -3, -4, -5, -3, -5, -4, -3, -5, -4, -4, -3, -2, -5, -5, -5, -5, -5]"
49,10.48,6,False,1379,326,0,0,[],[],[],[],"[909, 1024, 741, 1196, 1325]","[909, 1024, 741, 1196, 1325]","[-134, -379, 115, 9, 202]","[-20, 75, -29, 67, 32]","[1682, 1738, 1724, 1677, 1353, 1446, 1496, 1145, 1440, 1168, 1128, 1470, 1229, 1144, 1292, 830, 1152, 1156, 990, 1095, 795, 1231, 1354]","[226, 89, 13, 64, 412, 168, 284, 496, 435, 358, 530, 563, 649, 666, 515, 727, 633, 541, 923, 812, 983, 964, 791]","[4, 4, 4, 3, 4, 2, 3, 4, 3, -3, 4, 5, 5, 1, -2, 2, 0, 2, 5, 0, 3, 0, 2]","[-3, -3, -4, -5, -3, -5, -4, -3, -5, -4, -4, -3, -2, -5, -5, -5, -5, -5, -2, -5, -4, -5, -5]"
50,10.68,6,False,1379,326,0,0,[],[],[],[],"[870, 920, 767, 1185, 1361]","[870, 920, 767, 1185, 1361]","[-147, -400, 125, -43, 137]","[-33, 62, -55, 41, 32]","[1734, 1790, 1405, 1472, 1535, 1197, 1479, 1129, 1180, 1535, 1294, 1157, 1272, 856, 1152, 1182, 1055, 1095, 834, 1231, 1380]","[187, 50, 373, 103, 232, 457, 370, 306, 478, 524, 623, 601, 450, 662, 568, 476, 897, 747, 931, 899, 726]","[4, 4, 4, 2, 3, 4, 3, -3, 4, 5, 5, 1, -1, 2, 0, 2, 5, 0, 3, 0, 2]","[-3, -3, -3, -5, -4, -3, -5, -4, -4, -3, -2, -5, -5, -5, -5, -5, -2, -5, -4, -5, -5]"
51,10.9,6,False,1379,326,0,0,[],[],[],[],"[821, 803, 793, 1160, 1380]","[821, 803, 793, 1160, 1380]","[-151, -407, 125, -95, 59]","[-46, 49, -81, 15, 32]","[1786, 1842, 1457, 1498, 1574, 1249, 1518, 1090, 1232, 1600, 1359, 1170, 1259, 890, 1152, 1208, 1120, 1095, 873, 1231, 1406]","[148, 11, 334, 38, 180, 418, 305, 244, 426, 485, 597, 536, 385, 597, 503, 411, 871, 682, 879, 834, 661]","[4, 4, 4, 2, 3, 4, 3, -3, 4, 5, 5, 1, -1, 3, 0, 2, 5, 0, 3, 0, 2]","[-3, -3, -3, -5, -4, -3, -5, -5, -4, -3, -2, -5, -5, -5, -5, -5, -2, -5, -4, -5, -5]"
52,11.11,6,False,1379,326,0,0,[],[],[],[],"[769, 688, 819, 1122, 1377]","[769, 688, 819, 1122, 1377]","[-151, -399, 125, -134, -19]","[-59, 36, -99, -11, 32]","[1838, 1509, 1613, 1301, 1557, 1051, 1284, 1654, 1424, 1183, 1246, 929, 1152, 1234, 1185, 1095, 912, 1231, 1432]","[109, 295, 128, 379, 240, 179, 374, 446, 571, 471, 320, 532, 438, 346, 845, 617, 827, 769, 596]","[4, 4, 3, 4, 3, -3, 4, 4, 5, 1, -1, 3, 0, 2, 5, 0, 3, 0, 2]","[-3, -3, -4, -3, -5, -5, -4, -3, -2, -5, -5, -5, -5, -5, -2, -5, -4, -5, -5]"
53,11.31,6,False,1379,326,0,0,[],[],[],[],"[727, 584, 845, 1075, 1356]","[727, 584, 845, 1075, 1356]","[-127, -363, 139, -159, -81]","[-58, 37, -98, -23, 46]","[1890, 1561, 1652, 1353, 1596, 1012, 1336, 1706, 1489, 1196, 1233, 968, 1152, 1260, 1250, 1104, 951, 1231, 1458, 814, 695, 895, 1155, 1410]","[70, 256, 76, 340, 175, 114, 322, 407, 532, 406, 255, 467, 373, 281, 813, 552, 775, 704, 531, 843, 834, 877, 960, 781]","[4, 4, 3, 4, 3, -3, 4, 4, 5, 1, -1, 3, 0, 2, 5, 1, 3, 0, 2, 3, 4, 2, 2, 1]","[-3, -3, -4, -3, -5, -5, -4, -3, -3, -5, -5, -5, -5, -5, -3, -5, -4, -5, -5, -4, -4, -5, -5, -5]"
54,11.53,4,False,1379,326,0,0,[],[],[],[],"[691, 484, 882, 1019, 1320]","[691, 484, 882, 1019, 1320]","[-85, -296, 160, -163, -123]","[-36, 51, -84, -23, 74]","[1617, 1694, 1638, 977, 1762, 1559, 1210, 1219, 1010, 1152, 1288, 1320, 1118, 993, 1231, 1486, 856, 751, 923, 1183, 1424]","[214, 20, 105, 44, 365, 490, 336, 185, 397, 303, 211, 771, 482, 719, 634, 461, 787, 778, 807, 890, 711]","[4, 3, 3, -2, 4, 5, 1, -1, 3, 0, 2, 5, 1, 3, 0, 2, 3, 4, 2, 2, 1]","[-3, -4, -5, -5, -3, -3, -5, -5, -5, -5, -5, -3, -5, -4, -5, -5, -4, -4, -5, -5, -5]"
55,11.75,4,False,1379,326,0,0,[],[],[],[],"[666, 406, 924, 963, 1273]","[666, 406, 924, 963, 1273]","[-43, -216, 174, -163, -165]","[-8, 65, -67, -23, 95]","[1673, 1680, 1818, 1629, 1224, 1205, 1052, 1152, 1316, 1390, 1132, 1035, 1231, 1511, 898, 807, 951, 1211, 1438]","[172, 35, 323, 448, 266, 115, 327, 233, 141, 729, 412, 663, 564, 391, 731, 722, 737, 820, 641]","[4, 3, 4, 5, 1, -1, 3, 0, 2, 5, 1, 3, 0, 1, 3, 4, 2, 2, 1]","[-3, -5, -3, -3, -5, -5, -5, -5, -5, -3, -5, -4, -5, -5, -4, -4, -5, -5, -5]"
56,11.96,4,False,1379,326,0,0,[],[],[],[],"[654, 352, 966, 908, 1217]","[654, 352, 966, 908, 1217]","[7, -130, 187, -150, -197]","[20, 79, -39, -23, 109]","[1729, 1874, 1699, 1238, 1191, 1094, 1152, 1344, 1460, 1146, 1077, 1231, 1525, 940, 863, 979, 1239, 1452]","[130, 281, 406, 196, 45, 263, 163, 71, 687, 342, 607, 494, 321, 675, 666, 667, 750, 571]","[4, 4, 5, 1, -1, 3, 0, 2, 5, 1, 3, 0, 1, 3, 4, 2, 2, 1]","[-3, -3, -3, -5, -5, -4, -5, -5, -3, -5, -4, -5, -5, -4, -4, -5, -5, -5]"
57,12.17,4,False,1379,326,0,0,[],[],[],[],"[658, 323, 1008, 866, 1148]","[658, 323, 1008, 866, 1148]","[63, -32, 187, -136, -223]","[48, 93, -11, -14, 123]","[1785, 1763, 1252, 1136, 1161, 1372, 1516, 1160, 1119, 1233, 1539, 982, 919, 1007, 1267, 1466, 741, 455, 1068, 972, 1279]","[88, 364, 126, 207, 93, 1, 645, 272, 551, 424, 251, 619, 610, 597, 680, 501, 770, 890, 761, 882, 816]","[4, 4, 1, 3, 1, 2, 4, 1, 3, 1, 1, 3, 4, 2, 2, 1, 4, 5, 4, 2, 2]","[-3, -3, -5, -4, -5, -5, -3, -5, -4, -5, -5, -4, -4, -5, -5, -5, -3, -1, -4, -5, -5]"
58,12.39,4,False,1379,326,0,0,[],[],[],[],"[675, 322, 1050, 824, 1078]","[675, 322, 1050, 824, 1078]","[108, 66, 187, -110, -237]","[76, 107, 17, 0, 137]","[1841, 1819, 1266, 1178, 1175, 1572, 1174, 1161, 1247, 1553, 1024, 975, 1035, 1295, 1480, 797, 525, 1124, 1000, 1307]","[46, 322, 56, 151, 23, 603, 202, 495, 354, 181, 563, 562, 527, 610, 431, 728, 876, 705, 812, 746]","[4, 4, 1, 3, 1, 4, 1, 3, 1, 1, 3, 4, 2, 2, 1, 4, 5, 4, 2, 2]","[-3, -3, -5, -4, -5, -3, -5, -4, -5, -5, -4, -3, -5, -5, -5, -3, -1, -4, -5, -5]"
59,12.6,4,False,1379,326,0,0,[],[],[],[],"[704, 349, 1092, 792, 1008]","[704, 349, 1092, 792, 1008]","[150, 164, 177, -82, -241]","[102, 111, 45, 14, 144]","[1897, 1875, 1220, 1628, 1188, 1203, 1261, 1567, 1066, 1031, 1069, 1323, 1494, 853, 595, 1180, 1028, 1335]","[4, 280, 95, 561, 132, 439, 284, 111, 507, 520, 457, 540, 361, 686, 862, 649, 742, 676]","[4, 4, 3, 4, 1, 3, 1, 1, 3, 4, 3, 2, 1, 4, 5, 4, 2, 2]","[-3, -3, -4, -3, -5, -4, -5, -5, -4, -3, -5, -5, -5, -3, -1, -4, -5, -5]"
60,12.81,4,False,1379,326,0,0,[],[],[],[],"[746, 400, 1134, 764, 938]","[746, 400, 1134, 764, 938]","[182, 242, 153, -64, -247]","[106, 101, 63, 18, 134]","[1262, 1684, 1202, 1245, 1275, 1581, 1108, 1087, 1111, 1351, 1508, 909, 665, 1236, 1056, 1363, 802, 451, 1191, 827, 1013]","[39, 519, 62, 383, 214, 41, 451, 478, 387, 470, 291, 644, 848, 593, 672, 606, 853, 968, 794, 898, 956]","[3, 4, 1, 3, 1, 1, 3, 4, 3, 2, 1, 4, 5, 4, 2, 2, 4, 4, 5, 4, 2]","[-4, -3, -5, -4, -5, -5, -4, -3, -5, -5, -5, -3, -1, -4, -5, -5, -4, -4, -2, -3, -5]"
61,13.01,4,False,1379,326,0,0,[],[],[],[],"[785, 464, 1161, 738, 863]","[785, 464, 1161, 738, 863]","[187, 294, 114, -53, -260]","[93, 75, 63, 5, 108]","[1736, 1289, 1288, 1154, 1139, 1150, 1377, 1521, 961, 730, 1288, 1082, 1389, 854, 503, 1256, 879, 1039]","[480, 331, 149, 399, 439, 322, 405, 226, 605, 835, 541, 607, 541, 801, 916, 755, 859, 891]","[4, 4, 1, 4, 4, 3, 2, 1, 4, 5, 4, 2, 2, 4, 4, 5, 4, 2]","[-3, -4, -5, -4, -3, -5, -5, -5, -3, -1, -4, -5, -5, -4, -4, -3, -3, -5]"
62,13.23,4,False,1379,326,0,0,[],[],[],[],"[824, 541, 1177, 723, 785]","[824, 541, 1177, 723, 785]","[187, 333, 62, -40, -261]","[80, 49, 63, -8, 82]","[1788, 1341, 1301, 1206, 1191, 1189, 1403, 1534, 1013, 795, 1340, 1114, 1415, 906, 555, 1321, 931, 1065]","[441, 279, 84, 347, 400, 257, 340, 161, 566, 822, 489, 542, 476, 749, 864, 716, 820, 826]","[4, 4, 1, 4, 4, 3, 2, 1, 4, 5, 4, 3, 2, 4, 4, 5, 4, 2]","[-3, -4, -5, -4, -3, -5, -5, -5, -3, -1, -4, -5, -5, -4, -4, -3, -3, -5]"
63,13.44,4,False,1379,326,0,0,[],[],[],[],"[866, 633, 1180, 709, 701]","[866, 633, 1180, 709, 701]","[186, 365, 6, -26, -252]","[66, 21, 60, -22, 54]","[1844, 1397, 1315, 1262, 1247, 1231, 1431, 1548, 1069, 865, 1396, 1156, 1443, 962, 611, 1391, 987, 1093]","[399, 223, 14, 291, 358, 187, 270, 91, 524, 808, 433, 472, 406, 693, 820, 674, 778, 756]","[4, 4, 1, 4, 4, 3, 2, 1, 4, 5, 4, 3, 2, 4, 4, 5, 4, 2]","[-3, -4, -5, -4, -3, -5, -5, -5, -3, -1, -4, -5, -5, -4, -3, -3, -3, -5]"
64,13.65,4,False,1379,326,0,0,[],[],[],[],"[908, 731, 1167, 695, 630]","[908, 731, 1167, 695, 630]","[172, 383, -50, -12, -232]","[52, -7, 46, -36, 26]","[1900, 1453, 1318, 1303, 1273, 1459, 1562, 1125, 935, 1452, 1198, 1471, 1018, 667, 1454, 1043, 1121, 955, 737, 1242, 779, 732]","[350, 167, 235, 316, 117, 200, 21, 482, 794, 377, 402, 336, 637, 778, 632, 736, 686, 893, 973, 814, 863, 996]","[4, 4, 4, 4, 3, 2, 1, 4, 5, 4, 3, 2, 4, 4, 4, 4, 2, 3, 3, 2, 3, 3]","[-4, -4, -4, -3, -5, -5, -5, -3, -1, -4, -5, -5, -4, -3, -3, -3, -5, -4, -4, -5, -4, -4]"
65,13.87,3,False,1379,326,0,0,[],[],[],[],"[950, 829, 1139, 684, 560]","[950, 829, 1139, 684, 560]","[158, 388, -96, 2, -204]","[38, -35, 32, -50, -2]","[1509, 1374, 1315, 1487, 1181, 1005, 1508, 1240, 1499, 1074, 723, 1510, 1099, 1149, 997, 779, 1270, 821, 774]","[111, 179, 48, 130, 440, 780, 321, 332, 266, 581, 736, 590, 694, 616, 837, 917, 744, 807, 940]","[4, 4, 3, 2, 4, 5, 4, 3, 2, 4, 4, 4, 4, 2, 3, 3, 2, 3, 3]","[-4, -4, -4, -5, -3, -1, -4, -5, -5, -4, -3, -3, -3, -5, -4, -4, -5, -4, -4]"
66,14.08,3,False,1379,326,0,0,[],[],[],[],"[984, 927, 1098, 684, 503]","[984, 927, 1098, 684, 503]","[134, 379, -138, 16, -162]","[24, -63, 18, -64, -30]","[1565, 1430, 1515, 1237, 1075, 1564, 1282, 1527, 1130, 779, 1566, 1155, 1177, 1039, 821, 1298, 863, 816]","[55, 123, 60, 398, 755, 265, 262, 196, 525, 694, 548, 652, 546, 781, 861, 674, 751, 884]","[4, 4, 2, 4, 5, 4, 3, 2, 4, 4, 4, 4, 2, 3, 3, 2, 3, 3]","[-4, -4, -5, -3, -2, -4, -5, -5, -4, -3, -3, -3, -5, -4, -4, -5, -4, -4]"
67,14.29,3,False,1379,326,0,0,[],[],[],[],"[1012, 1025, 1046, 684, 458]","[1012, 1025, 1046, 684, 458]","[108, 358, -175, 32, -118]","[12, -89, 6, -62, -56]","[1486, 1293, 1145, 1620, 1324, 1555, 1186, 835, 1622, 1211, 1205, 1081, 863, 1326, 915, 858, 1050, 1072, 1083, 723, 510]","[67, 356, 727, 209, 192, 126, 469, 652, 506, 610, 476, 725, 805, 604, 695, 828, 926, 947, 844, 804, 1009]","[4, 4, 5, 4, 3, 2, 4, 4, 4, 4, 2, 3, 3, 2, 4, 3, 3, 4, 2, 4, 4]","[-4, -3, -2, -4, -5, -5, -4, -3, -3, -3, -5, -4, -4, -5, -4, -4, -4, -3, -5, -3, -3]"
68,14.51,2,False,1379,326,0,0,[],[],[],[],"[1040, 1123, 990, 693, 431]","[1040, 1123, 990, 693, 431]","[108, 350, -175, 74, -34]","[26, -79, 20, -34, -56]","[1542, 1215, 1676, 1366, 1583, 1242, 891, 1678, 1267, 1233, 1123, 905, 1354, 971, 900, 1092, 1128, 1111, 779, 566]","[11, 699, 153, 122, 56, 413, 610, 464, 568, 406, 669, 749, 534, 639, 772, 870, 905, 774, 762, 967]","[4, 5, 4, 3, 2, 4, 4, 4, 4, 2, 3, 3, 2, 4, 3, 3, 4, 2, 4, 4]","[-4, -2, -4, -5, -5, -4, -3, -3, -3, -5, -4, -4, -5, -4, -4, -4, -3, -5, -3, -3]"
69,14.71,2,False,1379,326,0,0,[],[],[],[],"[1066, 1201, 938, 711, 426]","[1066, 1201, 938, 711, 426]","[106, 331, -170, 113, 44]","[39, -66, 33, -8, -56]","[1280, 1728, 1405, 1294, 943, 1730, 1319, 1259, 1162, 944, 1380, 1023, 939, 1131, 1180, 1137, 831, 618]","[673, 101, 57, 361, 571, 425, 529, 341, 617, 697, 469, 587, 720, 818, 866, 709, 723, 928]","[5, 4, 3, 4, 4, 4, 4, 2, 3, 3, 2, 4, 3, 3, 4, 2, 4, 4]","[-2, -4, -5, -4, -3, -3, -3, -5, -4, -4, -5, -4, -4, -4, -3, -5, -3, -3]"
70,14.92,1,False,1379,326,0,0,[],[],[],[],"[1086, 1284, 882, 741, 445]","[1086, 1284, 882, 741, 445]","[92, 299, -156, 155, 128]","[53, -52, 47, 20, -47]","[1350, 1784, 999, 1786, 1375, 1287, 1204, 986, 1408, 1079, 981, 1173, 1236, 1165, 887, 674]","[645, 45, 529, 383, 487, 271, 561, 641, 399, 531, 664, 762, 824, 639, 681, 886]","[5, 4, 4, 4, 4, 2, 3, 3, 2, 4, 3, 3, 4, 2, 4, 4]","[-2, -4, -3, -3, -3, -5, -4, -4, -5, -4, -4, -4, -3, -5, -3, -3]"
71,15.13,1,False,1379,326,0,0,[],[],[],[],"[1100, 1354, 835, 783, 486]","[1100, 1354, 835, 783, 486]","[78, 257, -134, 190, 205]","[55, -38, 61, 48, -33]","[1420, 1055, 1842, 1431, 1315, 1246, 1028, 1436, 1135, 1023, 1215, 1292, 1193, 943, 730, 1156, 1364, 912, 833, 537]","[617, 487, 337, 445, 201, 505, 585, 329, 475, 608, 706, 782, 569, 639, 844, 927, 826, 841, 760, 903]","[5, 4, 4, 4, 2, 3, 3, 2, 4, 3, 3, 4, 2, 4, 4, 2, -1, 3, 5, 4]","[-2, -3, -4, -3, -5, -4, -4, -5, -4, -4, -4, -3, -5, -3, -3, -5, -5, -4, -2, -3]"
72,15.35,1,False,1379,326,0,0,[],[],[],[],"[1113, 1408, 796, 831, 543]","[1113, 1408, 796, 831, 543]","[65, 207, -108, 216, 270]","[55, -22, 74, 74, -20]","[1485, 1107, 1894, 1483, 1341, 1285, 1067, 1462, 1187, 1062, 1254, 1344, 1219, 995, 782, 1182, 1351, 951, 898, 589]","[591, 448, 285, 406, 136, 453, 533, 264, 423, 556, 654, 743, 504, 600, 805, 862, 761, 789, 724, 864]","[5, 4, 4, 4, 2, 3, 3, 2, 4, 3, 3, 4, 2, 4, 4, 2, -1, 3, 5, 4]","[-2, -3, -4, -3, -5, -4, -4, -5, -4, -4, -4, -3, -5, -3, -3, -5, -5, -4, -3, -3]"
73,15.56,1,False,1379,326,0,0,[],[],[],[],"[1126, 1448, 767, 883, 615]","[1126, 1448, 767, 883, 615]","[52, 155, -82, 237, 326]","[55, 4, 87, 100, -7]","[1550, 1159, 1535, 1367, 1324, 1106, 1488, 1239, 1101, 1293, 1396, 1245, 1047, 834, 1208, 1338, 990, 963, 641]","[565, 409, 367, 71, 401, 481, 199, 371, 504, 602, 704, 439, 561, 766, 797, 696, 737, 685, 825]","[5, 4, 4, 2, 3, 3, 2, 4, 3, 3, 4, 2, 4, 4, 2, -1, 3, 5, 4]","[-2, -3, -3, -5, -4, -4, -5, -4, -4, -4, -3, -5, -3, -3, -5, -5, -4, -3, -3]"
74,15.77,1,False,1379,326,0,0,[],[],[],[],"[1128, 1474, 743, 936, 701]","[1128, 1474, 743, 936, 701]","[39, 96, -47, 250, 373]","[55, 30, 100, 126, 6]","[1615, 1211, 1587, 1393, 1363, 1145, 1514, 1291, 1140, 1332, 1448, 1271, 1099, 886, 1234, 1325, 1029, 1028, 693]","[539, 370, 328, 6, 349, 429, 134, 319, 452, 550, 665, 374, 522, 727, 732, 631, 685, 646, 786]","[5, 4, 4, 2, 3, 3, 2, 4, 3, 3, 4, 2, 4, 4, 2, -1, 3, 5, 4]","[-2, -3, -3, -5, -4, -4, -5, -4, -4, -4, -3, -5, -3, -3, -5, -5, -4, -3, -3]"
75,25.73,0,False,1379,326,0,0,[],[],[],[],"[1128, 1477, 740, 951, 722]","[1128, 1477, 740, 951, 722]","[36, 81, -38, 253, 382]","[55, 36, 103, 132, 9]","[1630, 1223, 1599, 1154, 1520, 1303, 1149, 1341, 1460, 1277, 1111, 898, 1240, 1322, 1038, 1043, 705]","[533, 361, 319, 417, 119, 307, 440, 538, 656, 359, 513, 718, 717, 616, 673, 637, 777]","[5, 4, 4, 3, 2, 4, 3, 3, 4, 2, 4, 4, 2, -1, 3, 5, 4]","[-2, -3, -3, -4, -5, -4, -4, -4, -3, -5, -3, -3, -5, -5, -4, -3, -3]"
76,25.93,10,False,1095,353,9,-1,[],[],[],[],[1091],[1091],[-45],[-32],[],[],[],[]
77,26.15,10,False,1257,335,9,-1,[],[],[],[],[1056],[1056],[-97],[-68],[],[],[],[]
78,26.36,10,False,1383,322,0,0,[],[],[],[],"[1006, 230]","[1006, 230]","[-131, 60]","[-102, -20]",[],[],[],[]
79,26.57,10,False,1383,322,0,0,[],[],[],[],"[955, 266]","[955, 266]","[-130, 195]","[-88, -20]",[],[],[],[]
80,26.77,10,False,1383,322,0,0,[],[],[],[],"[904, 347, 1283]","[904, 347, 1283]","[-113, 314, -12]","[-71, -20, 4]",[],[],[],[]
81,26.98,10,False,1383,322,0,0,[],[],[],[],"[858, 465, 1261]","[858, 465, 1261]","[-95, 419, -63]","[-54, -20, 21]",[],[],[],[]
82,27.18,10,False,1383,322,0,0,[],[],[],[],"[824, 612, 1227]","[824, 612, 1227]","[-61, 499, -98]","[-21, -20, 38]",[],[],[],[]
83,27.39,10,False,1383,322,0,0,[],[],[],[],"[802, 784, 1177, 1405]","[802, 784, 1177, 1405]","[-27, 553, -132, -60]","[13, -9, 55, 15]",[],[],[],[]
84,27.6,10,False,1383,322,0,0,[],[],[],[],"[789, 971, 1121, 1364]","[789, 971, 1121, 1364]","[3, 573, -159, -132]","[43, 4, 68, 28]",[],[],[],[]
85,27.81,10,False,1383,322,0,0,[],[],[],[],"[789, 1151, 1049, 1295, 1810]","[789, 1151, 1049, 1295, 1810]","[3, 531, -208, -219, -91]","[43, -13, 37, 11, -18]",[],[],[],[]
86,28.01,10,False,1383,322,0,0,[],[],[],[],"[789, 1312, 964, 1199, 1739]","[789, 1312, 964, 1199, 1739]","[3, 459, -242, -294, -257]","[43, -30, 3, -6, -52]",[],[],[],[]
87,28.23,10,False,1383,322,0,0,[],[],[],[],"[789, 1442, 869, 1080, 1616]","[789, 1442, 869, 1080, 1616]","[3, 363, -260, -351, -405]","[43, -47, -23, -23, -86]",[],[],[],[]
88,28.44,10,False,1383,322,0,0,[],[],[],[],"[789, 1537, 767, 944, 1446]","[789, 1537, 767, 944, 1446]","[3, 247, -262, -386, -530]","[43, -64, -40, -40, -111]",[],[],[],[]
89,28.65,10,False,1383,322,0,0,[],[],[],[],"[789, 1589, 669, 808, 1240]","[789, 1589, 669, 808, 1240]","[3, 117, -247, -397, -622]","[43, -66, -57, -57, -128]",[],[],[],[]
90,28.86,10,False,1383,322,0,0,[],[],[],[],"[789, 1597, 584, 672, 1009]","[789, 1597, 584, 672, 1009]","[11, -11, -207, -378, -669]","[51, -58, -66, -59, -127]",[],[],[],[]
91,29.06,10,False,1383,322,0,0,[],[],[],[],"[789, 1566, 520, 546, 772]","[789, 1566, 520, 546, 772]","[45, -113, -128, -310, -650]","[85, -24, -41, -25, -93]",[],[],[],[]
92,29.28,10,False,1383,322,0,0,[],[],[],[],"[804, 1505, 483, 449, 554]","[804, 1505, 483, 449, 554]","[79, -200, -43, -223, -592]","[111, 10, -7, 9, -59]",[],[],[],[]
93,29.49,10,False,1383,322,0,0,[],[],[],[],"[828, 1413, 475, 383, 360]","[828, 1413, 475, 383, 360]","[113, -277, 42, -121, -498]","[128, 44, 27, 43, -25]",[],[],[],[]
94,29.7,10,False,1383,322,0,0,[],[],[],[],"[862, 1299, 497, 352, 205]","[862, 1299, 497, 352, 205]","[147, -337, 127, -12, -373]","[145, 78, 61, 77, 9]",[],[],[],[]
95,29.91,10,False,1383,322,0,0,[],[],[],[],"[911, 1167, 547, 362, 96]","[911, 1167, 547, 362, 96]","[164, -377, 212, 107, -227]","[152, 112, 95, 111, 43]",[],[],[],[]
96,30.13,10,False,1383,322,0,0,[],[],[],[],"[962, 1029, 624, 406, 38]","[962, 1029, 624, 406, 38]","[169, -404, 272, 197, -78]","[140, 134, 106, 122, 65]",[],[],[],[]
97,30.34,10,False,1383,322,0,0,[],[],[],[],"[1005, 876, 709, 478, 28]","[1005, 876, 709, 478, 28]","[135, -429, 297, 262, 58]","[106, 121, 89, 105, 65]",[],[],[],[]
98,30.55,10,False,1383,322,0,0,[],[],[],[],"[1039, 723, 809, 568, 63]","[1039, 723, 809, 568, 63]","[101, -427, 306, 312, 194]","[72, 104, 72, 88, 65]",[],[],[],[]
99,30.76,10,False,1383,322,0,0,[],[],[],[],"[1056, 571, 909, 670, 143]","[1056, 571, 909, 670, 143]","[67, -400, 298, 345, 313]","[38, 87, 55, 71, 65]",[],[],[],[]
100,30.96,10,False,1383,322,0,0,[],[],[],[],"[1063, 436, 994, 785, 261]","[1063, 436, 994, 785, 261]","[21, -348, 275, 359, 418]","[4, 70, 38, 41, 64]",[],[],[],[]
101,31.18,10,False,1383,322,0,0,[],[],[],[],"[1053, 323, 1074, 904, 408]","[1053, 323, 1074, 904, 408]","[-23, -274, 238, 353, 498]","[-30, 38, 21, 7, 47]",[],[],[],[]
102,31.39,10,False,1383,322,0,0,[],[],[],[],"[1036, 239, 1142, 1009, 583]","[1036, 239, 1142, 1009, 583]","[-41, -168, 203, 344, 569]","[-48, 20, 20, -6, 46]",[],[],[],[]
103,31.59,10,False,1383,322,0,0,[],[],[],[],"[1019, 198, 1196, 1111, 780]","[1019, 198, 1196, 1111, 780]","[-41, -32, 175, 336, 627]","[-48, 20, 37, 11, 63]",[],[],[],[]
104,31.8,10,False,1383,322,0,0,[],[],[],[],"[1002, 203, 1242, 1213, 986]","[1002, 203, 1242, 1213, 986]","[-41, 104, 141, 311, 650]","[-48, 20, 54, 28, 80]",[],[],[],[]
105,32.01,10,False,1383,322,0,0,[],[],[],[],"[985, 255, 1276, 1303, 1196]","[985, 255, 1276, 1303, 1196]","[-41, 240, 100, 269, 637]","[-47, 20, 65, 45, 97]",[],[],[],[]
106,32.22,10,False,1383,322,0,0,[],[],[],[],"[968, 350, 1292, 1377, 1397]","[968, 350, 1292, 1377, 1397]","[-41, 361, 49, 214, 589]","[-30, 20, 65, 60, 114]",[],[],[],[]
107,32.42,10,False,1383,322,0,0,[],[],[],[],"[952, 474, 1292, 1428, 1566]","[952, 474, 1292, 1428, 1566]","[-33, 458, 1, 150, 515]","[-14, 20, 65, 60, 117]",[],[],[],[]
108,32.63,10,False,1383,322,0,0,[],[],[],[],"[936, 626, 1273, 1455, 1705]","[936, 626, 1273, 1455, 1705]","[-33, 516, -63, 70, 398]","[-14, 4, 49, 44, 101]","[1000, 623, 1332, 1509, 1682]","[866, 913, 958, 935, 947]","[1, 4, 0, 2, -1]","[-5, -4, -5, -5, -5]"
109,32.84,10,False,1383,322,0,0,[],[],[],[],"[920, 786, 1232, 1453, 1799]","[920, 786, 1232, 1453, 1799]","[-49, 534, -134, -26, 247]","[-30, -24, 17, 12, 69]","[1016, 687, 1332, 1538, 1666]","[786, 849, 878, 855, 867]","[1, 4, 0, 1, -1]","[-5, -4, -5, -5, -5]"
110,33.05,10,False,1383,322,0,0,[],[],[],[],"[889, 946, 1172, 1421, 1842]","[889, 946, 1172, 1421, 1842]","[-65, 526, -198, -122, 87]","[-46, -40, -15, -20, 37]","[1032, 751, 1332, 1554, 1650]","[706, 785, 798, 775, 787]","[1, 4, 0, 1, -1]","[-5, -4, -5, -5, -5]"
111,33.26,10,False,1383,322,0,0,[],[],[],[],"[857, 1103, 1092, 1358, 1834]","[857, 1103, 1092, 1358, 1834]","[-80, 492, -249, -218, -73]","[-57, -56, -47, -52, 5]","[1048, 815, 1332, 1570, 1634, 946, 1121, 1158, 1417, 1865]","[626, 721, 718, 695, 707, 831, 891, 947, 923, 990]","[1, 4, 0, 1, -1, 5, 4, 0, -1, -2]","[-5, -4, -5, -5, -5, -3, -3, -5, -5, -5]"
112,33.47,10,False,1383,322,0,0,[],[],[],[],"[827, 1235, 1002, 1274, 1780]","[827, 1235, 1002, 1274, 1780]","[-80, 439, -285, -293, -223]","[-57, -71, -77, -70, -25]","[1063, 875, 1332, 1585, 1619, 1021, 1181, 1158, 1402, 1835]","[551, 661, 643, 620, 632, 786, 846, 872, 848, 915]","[1, 4, 0, 1, -1, 5, 4, 0, -1, -2]","[-5, -4, -5, -5, -5, -3, -3, -5, -5, -5]"
113,33.67,10,False,1383,322,0,0,[],[],[],[],"[797, 1348, 905, 1168, 1683]","[797, 1348, 905, 1168, 1683]","[-80, 368, -307, -356, -362]","[-57, -85, -93, -85, -55]","[1078, 935, 1332, 1600, 1604, 1084, 1241, 1158, 1387, 1805]","[476, 601, 568, 545, 557, 741, 801, 797, 773, 840]","[1, 4, 0, 1, -1, 4, 4, 0, -1, -2]","[-5, -4, -5, -5, -5, -3, -3, -5, -5, -5]"
114,33.88,10,False,1383,322,0,0,[],[],[],[],"[767, 1437, 800, 1048, 1547]","[767, 1437, 800, 1048, 1547]","[-78, 282, -312, -399, -482]","[-55, -83, -106, -98, -83]","[1093, 995, 1332, 1615, 1589, 1144, 1301, 1158, 1372, 1775, 821, 1482, 850, 1093, 1587]","[401, 541, 493, 470, 482, 696, 749, 722, 698, 765, 767, 808, 877, 852, 960]","[1, 4, 0, 1, -1, 4, 4, 0, -1, -2, 5, 0, 4, 3, -1]","[-5, -4, -5, -5, -5, -3, -4, -5, -5, -5, -2, -5, -3, -5, -5]"
115,34.09,10,False,1383,322,0,0,[],[],[],[],"[742, 1504, 705, 928, 1384]","[742, 1504, 705, 928, 1384]","[-37, 212, -273, -395, -551]","[-25, -53, -91, -76, -80]","[1117, 1055, 1332, 1630, 1574, 1204, 1361, 1158, 1357, 1745, 896, 1482, 910, 1138, 1572]","[326, 481, 418, 395, 407, 651, 689, 647, 623, 690, 737, 733, 832, 777, 885]","[2, 4, 0, 1, -1, 4, 4, 0, -1, -2, 5, 0, 4, 3, -1]","[-5, -4, -5, -5, -5, -3, -4, -5, -5, -5, -2, -5, -3, -5, -5]"
116,34.3,10,False,1383,322,0,0,[],[],[],[],"[730, 1548, 623, 808, 1204]","[730, 1548, 623, 808, 1204]","[8, 137, -221, -374, -594]","[5, -23, -61, -46, -65]","[1147, 1115, 1332, 1643, 1559, 1264, 1421, 1158, 1342, 1715, 971, 1482, 970, 1183, 1557]","[251, 421, 343, 320, 332, 606, 629, 572, 548, 615, 707, 658, 787, 702, 810]","[2, 4, 0, 0, -1, 4, 4, 0, -1, -2, 5, 0, 4, 3, -1]","[-5, -4, -5, -5, -5, -3, -4, -5, -5, -5, -2, -5, -3, -5, -5]"
117,34.52,10,False,1383,322,0,0,[],[],[],[],"[731, 1569, 562, 701, 1025]","[731, 1569, 562, 701, 1025]","[50, 60, -165, -338, -610]","[33, 5, -33, -18, -51]","[1175, 1171, 1332, 1643, 1545, 1320, 1477, 1158, 1328, 1687, 1041, 1482, 1026, 1225, 1543]","[181, 365, 273, 250, 262, 564, 573, 502, 478, 545, 679, 588, 745, 632, 740]","[2, 4, 0, 0, -1, 4, 4, 0, -1, -2, 5, 0, 4, 3, -1]","[-5, -4, -5, -5, -5, -3, -4, -5, -5, -5, -2, -5, -3, -5, -5]"
118,34.72,10,False,1383,322,0,0,[],[],[],[],"[745, 1566, 518, 607, 844]","[745, 1566, 518, 607, 844]","[92, -24, -96, -288, -600]","[61, 33, -5, 10, -37]","[1203, 1227, 1332, 1643, 1531, 1376, 1533, 1162, 1314, 1659, 1111, 1482, 1082, 1267, 1529, 808, 1560, 621, 744, 1020]","[111, 309, 203, 180, 192, 522, 517, 432, 408, 475, 651, 518, 703, 562, 670, 728, 737, 752, 760, 831]","[2, 4, 0, 0, -1, 4, 4, 1, -1, -2, 5, 0, 4, 3, -1, 4, -5, 4, 5, 4]","[-5, -4, -5, -5, -5, -3, -4, -5, -5, -5, -2, -5, -3, -5, -5, -3, -2, -4, -2, -4]"
119,34.93,10,False,1383,322,0,0,[],[],[],[],"[771, 1542, 495, 528, 676]","[771, 1542, 495, 528, 676]","[129, -99, -26, -226, -565]","[89, 61, 23, 38, -23]","[1231, 1283, 1332, 1643, 1517, 1432, 1588, 1176, 1301, 1631, 1181, 1482, 1138, 1309, 1515, 864, 1490, 677, 814, 1076]","[41, 253, 133, 110, 122, 480, 461, 362, 338, 405, 623, 448, 661, 492, 600, 686, 709, 696, 732, 775]","[2, 4, 0, 0, -1, 4, 3, 1, 0, -2, 5, 0, 4, 3, -1, 4, -5, 4, 5, 4]","[-5, -4, -5, -5, -5, -3, -4, -5, -5, -5, -2, -5, -3, -5, -5, -3, -2, -4, -2, -4]"
120,35.15,10,False,1383,322,0,0,[],[],[],[],"[803, 1496, 490, 467, 518]","[803, 1496, 490, 467, 518]","[157, -169, 44, -156, -508]","[117, 89, 51, 66, -3]","[1339, 1332, 1643, 1503, 1488, 1630, 1190, 1301, 1603, 1251, 1482, 1194, 1339, 1501, 920, 1420, 733, 884, 1132]","[200, 63, 40, 52, 438, 405, 292, 268, 335, 595, 378, 619, 422, 530, 644, 681, 640, 704, 719]","[4, 0, 0, -1, 4, 3, 1, 0, -2, 5, 0, 4, 2, -1, 4, -5, 4, 5, 4]","[-3, -5, -5, -5, -3, -4, -5, -5, -5, -2, -5, -3, -5, -5, -3, -2, -4, -2, -4]"
121,35.36,10,False,1383,322,0,0,[],[],[],[],"[845, 1432, 506, 429, 381]","[845, 1432, 506, 429, 381]","[183, -236, 112, -76, -432]","[143, 115, 77, 92, 23]","[1395, 1544, 1672, 1204, 1301, 1575, 1321, 1482, 1250, 1367, 1487, 976, 1350, 789, 954, 1188, 894, 1475, 558, 480, 421]","[158, 396, 349, 222, 198, 265, 567, 308, 577, 352, 460, 602, 653, 584, 676, 663, 834, 803, 794, 803, 825]","[4, 4, 3, 1, 0, -2, 5, 0, 4, 2, -1, 4, -5, 4, 5, 4, 1, -2, 5, 4, 5]","[-3, -3, -4, -5, -5, -5, -2, -5, -3, -5, -5, -3, -2, -4, -2, -4, -5, -5, -2, -3, -3]"
122,35.56,9,False,1383,322,0,0,[],[],[],[],"[884, 1353, 533, 410, 271]","[884, 1353, 533, 410, 271]","[176, -313, 151, -24, -370]","[135, 115, 77, 92, 23]","[1447, 1596, 1711, 1217, 1301, 1549, 1386, 1482, 1302, 1474, 1028, 1285, 841, 1019, 1240, 907, 1449, 623, 532, 486]","[119, 357, 297, 157, 133, 200, 541, 243, 538, 395, 563, 627, 532, 650, 611, 769, 738, 768, 764, 786]","[4, 4, 3, 1, 0, -2, 5, 0, 4, -1, 4, -5, 4, 5, 4, 1, -2, 5, 4, 5]","[-3, -3, -4, -5, -5, -5, -2, -5, -3, -5, -3, -2, -4, -2, -4, -5, -5, -2, -3, -3]"
123,35.78,9,False,1383,322,0,0,[],[],[],[],"[926, 1248, 575, 405, 173]","[926, 1248, 575, 405, 173]","[162, -382, 189, 32, -288]","[121, 107, 77, 92, 23]","[1503, 1652, 1753, 1231, 1301, 1519, 1456, 1482, 1358, 1460, 1084, 1215, 897, 1089, 1294, 921, 1421, 693, 588, 556]","[77, 312, 241, 87, 63, 130, 513, 173, 496, 325, 521, 588, 488, 622, 555, 699, 668, 740, 722, 744]","[4, 4, 3, 1, 0, -3, 5, 0, 4, -1, 4, -5, 4, 5, 3, 1, -2, 5, 4, 5]","[-3, -4, -4, -5, -5, -5, -2, -5, -3, -5, -3, -3, -3, -2, -4, -5, -5, -2, -3, -3]"
124,35.99,9,False,1383,322,0,0,[],[],[],[],"[966, 1126, 626, 415, 100]","[966, 1126, 626, 415, 100]","[146, -435, 217, 88, -193]","[107, 93, 77, 92, 23]","[1559, 1708, 1795, 1245, 1477, 1526, 1482, 1414, 1434, 1140, 1145, 953, 1159, 1336, 935, 1393, 763, 656, 626]","[35, 256, 185, 17, 60, 484, 103, 454, 255, 479, 546, 446, 594, 499, 629, 598, 712, 680, 702]","[4, 4, 3, 1, -3, 5, 0, 4, -2, 4, -5, 4, 5, 3, 1, -2, 5, 5, 5]","[-3, -4, -4, -5, -5, -3, -5, -3, -5, -3, -3, -3, -2, -4, -5, -5, -2, -3, -3]"
125,36.2,9,False,1383,322,0,0,[],[],[],[],"[994, 991, 682, 441, 53]","[994, 991, 682, 441, 53]","[118, -471, 240, 144, -93]","[93, 79, 74, 79, 23]","[1764, 1837, 1596, 1482, 1470, 1406, 1196, 1086, 1009, 1229, 1378, 949, 1365, 833, 726, 696, 1049, 1097, 728, 502, 132]","[200, 129, 442, 33, 412, 185, 437, 504, 404, 566, 443, 559, 528, 684, 638, 660, 912, 855, 817, 832, 822]","[4, 3, 5, 0, 4, -2, 4, -4, 4, 5, 3, 1, -2, 5, 5, 5, 3, 3, 4, 4, 5]","[-4, -4, -3, -5, -3, -5, -3, -3, -3, -2, -4, -5, -5, -2, -3, -3, -4, -5, -4, -4, -1]"
126,36.42,9,False,1383,322,0,0,[],[],[],[],"[1017, 851, 743, 482, 37]","[1017, 851, 743, 482, 37]","[90, -489, 254, 193, 19]","[72, 65, 60, 65, 23]","[1820, 1879, 1666, 1526, 1378, 1252, 1030, 1065, 1299, 1420, 963, 1337, 903, 796, 766, 1091, 1139, 784, 558, 202]","[144, 62, 400, 370, 115, 395, 462, 362, 538, 387, 489, 458, 656, 596, 618, 856, 785, 761, 776, 808]","[4, 3, 5, 4, -2, 4, -4, 4, 5, 3, 1, -2, 5, 5, 5, 3, 3, 4, 4, 5]","[-4, -5, -3, -3, -5, -3, -3, -3, -2, -4, -5, -5, -2, -3, -3, -4, -5, -4, -4, -1]"
127,36.63,9,False,1383,322,0,0,[],[],[],[],"[1030, 721, 808, 532, 50]","[1030, 721, 808, 532, 50]","[64, -486, 258, 232, 123]","[46, 52, 47, 52, 23]","[1872, 1731, 1578, 1352, 1304, 978, 1117, 1364, 1459, 984, 1311, 968, 861, 831, 1130, 1178, 836, 610, 267]","[92, 361, 331, 50, 356, 423, 323, 512, 335, 424, 393, 630, 557, 579, 804, 720, 709, 724, 795]","[4, 5, 4, -2, 4, -4, 4, 5, 3, 2, -2, 5, 5, 5, 3, 3, 4, 4, 5]","[-4, -3, -3, -5, -3, -3, -3, -2, -4, -5, -5, -2, -3, -3, -4, -5, -4, -4, -1]"
128,36.85,8,False,1383,322,0,0,[],[],[],[],"[1037, 591, 873, 592, 89]","[1037, 591, 873, 592, 89]","[38, -467, 256, 265, 219]","[20, 39, 34, 39, 23]","[1919, 1796, 1630, 926, 1169, 1429, 1498, 1010, 1285, 1033, 926, 896, 1169, 1217, 888, 662, 332]","[40, 322, 292, 384, 284, 486, 283, 359, 328, 604, 518, 540, 752, 655, 669, 676, 782]","[3, 5, 4, -4, 4, 5, 3, 2, -2, 5, 5, 5, 3, 3, 4, 4, 5]","[-4, -3, -3, -3, -3, -2, -4, -5, -5, -2, -3, -3, -4, -5, -3, -3, -1]"
129,37.06,8,False,1383,322,0,0,[],[],[],[],"[1037, 469, 938, 660, 154]","[1037, 469, 938, 660, 154]","[30, -414, 261, 309, 328]","[12, 44, 39, 44, 41]","[1857, 1682, 874, 1221, 1494, 1537, 1036, 1259, 1098, 991, 961, 1208, 1256, 940, 714, 397, 1090, 612, 960, 697, 190]","[283, 253, 342, 245, 460, 231, 294, 263, 578, 479, 501, 700, 590, 630, 637, 769, 909, 889, 827, 860, 801]","[4, 4, -4, 4, 5, 3, 2, -2, 5, 5, 5, 3, 3, 4, 4, 5, 2, 4, 3, 5, 5]","[-3, -3, -4, -3, -2, -4, -5, -5, -2, -3, -3, -4, -5, -3, -3, -1, -5, -3, -4, -2, -3]"
130,37.27,8,False,1383,322,0,0,[],[],[],[],"[1037, 359, 1008, 745, 256]","[1037, 359, 1008, 745, 256]","[30, -331, 266, 352, 442]","[12, 58, 53, 58, 67]","[1913, 1738, 818, 1277, 1564, 1579, 1064, 1231, 1168, 1061, 1031, 1250, 1298, 996, 770, 467, 1118, 668, 1002, 767, 260]","[241, 211, 286, 203, 432, 175, 224, 193, 550, 437, 459, 644, 520, 588, 595, 755, 839, 847, 771, 832, 759]","[4, 4, -4, 4, 5, 3, 2, -2, 5, 5, 5, 3, 3, 4, 4, 5, 2, 4, 3, 5, 5]","[-3, -3, -4, -3, -2, -4, -5, -5, -2, -3, -3, -4, -5, -3, -3, -1, -5, -3, -4, -2, -3]"
131,37.49,8,False,1383,322,0,0,[],[],[],[],"[1037, 274, 1078, 843, 388]","[1037, 274, 1078, 843, 388]","[30, -233, 263, 383, 539]","[12, 69, 67, 72, 81]","[1794, 764, 1333, 1634, 1621, 1092, 1203, 1238, 1131, 1101, 1292, 1340, 1052, 826, 537, 1146, 724, 1044, 837, 330]","[164, 230, 161, 404, 119, 154, 123, 522, 395, 417, 588, 450, 546, 553, 741, 769, 805, 715, 804, 725]","[4, -3, 4, 5, 3, 2, -2, 5, 5, 5, 3, 3, 4, 4, 5, 2, 4, 3, 5, 5]","[-4, -4, -3, -2, -4, -5, -5, -2, -3, -3, -4, -5, -3, -3, -1, -5, -3, -4, -2, -2]"
132,37.7,8,False,1383,322,0,0,[],[],[],[],"[1037, 218, 1147, 942, 545]","[1037, 218, 1147, 942, 545]","[30, -124, 249, 400, 616]","[12, 69, 81, 86, 95]","[1850, 722, 1389, 1704, 1663, 1120, 1175, 1308, 1201, 1171, 1334, 1382, 1108, 882, 607, 1174, 780, 1086, 907, 400, 1073, 267, 1191, 982, 585]","[108, 174, 119, 376, 63, 84, 53, 494, 353, 375, 532, 380, 504, 511, 727, 699, 763, 659, 776, 697, 949, 960, 897, 914, 864]","[4, -3, 4, 5, 3, 2, -2, 5, 5, 5, 3, 3, 4, 4, 5, 2, 4, 3, 5, 5, 1, 5, 2, 1, 3]","[-4, -4, -3, -2, -4, -5, -5, -2, -3, -3, -4, -5, -3, -3, -1, -5, -3, -4, -2, -2, -5, -2, -5, -5, -4]"
133,37.91,8,False,1383,322,0,0,[],[],[],[],"[1037, 194, 1199, 1046, 707]","[1037, 194, 1199, 1046, 707]","[30, -20, 227, 403, 667]","[12, 69, 94, 99, 108]","[1902, 683, 1441, 1769, 1702, 1146, 1373, 1266, 1236, 1373, 1421, 1160, 934, 672, 1200, 832, 1125, 972, 465, 1086, 332, 1217, 995, 624]","[56, 122, 80, 350, 11, 19, 468, 314, 336, 480, 315, 465, 472, 714, 634, 724, 607, 747, 671, 884, 934, 832, 849, 812]","[4, -3, 4, 5, 3, 2, 5, 5, 5, 3, 3, 4, 4, 5, 2, 4, 3, 5, 5, 1, 5, 2, 1, 3]","[-4, -4, -3, -2, -4, -5, -2, -3, -3, -4, -5, -3, -3, -1, -5, -3, -4, -3, -2, -5, -2, -5, -5, -4]"
134,38.12,8,False,1383,322,0,0,[],[],[],[],"[1037, 198, 1254, 1149, 889]","[1037, 198, 1254, 1149, 889]","[30, 92, 199, 391, 698]","[12, 69, 108, 103, 122]","[646, 1497, 1839, 1443, 1336, 1306, 1415, 1463, 1216, 990, 742, 1228, 888, 1167, 1042, 535, 1100, 402, 1245, 1009, 666]","[54, 38, 322, 440, 272, 294, 424, 245, 423, 430, 700, 564, 682, 551, 705, 643, 814, 906, 762, 779, 756]","[-2, 4, 5, 5, 5, 5, 3, 3, 4, 4, 5, 2, 4, 3, 5, 5, 1, 5, 2, 1, 3]","[-5, -3, -2, -2, -3, -3, -4, -5, -3, -3, -1, -5, -3, -4, -3, -2, -5, -2, -5, -5, -4]"
135,38.33,8,False,1383,322,0,0,[],[],[],[],"[1037, 230, 1293, 1240, 1070]","[1037, 230, 1293, 1240, 1070]","[30, 196, 163, 367, 704]","[12, 69, 111, 103, 132]","[1904, 1508, 1401, 1371, 1454, 1502, 1268, 1042, 807, 1254, 940, 1206, 1107, 600, 1113, 467, 1271, 1022, 705]","[296, 414, 233, 255, 372, 180, 384, 391, 687, 499, 643, 499, 666, 617, 749, 880, 697, 714, 704]","[5, 5, 5, 5, 3, 3, 4, 4, 5, 2, 4, 3, 5, 5, 1, 5, 2, 1, 3]","[-2, -2, -3, -3, -4, -5, -3, -3, -1, -5, -3, -4, -3, -2, -5, -2, -5, -5, -4]"
136,38.55,8,False,1383,322,0,0,[],[],[],[],"[1037, 294, 1325, 1330, 1256]","[1037, 294, 1325, 1330, 1256]","[20, 292, 111, 318, 673]","[2, 59, 101, 93, 122]","[1578, 1471, 1441, 1496, 1544, 1324, 1098, 877, 1282, 996, 1248, 1177, 670, 1127, 537, 1299, 1036, 755, 1087, 340, 1366, 1350, 1254]","[386, 191, 213, 316, 110, 342, 349, 673, 429, 601, 443, 624, 589, 679, 852, 627, 644, 648, 931, 1004, 966, 986, 942]","[5, 5, 5, 3, 3, 4, 4, 5, 2, 4, 3, 5, 5, 1, 5, 2, 1, 4, 3, 5, 0, 0, 2]","[-2, -3, -3, -4, -5, -3, -3, -1, -5, -3, -4, -3, -2, -5, -2, -5, -5, -4, -5, -1, -5, -5, -5]"
137,38.76,7,False,1383,322,0,0,[],[],[],[],"[1034, 373, 1339, 1397, 1416]","[1034, 373, 1339, 1397, 1416]","[-6, 356, 46, 246, 605]","[-24, 33, 75, 67, 96]","[1643, 1536, 1506, 1535, 1583, 1150, 942, 1308, 1048, 1287, 1242, 735, 1140, 602, 1325, 1049, 807, 1126, 405, 1366, 1350, 1280]","[360, 152, 174, 264, 45, 310, 660, 364, 562, 391, 585, 563, 614, 826, 562, 579, 596, 866, 991, 901, 921, 877]","[5, 5, 5, 3, 3, 4, 5, 2, 4, 3, 5, 5, 1, 5, 2, 1, 4, 3, 5, 0, 0, 2]","[-2, -3, -3, -4, -5, -3, -1, -5, -3, -4, -3, -2, -5, -2, -5, -5, -4, -5, -1, -5, -5, -5]"
138,38.97,7,False,1383,322,0,0,[],[],[],[],"[1021, 467, 1335, 1443, 1554]","[1021, 467, 1335, 1443, 1554]","[-32, 408, -19, 168, 519]","[-44, 7, 49, 41, 70]","[1708, 1601, 1571, 1574, 1202, 1007, 1334, 1100, 1326, 1307, 800, 1153, 667, 1351, 1062, 859, 1165, 470, 1366, 1350, 1306]","[334, 113, 135, 212, 271, 647, 299, 523, 339, 546, 537, 549, 800, 497, 514, 544, 801, 969, 836, 856, 812]","[5, 5, 5, 3, 4, 5, 2, 4, 3, 5, 5, 1, 5, 2, 1, 4, 3, 5, 0, 0, 2]","[-2, -3, -3, -4, -3, -1, -5, -3, -4, -3, -2, -5, -2, -5, -5, -4, -5, -2, -5, -5, -5]"
139,39.18,6,False,1383,322,0,0,[],[],[],[],"[1004, 571, 1315, 1469, 1668]","[1004, 571, 1315, 1469, 1668]","[-58, 446, -84, 85, 416]","[-57, -19, 23, 15, 44]","[1773, 1666, 1636, 1613, 1254, 1072, 1360, 1152, 1372, 865, 1166, 732, 1377, 1075, 911, 1204, 535, 1366, 1350, 1332]","[308, 74, 96, 160, 232, 634, 234, 484, 507, 511, 484, 774, 432, 449, 492, 736, 943, 771, 791, 747]","[5, 5, 5, 3, 4, 5, 2, 4, 5, 5, 1, 5, 2, 1, 4, 3, 5, 0, 0, 2]","[-2, -3, -3, -4, -3, -1, -5, -3, -3, -2, -5, -2, -5, -5, -4, -5, -2, -5, -5, -5]"
140,39.4,6,False,1383,322,0,0,[],[],[],[],"[976, 696, 1275, 1472, 1758]","[976, 696, 1275, 1472, 1758]","[-86, 471, -154, -13, 290]","[-71, -47, -5, -13, 16]","[1843, 1736, 1706, 1655, 1310, 1142, 1388, 1208, 1442, 935, 1180, 802, 1405, 1089, 967, 1246, 605, 1366, 1350, 1360, 1063, 704, 1340, 1493, 1721]","[270, 32, 54, 104, 190, 620, 164, 442, 465, 483, 414, 746, 362, 379, 436, 666, 915, 701, 721, 677, 877, 966, 970, 987, 993]","[5, 5, 5, 3, 4, 5, 2, 4, 5, 5, 1, 5, 2, 1, 4, 3, 5, 0, 0, 2, 3, 4, 1, -2, -4]","[-3, -3, -3, -4, -3, -1, -5, -3, -3, -2, -5, -2, -5, -5, -4, -5, -2, -5, -5, -5, -4, -4, -5, -5, -3]"
141,39.61,6,False,1383,322,0,0,[],[],[],[],"[944, 813, 1220, 1451, 1810]","[944, 813, 1220, 1451, 1810]","[-107, 479, -210, -100, 161]","[-84, -73, -31, -39, -10]","[1908, 1771, 1694, 1362, 1207, 1414, 1260, 1507, 1000, 1193, 867, 1431, 1102, 1019, 1285, 670, 1366, 1350, 1386, 1102, 756, 1353, 1476, 1669]","[231, 28, 52, 151, 607, 99, 403, 426, 457, 349, 720, 297, 314, 384, 601, 889, 636, 656, 612, 825, 914, 905, 922, 954]","[5, 5, 3, 4, 5, 2, 4, 5, 5, 1, 5, 2, 1, 4, 3, 5, 0, 0, 2, 3, 4, 1, -1, -4]","[-3, -2, -4, -3, -1, -5, -3, -3, -2, -5, -2, -5, -5, -4, -5, -2, -5, -5, -5, -4, -4, -5, -5, -3]"
142,39.82,6,False,1383,322,0,0,[],[],[],[],"[905, 930, 1152, 1407, 1822]","[905, 930, 1152, 1407, 1822]","[-120, 472, -261, -178, 31]","[-94, -99, -57, -65, -36]","[1836, 1414, 1272, 1440, 1312, 1572, 1065, 1209, 932, 1457, 1116, 1071, 1324, 735, 1366, 1350, 1412, 1141, 808, 1366, 1463, 1617]","[2, 112, 594, 34, 364, 387, 431, 284, 694, 232, 249, 332, 536, 863, 571, 591, 547, 773, 862, 840, 857, 915]","[5, 4, 5, 2, 4, 5, 5, 2, 5, 2, 2, 4, 3, 5, 0, 0, 2, 3, 4, 1, -1, -4]","[-2, -3, -1, -5, -3, -3, -2, -5, -2, -5, -5, -4, -5, -2, -5, -5, -5, -4, -4, -5, -5, -3]"
143,40.04,5,False,1383,322,0,0,[],[],[],[],"[863, 1055, 1067, 1338, 1804]","[863, 1055, 1067, 1338, 1804]","[-134, 448, -303, -258, -109]","[-94, -114, -85, -93, -64]","[1470, 1342, 1642, 1135, 1237, 1002, 1485, 1144, 1127, 1366, 805, 1366, 1350, 1440, 1183, 864, 1380, 1449, 1561]","[70, 580, 345, 403, 214, 666, 162, 179, 276, 466, 835, 501, 521, 477, 717, 806, 770, 787, 873]","[4, 5, 5, 5, 2, 5, 2, 2, 4, 3, 5, 0, 0, 2, 3, 4, 1, -1, -4]","[-3, -1, -3, -2, -5, -2, -5, -5, -4, -5, -2, -5, -5, -5, -4, -4, -5, -5, -3]"
144,40.24,5,False,1383,322,0,0,[],[],[],[],"[824, 1159, 976, 1259, 1753]","[824, 1159, 976, 1259, 1753]","[-113, 432, -308, -301, -216]","[-72, -105, -83, -94, -68]","[1522, 1407, 1707, 1200, 1263, 1067, 1511, 1170, 1179, 1405, 870, 1366, 1350, 1466, 1222, 916, 1393, 1436, 1509, 935, 1124, 1089, 1386, 1810]","[31, 567, 306, 377, 149, 640, 97, 114, 224, 401, 809, 436, 456, 412, 665, 754, 705, 722, 834, 753, 840, 896, 903, 941]","[4, 5, 5, 5, 2, 5, 2, 2, 4, 3, 5, 0, 0, 2, 3, 4, 1, -1, -4, 3, 0, 0, 2, -3]","[-3, -1, -3, -2, -5, -2, -5, -5, -4, -5, -2, -5, -5, -5, -4, -4, -5, -5, -3, -5, -5, -5, -5, -4]"
145,40.45,5,False,1383,322,0,0,[],[],[],[],"[792, 1263, 888, 1168, 1678]","[792, 1263, 888, 1168, 1678]","[-87, 407, -298, -327, -307]","[-46, -87, -70, -81, -64]","[1472, 1764, 1265, 1289, 1132, 1537, 1196, 1231, 1444, 935, 1366, 1350, 1492, 1261, 968, 1406, 1423, 1457, 974, 1124, 1089, 1412, 1771]","[554, 267, 351, 84, 614, 32, 49, 172, 336, 783, 371, 391, 347, 613, 702, 640, 657, 784, 688, 775, 831, 838, 889]","[5, 4, 5, 2, 5, 2, 2, 4, 3, 5, 0, 0, 2, 3, 4, 1, -1, -4, 3, 0, 0, 2, -3]","[-1, -3, -2, -5, -2, -5, -5, -4, -5, -2, -5, -5, -5, -4, -4, -5, -5, -4, -5, -5, -5, -5, -4]"
146,40.66,4,False,1383,322,0,0,[],[],[],[],"[764, 1363, 804, 1070, 1572]","[764, 1363, 804, 1070, 1572]","[-59, 365, -275, -343, -394]","[-18, -59, -56, -67, -50]","[1542, 1820, 1335, 1317, 1202, 1287, 1486, 1005, 1350, 1520, 1303, 1024, 1420, 1409, 1401, 1016, 1124, 1089, 1440, 1729]","[540, 225, 323, 14, 586, 116, 266, 755, 321, 277, 557, 646, 570, 587, 728, 630, 705, 761, 768, 833]","[5, 4, 5, 2, 5, 4, 3, 5, 0, 2, 3, 4, 1, -1, -4, 3, 0, 0, 2, -3]","[-1, -3, -2, -5, -2, -4, -5, -2, -5, -5, -4, -4, -5, -5, -4, -4, -5, -5, -5, -4]"
147,40.87,2,False,1383,322,0,0,[],[],[],[],"[747, 1450, 724, 972, 1443]","[747, 1450, 724, 972, 1443]","[-19, 309, -241, -345, -465]","[10, -31, -42, -53, -36]","[1612, 1876, 1272, 1343, 1528, 1075, 1548, 1345, 1080, 1434, 1395, 1345, 1058, 1124, 1089, 1468, 1687, 793, 1484, 778, 1028, 1485]","[518, 183, 556, 60, 196, 727, 207, 501, 590, 500, 517, 672, 574, 635, 691, 698, 777, 749, 775, 851, 847, 881]","[5, 4, 5, 4, 3, 5, 2, 3, 4, 1, -1, -4, 3, 0, 0, 2, -3, 5, 0, 4, 3, -3]","[-2, -3, -3, -4, -5, -2, -5, -4, -4, -5, -5, -4, -4, -5, -5, -5, -4, -3, -5, -3, -5, -4]"
148,41.08,2,False,1383,322,0,0,[],[],[],[],"[741, 1520, 655, 874, 1297]","[741, 1520, 655, 874, 1297]","[23, 241, -198, -333, -516]","[38, -3, -28, -35, -22]","[1682, 1342, 1399, 1570, 1145, 1576, 1387, 1136, 1434, 1381, 1289, 1100, 1124, 1089, 1496, 1645, 863, 1484, 834, 1070, 1443]","[490, 514, 4, 126, 699, 137, 445, 534, 430, 447, 616, 518, 565, 621, 628, 721, 707, 705, 809, 777, 820]","[5, 5, 4, 3, 5, 2, 3, 4, 0, -1, -4, 3, 0, 0, 2, -3, 5, 0, 4, 3, -3]","[-2, -3, -4, -5, -2, -5, -4, -4, -5, -5, -4, -4, -5, -5, -5, -4, -3, -5, -3, -5, -5]"
149,41.3,2,False,1383,322,0,0,[],[],[],[],"[746, 1567, 605, 783, 1154]","[746, 1567, 605, 783, 1154]","[62, 174, -146, -309, -546]","[64, 23, -3, -9, -9]","[1747, 1407, 1606, 1210, 1602, 1426, 1188, 1434, 1368, 1237, 1139, 1124, 1089, 1522, 1606, 928, 1484, 886, 1109, 1404]","[464, 475, 61, 673, 72, 393, 482, 365, 382, 564, 466, 500, 556, 563, 669, 668, 640, 770, 714, 755]","[5, 5, 2, 5, 2, 3, 4, 0, -1, -4, 3, 0, 0, 2, -3, 5, 0, 4, 3, -3]","[-2, -3, -5, -2, -5, -4, -4, -5, -5, -4, -4, -5, -5, -5, -4, -3, -5, -3, -4, -5]"
150,41.51,1,False,1383,322,0,0,[],[],[],[],"[760, 1596, 568, 701, 1002]","[760, 1596, 568, 701, 1002]","[101, 96, -94, -274, -555]","[90, 49, 23, 17, 4]","[1812, 1472, 1275, 1628, 1465, 1240, 1434, 1185, 1178, 1124, 1089, 1535, 1567, 993, 1484, 938, 1148, 1365]","[438, 436, 647, 7, 341, 430, 300, 512, 414, 435, 491, 498, 617, 629, 575, 731, 662, 690]","[5, 5, 5, 2, 3, 4, 0, -4, 3, 0, 0, 1, -3, 5, 0, 4, 3, -3]","[-2, -3, -2, -5, -4, -4, -5, -4, -4, -5, -5, -5, -4, -3, -5, -3, -4, -5]"
151,41.72,1,False,1383,322,0,0,[],[],[],[],"[788, 1603, 544, 624, 834]","[788, 1603, 544, 624, 834]","[118, 0, -40, -237, -555]","[106, 65, 39, 33, 6]","[1882, 1542, 1345, 1507, 1296, 1434, 1129, 1220, 1124, 1093, 1549, 1525, 1063, 1484, 994, 1190, 1323, 857, 1632, 609, 714, 947]","[410, 394, 619, 285, 374, 230, 456, 358, 365, 421, 428, 561, 587, 505, 689, 606, 620, 792, 743, 804, 802, 826]","[5, 5, 5, 3, 4, 0, -4, 3, 0, 1, 1, -3, 5, 0, 4, 3, -3, 5, -1, 4, 5, 3]","[-2, -3, -2, -4, -4, -5, -4, -4, -5, -5, -5, -4, -3, -5, -3, -4, -5, -2, -5, -3, -2, -4]"
152,41.92,1,False,1383,322,0,0,[],[],[],[],"[814, 1582, 531, 559, 680]","[814, 1582, 531, 559, 680]","[118, -104, -1, -211, -549]","[106, 65, 39, 33, -7]","[1607, 1410, 1546, 1348, 1434, 1082, 1259, 1124, 1106, 1562, 1486, 1128, 1484, 1046, 1229, 1284, 922, 1619, 661, 779, 986]","[355, 593, 233, 322, 165, 404, 306, 300, 356, 363, 509, 548, 440, 650, 554, 555, 766, 678, 765, 776, 774]","[5, 5, 3, 4, 0, -3, 3, 0, 1, 1, -3, 5, 0, 4, 3, -3, 5, -1, 4, 5, 3]","[-3, -2, -4, -4, -5, -4, -4, -5, -5, -5, -4, -3, -5, -3, -4, -5, -2, -5, -3, -2, -4]"
153,51.87,0,False,1383,322,0,0,[],[],[],[],"[818, 1576, 531, 549, 658]","[818, 1576, 531, 549, 658]","[118, -120, 5, -205, -547]","[106, 65, 39, 33, -9]","[1617, 1420, 1552, 1434, 1076, 1265, 1124, 1108, 1564, 1480, 1138, 1484, 1054, 1235, 1278, 932, 1617, 669, 789, 992]","[349, 589, 225, 155, 396, 298, 290, 346, 353, 501, 542, 430, 644, 546, 545, 762, 668, 759, 772, 766]","[5, 5, 3, 0, -3, 3, 0, 1, 1, -3, 5, 0, 4, 3, -3, 5, -1, 4, 5, 3]","[-3, -2, -4, -5, -4, -4, -5, -5, -5, -4, -3, -5, -3, -4, -5, -2, -5, -3, -2, -4]"
154,52.07,10,False,1025,268,1,-9,[],[],[],[],[1318],[1318],[-70],[-30],[],[],[],[]
