,HP,Power up,Player x,Player y,Player speed_x,Player speed_y,Player bullet x,Player bullet y,Player bullet speed_x,Player bullet speed_y,Enemy x,Enemy y,Enemy speed_x,Enemy speed_y,Enemy bullet x,Enemy bullet y,Enemy bullet speed_x,Enemy bullet speed_y,Humidity,Temperature,Skin conductance,Relative blood volume,Accelerations
0,10,False,769,246,0,9,[],[],[],[],"[358, 727, 1031, 720]","[358, 727, 1031, 720]","[437, 81, 142, 274]","[58, 15, 61, 20]",[],[],[],[],41.3,23.9,41130.0,"[18820.0, 19124.0, 20725.0, 20901.0, 22165.0, 23765.0, 24501.0, 24565.0, 24886.0, 25558.0, 25270.0, 25094.0, 25350.0, 24790.0, 24998.0, 24726.0, 24389.0, 24277.0, 24165.0, 22725.0]",[]
1,10,False,772,408,0,0,[],[],[],[],"[540, 747, 1071, 820]","[540, 747, 1071, 820]","[507, 94, 116, 291]","[92, 20, 69, 57]",[],[],[],[],41.3,23.9,41450.0,"[22853.0, 22917.0, 22469.0, 21557.0, 21525.0, 21013.0, 21445.0, 20837.0, 20757.0, 20949.0, 20741.0, 20485.0, 20356.0, 20661.0, 20100.0, 20324.0, 20020.0, 20052.0, 20260.0, 20885.0]",[]
2,10,False,832,235,4,-9,[],[],[],[],"[740, 781, 1088, 928, 1058]","[740, 781, 1088, 928, 1058]","[528, 99, 7, 288, -49]","[111, 31, 52, 77, -33]","[711, 808, 1084, 873, 1103]","[609, 663, 756, 646, 772]","[2, 0, -5, -5, -1]","[-5, -5, -2, -2, -5]",41.3,23.9,41802.0,"[21925.0, 21653.0, 21637.0, 21445.0, 21765.0, 21125.0, 21925.0, 22309.0, 22437.0, 23717.0, 24085.0, 24742.0, 26006.0, 26134.0, 26918.0, 27430.0, 27270.0, 27270.0, 27302.0, 27110.0]",[]
3,10,False,838,405,0,9,[873],[397],[0],[5],"[935, 801, 1061, 1024, 1010]","[935, 801, 1061, 1024, 1010]","[488, 58, -83, 230, -129]","[116, 16, 11, 44, -69]","[751, 808, 984, 773, 1083]","[509, 563, 716, 606, 672]","[2, 0, -5, -5, -1]","[-5, -5, -2, -2, -5]",41.3,23.9,40970.0,"[18244.0, 18308.0, 18516.0, 18004.0, 17700.0, 17844.0, 17924.0, 17108.0, 17476.0, 17508.0, 17156.0, 16724.0, 16596.0, 16307.0, 16404.0, 16980.0, 16147.0, 16836.0, 16724.0, 16916.0]",[]
4,10,False,904,275,3,-9,[873],[497],[0],[5],"[1101, 803, 999, 1091, 931]","[1101, 803, 999, 1091, 931]","[394, 17, -173, 152, -214]","[106, -32, -25, 21, -98]","[791, 808, 884, 673, 1063]","[409, 463, 676, 566, 572]","[2, 0, -5, -5, -1]","[-5, -5, -2, -2, -5]",41.3,23.9,40970.0,"[18244.0, 18308.0, 18516.0, 18004.0, 17700.0, 17844.0, 17924.0, 17108.0, 17476.0, 17508.0, 17156.0, 16724.0, 16596.0, 16307.0, 16404.0, 16980.0, 16147.0, 16836.0, 16724.0, 16916.0]",[]
5,10,False,1006,224,9,1,[],[],[],[],"[1224, 904, 1122, 825]","[1224, 904, 1122, 825]","[269, -246, 58, -261]","[68, -46, -4, -112]","[831, 808, 784, 573, 1043, 1051, 888, 1035, 1133, 932]","[309, 363, 636, 525, 472, 721, 598, 666, 582, 632]","[2, 0, -5, -5, -1, -5, 2, 0, 0, -2]","[-5, -5, -2, -3, -5, -2, -5, -5, -5, -5]",41.100004,24.0,41354.0,"[20613.0, 20292.0, 19876.0, 19508.0, 20004.0, 19508.0, 19156.0, 19140.0, 17972.0, 17924.0, 17892.0, 17796.0, 17124.0, 16644.0, 16548.0, 16548.0, 16388.0, 16243.0, 16195.0, 15827.0]",[]
6,10,False,1165,274,0,0,[],[],[],[],"[1292, 784, 1113, 705]","[1292, 784, 1113, 705]","[130, -293, -41, -296]","[18, -49, -25, -117]","[890, 808, 684, 484, 1023, 951, 928, 1035, 1133, 892]","[209, 263, 588, 465, 372, 681, 498, 566, 482, 532]","[3, 0, -5, -4, -1, -5, 2, 0, 0, -2]","[-5, -5, -3, -3, -5, -2, -5, -5, -5, -5]",41.100004,24.0,41306.0,"[22709.0, 23941.0, 24565.0, 26326.0, 27878.0, 28198.0, 28935.0, 29367.0, 29351.0, 29543.0, 29319.0, 29191.0, 29095.0, 28759.0, 28118.0, 28630.0, 28134.0, 28374.0, 27686.0, 27542.0]",[]
7,10,False,1280,348,8,5,[],[],[],[],"[1306, 661, 1068, 571, 823]","[1306, 661, 1068, 571, 823]","[14, -297, -127, -290, -6]","[-16, -24, -3, -69, 21]","[950, 808, 595, 404, 1003, 851, 968, 1035, 1133, 852, 1345, 798, 1131, 714, 905]","[115, 163, 528, 397, 272, 641, 398, 466, 382, 432, 737, 680, 597, 590, 792]","[3, 0, -4, -4, -1, -5, 2, 0, 0, -2, 0, 4, 0, 5, 4]","[-4, -5, -3, -4, -5, -2, -5, -5, -5, -5, -5, -3, -5, -3, -3]",41.100004,24.0,41178.0,"[23941.0, 23541.0, 23493.0, 23557.0, 23493.0, 23125.0, 23445.0, 22837.0, 22533.0, 22181.0, 22677.0, 22197.0, 21893.0, 21541.0, 21349.0, 21317.0, 21573.0, 21509.0, 21781.0, 22597.0]",[]
8,10,False,1325,500,-6,7,[1370],[553],[-4],[4],"[1279, 545, 1001, 459, 805]","[1279, 545, 1001, 459, 805]","[-92, -246, -168, -227, 3]","[-20, -30, 30, -38, -5]","[1010, 818, 515, 340, 983, 751, 1008, 1047, 1133, 812, 1345, 878, 1131, 814, 985]","[35, 63, 468, 314, 172, 598, 298, 366, 282, 332, 637, 620, 497, 530, 732]","[3, 1, -4, -3, -1, -5, 2, 1, 0, -2, 0, 4, 0, 5, 4]","[-4, -5, -3, -5, -5, -3, -5, -5, -5, -5, -5, -3, -5, -3, -3]",41.100004,24.0,41178.0,"[24758.0, 23829.0, 24037.0, 23109.0, 23333.0, 22821.0, 22549.0, 22581.0, 22229.0, 22613.0, 22645.0, 23205.0, 22805.0, 23557.0, 23205.0, 22949.0, 22597.0, 22021.0, 22117.0, 21973.0]",[]
9,9,False,1410,444,9,-3,[1304],[633],[-3],[4],"[1211, 451, 921, 374, 805]","[1211, 451, 921, 374, 805]","[-177, -180, -189, -137, 5]","[-9, -13, 83, 13, -1]","[435, 307, 963, 652, 1048, 1067, 1133, 781, 977, 1131, 914, 1065]","[396, 214, 72, 538, 198, 266, 182, 232, 560, 397, 470, 672]","[-4, -1, -1, -4, 2, 1, 0, -1, 5, 0, 5, 4]","[-4, -5, -5, -3, -5, -5, -5, -5, -3, -5, -3, -3]",41.100004,24.0,41178.0,"[20901.0, 21061.0, 21077.0, 20709.0, 20565.0, 21205.0, 21269.0, 21173.0, 21813.0, 22853.0, 23829.0, 25766.0, 26886.0, 28006.0, 29399.0, 30695.0, 31703.0, 32263.0, 32391.0, 32567.0]",[]
10,9,False,1440,498,8,5,[1228],[713],[-4],[4],"[1108, 384, 841, 333, 800]","[1108, 384, 841, 333, 800]","[-275, -101, -166, -22, -2]","[23, 26, 113, 44, -16]","[370, 320, 572, 1088, 1087, 1133, 761, 1077, 1131, 1014, 1145, 1323, 585, 1042, 508, 946]","[316, 114, 478, 98, 166, 82, 132, 500, 297, 410, 612, 654, 618, 597, 613, 751]","[-3, 2, -4, 2, 1, 0, -1, 5, 0, 5, 4, 4, 5, 4, 5, 5]","[-4, -5, -3, -5, -5, -5, -5, -3, -5, -3, -3, -4, -2, -3, 0, -2]",41.100004,24.0,41178.0,"[20901.0, 21061.0, 21077.0, 20709.0, 20565.0, 21205.0, 21269.0, 21173.0, 21813.0, 22853.0, 23829.0, 25766.0, 26886.0, 28006.0, 29399.0, 30695.0, 31703.0, 32263.0, 32391.0, 32567.0]",[]
11,8,False,1441,576,-2,9,[1148],[775],[-4],[3],"[973, 352, 763, 339, 794]","[973, 352, 763, 339, 794]","[-329, -15, -150, 100, 4]","[39, 56, 119, 104, -9]","[321, 392, 492, 1107, 741, 1177, 1131, 1114, 1225, 685, 1122, 608, 1046]","[220, 41, 415, 66, 32, 440, 197, 353, 552, 578, 537, 613, 711]","[-2, 5, -4, 1, -1, 5, 0, 5, 4, 5, 4, 5, 5]","[-5, -2, -4, -5, -5, -3, -5, -2, -3, -2, -3, 0, -2]",41.100004,23.9,41354.0,"[32231.0, 32055.0, 32487.0, 31511.0, 31463.0, 31447.0, 30551.0, 29623.0, 29079.0, 28374.0, 27574.0, 26726.0, 25334.0, 24998.0, 24197.0, 23685.0, 24117.0, 22837.0, 22661.0, 22117.0]",[]
12,8,False,1306,576,-9,1,[1055],[824],[-5],[2],"[828, 359, 703, 390, 775]","[828, 359, 703, 390, 775]","[-366, 80, -125, 188, -39]","[36, 67, 115, 100, 3]","[305, 492, 416, 1277, 1134, 1214, 1305, 785, 1202, 708, 1146, 986, 449, 829, 462, 861]","[120, 13, 335, 397, 97, 313, 492, 538, 477, 613, 671, 741, 674, 757, 657, 700]","[0, 5, -3, 5, 1, 5, 4, 5, 4, 5, 5, 5, 5, 5, 5, 4]","[-5, -1, -4, -2, -5, -2, -3, -2, -3, 0, -2, 0, 0, 0, -1, -4]",41.100004,23.9,41578.0,"[18580.0, 19204.0, 18484.0, 19236.0, 18836.0, 19220.0, 18948.0, 18212.0, 18340.0, 18020.0, 18628.0, 18148.0, 18740.0, 18900.0, 18436.0, 18100.0, 18180.0, 18484.0, 18244.0, 18404.0]",[]
13,6,False,1179,463,-5,-8,[955],[852],[-5],[1],"[668, 389, 643, 467, 738]","[668, 389, 643, 467, 738]","[-396, 114, -107, 240, -71]","[16, 59, 71, 74, -28]","[319, 592, 356, 1377, 1314, 1385, 885, 808, 1086, 549, 929, 562, 941]","[20, 13, 254, 357, 273, 432, 498, 613, 741, 674, 757, 637, 620]","[2, 5, -3, 5, 5, 4, 5, 5, 5, 5, 5, 5, 4]","[-5, 0, -5, -2, -2, -3, -2, 0, 0, 0, 0, -1, -4]",41.100004,23.9,41210.0,"[26534.0, 25398.0, 25174.0, 23893.0, 23877.0, 22549.0, 22597.0, 21845.0, 21845.0, 21413.0, 20485.0, 20517.0, 20581.0, 20308.0, 20757.0, 20757.0, 20404.0, 20420.0, 20885.0, 20020.0]",[]
14,6,False,1052,427,0,-9,"[855, 1083]","[860, 504]","[-5, -5]","[0, 2]","[496, 429, 600, 562, 698]","[496, 429, 600, 562, 698]","[-404, 140, -81, 259, -96]","[-2, 37, 28, 91, -53]","[692, 312, 1477, 1414, 1465, 985, 908, 1186, 649, 1029, 662, 1021]","[13, 154, 317, 233, 372, 458, 613, 741, 674, 757, 617, 540]","[5, -2, 5, 5, 4, 5, 5, 5, 5, 5, 5, 4]","[0, -5, -2, -2, -3, -2, 0, 0, 0, 0, -1, -4]",41.100004,23.9,41130.0,"[19044.0, 18756.0, 19492.0, 19636.0, 19380.0, 19460.0, 19812.0, 19732.0, 20116.0, 20372.0, 21445.0, 21941.0, 23301.0, 24549.0, 26806.0, 27750.0, 29575.0, 30359.0, 31543.0, 31751.0]",[]
15,5,False,1028,247,-4,-9,"[755, 983]","[860, 544]","[-5, -5]","[0, 2]","[333, 482, 560, 656, 638]","[333, 482, 560, 656, 638]","[-370, 162, -83, 256, -130]","[-25, 8, 0, 53, -64]","[792, 296, 1514, 1008, 1286, 749, 1129, 762, 1101, 622, 573, 702, 671, 762]","[29, 54, 193, 613, 741, 674, 757, 597, 460, 693, 701, 731, 642, 607]","[5, 0, 5, 5, 5, 5, 5, 5, 4, 5, 5, 3, 3, 1]","[1, -5, -2, 0, 0, 0, 0, -1, -4, -2, 0, -4, -4, -5]",41.100004,23.9,41162.0,"[31815.0, 31623.0, 30919.0, 30855.0, 30343.0, 29463.0, 28582.0, 27846.0, 26310.0, 26294.0, 25750.0, 24854.0, 23861.0, 22933.0, 22821.0, 21765.0, 21781.0, 21189.0, 20533.0, 20228.0]",[]
16,5,False,867,227,-8,4,"[655, 883]","[860, 584]","[-5, -5]","[0, 2]","[190, 542, 520, 742, 578]","[190, 542, 520, 742, 578]","[-306, 173, -64, 227, -148]","[-39, -3, -15, 30, -76]","[892, 1108, 1386, 849, 1229, 862, 1176, 722, 673, 762, 731, 782]","[49, 613, 741, 668, 740, 577, 380, 652, 701, 651, 562, 507]","[5, 5, 5, 5, 5, 5, 3, 5, 5, 3, 3, 1]","[1, 0, 0, -1, -1, -1, -4, -3, 0, -4, -4, -5]",41.2,23.9,41370.0,"[31399.0, 31831.0, 32151.0, 31943.0, 32615.0, 31543.0, 31783.0, 30775.0, 29959.0, 29911.0, 28967.0, 28118.0, 27046.0, 26198.0, 24870.0, 24261.0, 23045.0, 22581.0, 21797.0, 22053.0]",[]
17,4,False,801,355,0,0,"[555, 783]","[842, 624]","[-5, -5]","[-1, 2]","[78, 603, 493, 822, 516]","[78, 603, 493, 822, 516]","[-191, 203, -14, 222, -107]","[-77, -13, -39, 32, -56]","[992, 1208, 1486, 949, 1329, 962, 1236, 822, 773, 822, 791, 206, 645, 561, 814, 630]","[69, 613, 741, 648, 720, 557, 300, 592, 701, 571, 482, 656, 647, 734, 690, 593]","[5, 5, 5, 5, 5, 5, 3, 5, 5, 3, 3, 4, 3, 1, -1, 4]","[1, 0, 0, -1, -1, -1, -4, -3, 0, -4, -4, -3, -4, -5, -5, -3]",41.2,23.9,41306.0,"[18308.0, 18532.0, 18276.0, 17988.0, 18276.0, 18612.0, 18852.0, 18964.0, 19108.0, 18980.0, 18980.0, 18532.0, 18148.0, 18308.0, 19012.0, 18292.0, 18468.0, 18644.0, 18404.0, 18964.0]",[]
18,3,False,836,273,-1,-9,[455],[822],[-5],[-1],"[24, 489, 902, 483]","[24, 489, 902, 483]","[-30, 37, 220, -22]","[-30, -35, 58, -35]","[1092, 1308, 1049, 1429, 1062, 1296, 922, 873, 882, 286, 705, 581, 794, 710]","[108, 601, 628, 696, 537, 220, 532, 701, 491, 596, 567, 634, 590, 533]","[5, 5, 5, 5, 5, 3, 5, 5, 3, 4, 3, 1, -1, 4]","[2, -1, -1, -2, -1, -4, -3, 0, -4, -3, -4, -5, -5, -3]",41.2,23.9,41178.0,"[27014.0, 26406.0, 24838.0, 24565.0, 23637.0, 22677.0, 22405.0, 22325.0, 21653.0, 22021.0, 21157.0, 21349.0, 21045.0, 20116.0, 20004.0, 19764.0, 19972.0, 19444.0, 19396.0, 19924.0]",[]
19,3,False,739,331,0,0,"[355, 784]","[791, 376]","[-5, -2]","[-2, 5]","[34, 506, 978, 475]","[34, 506, 978, 475]","[122, 87, 201, 18]","[13, -8, 71, -6]","[1192, 1408, 1149, 1529, 1162, 1356, 1011, 973, 942, 366, 765, 601, 774, 790]","[148, 581, 608, 656, 517, 140, 472, 681, 411, 536, 486, 534, 490, 473]","[5, 5, 5, 5, 5, 3, 4, 5, 3, 4, 3, 1, -1, 4]","[2, -1, -1, -2, -1, -4, -3, -1, -4, -3, -5, -5, -5, -3]",41.2,23.9,41194.0,"[18852.0, 18308.0, 18660.0, 19172.0, 18948.0, 18628.0, 18500.0, 19204.0, 19028.0, 18868.0, 18516.0, 18884.0, 19812.0, 20565.0, 21989.0, 23317.0, 24453.0, 26406.0, 28006.0, 28887.0]",[]
20,3,False,676,192,-7,-6,[729],[468],[-3],[4],"[108, 544, 1038, 480]","[108, 544, 1038, 480]","[278, 142, 162, 68]","[49, 39, 59, 45]","[1278, 1508, 1249, 1262, 1415, 1091, 1073, 1002, 446, 825, 621, 754, 870, 175, 583, 985, 596, 373]","[208, 561, 588, 481, 45, 412, 661, 331, 476, 386, 434, 390, 413, 575, 621, 670, 537, 760]","[4, 5, 5, 5, 2, 4, 5, 3, 4, 3, 1, -1, 4, 5, 2, -2, 4, 4]","[3, -1, -1, -2, -5, -3, -1, -4, -3, -5, -5, -5, -3, -2, -5, -5, -4, -4]",41.2,23.9,41370.0,"[21637.0, 21301.0, 21077.0, 21589.0, 20805.0, 21301.0, 20677.0, 20997.0, 21189.0, 20773.0, 20100.0, 20565.0, 19780.0, 20244.0, 19300.0, 19332.0, 19860.0, 19172.0, 19556.0, 19524.0]",[]
21,3,False,498,186,-9,3,[669],[548],[-3],[4],"[239, 602, 1082, 514]","[239, 602, 1082, 514]","[402, 197, 109, 151]","[87, 71, 46, 82]","[1353, 1349, 1362, 1171, 1173, 1062, 526, 885, 641, 734, 950, 275, 623, 945, 676, 441]","[280, 568, 441, 352, 638, 246, 416, 286, 334, 290, 338, 515, 521, 570, 457, 680]","[3, 5, 5, 4, 5, 3, 4, 3, 1, -1, 4, 5, 2, -2, 4, 3]","[4, -1, -2, -3, -2, -5, -3, -5, -5, -5, -4, -3, -5, -5, -4, -4]",41.2,24.0,41402.0,"[29767.0, 30023.0, 30487.0, 30471.0, 30359.0, 29799.0, 29063.0, 28855.0, 27670.0, 26806.0, 26294.0, 25494.0, 24565.0, 23525.0, 23525.0, 23765.0, 22421.0, 22773.0, 22229.0, 21701.0]",[]
22,3,False,413,274,0,0,[],[],[],[],"[411, 681, 1102, 1050]","[411, 681, 1102, 1050]","[484, 210, 32, -45]","[105, 70, 19, -21]","[1390, 1449, 1462, 1251, 1273, 1113, 606, 928, 661, 714, 1014, 375, 663, 905, 756, 501, 372, 649, 1120, 593, 1053]","[375, 548, 401, 283, 598, 146, 356, 186, 234, 190, 258, 455, 421, 470, 377, 600, 612, 713, 748, 603, 818]","[0, 5, 5, 4, 5, 2, 4, 2, 1, -1, 3, 5, 2, -2, 4, 3, 0, -4, -3, 0, -5]","[5, -1, -2, -4, -2, -5, -3, -5, -5, -5, -4, -3, -5, -5, -4, -4, -5, -4, -5, -5, -2]",41.2,24.0,41146.0,"[18980.0, 20100.0, 20549.0, 21765.0, 22613.0, 23397.0, 25174.0, 26358.0, 27414.0, 28294.0, 28887.0, 28839.0, 28614.0, 28679.0, 28999.0, 27862.0, 27718.0, 26966.0, 26806.0, 26646.0]",[]
23,3,False,381,291,0,9,[],[],[],[],"[597, 747, 1083, 1005]","[597, 747, 1083, 1005]","[507, 191, -71, -119]","[90, 33, -20, -62]","[1362, 1327, 1373, 1153, 686, 968, 681, 694, 1066, 475, 696, 865, 816, 561, 372, 569, 1060, 593, 953]","[471, 203, 550, 46, 296, 86, 134, 90, 165, 395, 321, 370, 297, 520, 512, 633, 648, 503, 778]","[-3, 3, 5, 2, 4, 2, 1, -1, 2, 5, 1, -2, 3, 3, 0, -4, -3, 0, -5]","[4, -4, -3, -5, -3, -5, -5, -5, -5, -3, -5, -5, -4, -4, -5, -4, -5, -5, -2]",41.2,24.0,41242.0,"[20757.0, 20517.0, 20613.0, 20581.0, 20148.0, 19620.0, 19988.0, 19268.0, 19124.0, 18900.0, 19220.0, 18836.0, 18564.0, 18260.0, 18804.0, 18436.0, 18580.0, 18932.0, 18068.0, 18500.0]",[]
24,3,False,375,303,-7,-6,[],[],[],[],"[781, 807, 1027, 927]","[781, 807, 1027, 927]","[491, 178, -154, -207]","[68, -33, -44, -85]","[1275, 1387, 1453, 766, 682, 1095, 575, 716, 810, 876, 621, 372, 489, 1000, 593, 853]","[529, 123, 488, 236, 34, 65, 335, 221, 270, 217, 440, 412, 553, 548, 403, 738]","[-5, 3, 4, 4, 0, 1, 5, 1, -3, 3, 3, 0, -4, -3, 0, -5]","[2, -4, -4, -3, -5, -5, -3, -5, -5, -4, -4, -5, -4, -5, -5, -2]",41.2,24.0,41562.0,"[29831.0, 30151.0, 29527.0, 29911.0, 29783.0, 29351.0, 28839.0, 28422.0, 28118.0, 27446.0, 26294.0, 26278.0, 25158.0, 24646.0, 24485.0, 23829.0, 23589.0, 22805.0, 23061.0, 22309.0]",[]
25,2,False,426,279,9,2,[],[],[],[],"[953, 858, 941, 815, 257]","[953, 858, 941, 815, 257]","[425, 127, -217, -279, 89]","[36, -33, -82, -110, 3]","[1175, 1436, 1520, 846, 660, 736, 750, 936, 681, 409, 940, 593, 753, 749, 771, 966, 907, 312]","[555, 25, 407, 176, 275, 121, 180, 137, 360, 473, 458, 303, 698, 664, 696, 723, 664, 543]","[-5, 2, 3, 4, 4, 1, -3, 3, 3, -4, -3, 0, -5, -4, -4, -5, -3, 1]","[1, -5, -5, -3, -3, -5, -4, -4, -4, -4, -4, -5, -2, -3, -3, -2, -4, -5]",41.2,24.0,41354.0,"[19124.0, 18836.0, 19092.0, 18820.0, 18660.0, 17988.0, 18388.0, 17540.0, 17940.0, 17700.0, 18148.0, 17316.0, 17492.0, 18228.0, 18132.0, 18004.0, 18404.0, 18020.0, 17956.0, 19012.0]",[]
26,2,False,594,348,9,1,[588],[382],[5],[3],"[1102, 891, 829, 690, 298]","[1102, 891, 829, 690, 298]","[355, 79, -286, -301, 157]","[29, -51, -116, -132, 12]","[1075, 926, 740, 756, 690, 996, 741, 329, 880, 593, 653, 669, 691, 866, 847, 332]","[559, 116, 215, 21, 100, 57, 280, 393, 378, 203, 658, 604, 636, 683, 584, 443]","[-5, 4, 4, 1, -3, 3, 3, -4, -3, 0, -5, -4, -4, -5, -3, 1]","[0, -3, -3, -5, -4, -4, -4, -4, -4, -5, -2, -3, -3, -2, -4, -5]",41.2,24.0,41242.0,"[21125.0, 21221.0, 21333.0, 20292.0, 20709.0, 21125.0, 21029.0, 21029.0, 20565.0, 20741.0, 20517.0, 20324.0, 20036.0, 19924.0, 20228.0, 19556.0, 19556.0, 19332.0, 20196.0, 18932.0]",[]
27,1,False,774,357,9,0,[676],[442],[4],[3],"[1214, 900, 697, 570, 368]","[1214, 900, 697, 570, 368]","[265, 42, -289, -256, 241]","[24, -52, -97, -84, 32]","[975, 1006, 820, 630, 801, 264, 593, 553, 589, 611, 766, 787, 358, 1176, 938, 751, 720, 389]","[559, 56, 155, 20, 200, 313, 103, 613, 544, 568, 643, 504, 343, 696, 654, 641, 592, 579]","[-5, 4, 4, -3, 3, -3, 0, -5, -4, -4, -5, -3, 2, -3, -1, -5, 5, 2]","[0, -3, -3, -4, -4, -4, -5, -3, -3, -4, -2, -4, -5, -4, -5, -1, -3, -5]",41.2,24.0,41162.0,"[19588.0, 20645.0, 21109.0, 21941.0, 23189.0, 24181.0, 25398.0, 26086.0, 26630.0, 27286.0, 27174.0, 26966.0, 27270.0, 26678.0, 26566.0, 26582.0, 26054.0, 25190.0, 24918.0, 24373.0]",[]
28,1,False,949,391,7,6,[756],[502],[4],[3],"[1298, 900, 577, 470, 473]","[1298, 900, 577, 470, 473]","[197, 10, -255, -195, 310]","[47, -18, -42, -39, 68]","[875, 917, 861, 204, 593, 453, 509, 531, 666, 727, 398, 1116, 918, 651, 820, 445]","[559, 95, 120, 233, 3, 553, 484, 488, 603, 424, 243, 616, 554, 613, 532, 479]","[-5, 5, 3, -3, 0, -5, -4, -4, -5, -3, 2, -3, -1, -5, 5, 3]","[0, -3, -4, -4, -5, -3, -3, -4, -2, -4, -5, -4, -5, -2, -3, -5]",41.2,24.0,41322.0,"[20404.0, 19492.0, 19412.0, 19012.0, 18996.0, 19620.0, 19284.0, 18340.0, 18436.0, 18260.0, 18116.0, 18164.0, 17252.0, 17444.0, 17892.0, 17316.0, 17876.0, 17428.0, 18148.0, 18212.0]",[]
29,1,False,1031,420,7,-6,[],[],[],[],"[1348, 472, 397, 606]","[1348, 472, 397, 606]","[106, -203, -113, 393]","[80, 2, 1, 104]","[775, 1017, 921, 144, 353, 429, 467, 566, 667, 438, 1056, 898, 551, 920, 505]","[559, 45, 40, 143, 493, 409, 408, 563, 344, 143, 536, 454, 573, 472, 396]","[-5, 5, 3, -3, -5, -4, -3, -5, -3, 2, -3, -1, -5, 5, 3]","[0, -2, -4, -5, -3, -4, -4, -2, -4, -5, -4, -5, -2, -3, -4]",41.2,24.0,41530.0,"[27798.0, 27910.0, 27110.0, 27110.0, 25942.0, 26134.0, 25670.0, 25046.0, 24726.0, 23493.0, 23557.0, 22165.0, 21573.0, 21461.0, 20709.0, 20308.0, 20052.0, 20212.0, 19796.0, 19524.0]",[]
30,1,False,1205,376,9,0,[],[],[],[],"[1361, 399, 360, 750, 1390]","[1361, 399, 360, 750, 1390]","[12, -129, -26, 400, -131]","[84, 63, 27, 115, 28]","[675, 1117, 104, 270, 349, 409, 466, 607, 482, 996, 878, 464, 1020, 565, 1339, 603, 529, 755, 1371]","[559, 5, 43, 433, 329, 320, 517, 264, 43, 456, 354, 515, 412, 316, 689, 592, 591, 669, 746]","[-5, 5, -2, -4, -4, -2, -5, -3, 3, -3, -1, -4, 5, 3, -3, 5, 5, 5, -5]","[0, -2, -5, -3, -4, -5, -3, -4, -5, -4, -5, -3, -3, -4, -4, -1, -1, 0, 0]",41.2,24.0,41130.0,"[18628.0, 18516.0, 17972.0, 18564.0, 18084.0, 18260.0, 17588.0, 18484.0, 17972.0, 18356.0, 18212.0, 17908.0, 18516.0, 18180.0, 18452.0, 18788.0, 18068.0, 18772.0, 18964.0, 19716.0]",[]
31,1,False,1310,418,6,-7,[1359],[512],[3],[4],"[1332, 347, 360, 896, 1309]","[1332, 347, 360, 896, 1309]","[-96, -57, 68, 395, -224]","[78, 103, 67, 125, 46]","[575, 190, 271, 374, 366, 547, 936, 858, 405, 1120, 642, 1279, 703, 629, 855, 1271]","[539, 373, 249, 220, 457, 184, 376, 254, 427, 353, 236, 609, 572, 571, 669, 745]","[-5, -4, -3, -1, -5, -3, -3, -1, -2, 5, 4, -3, 5, 5, 5, -5]","[-1, -3, -4, -5, -3, -4, -4, -5, -5, -2, -4, -4, -1, -1, 0, -1]",41.2,24.0,41306.0,"[20549.0, 21285.0, 23557.0, 24165.0, 25398.0, 26502.0, 26566.0, 27270.0, 26854.0, 26806.0, 26550.0, 26230.0, 26438.0, 25302.0, 25254.0, 24565.0, 24421.0, 23205.0, 23141.0, 22357.0]",[]
32,1,False,1347,310,-6,-7,[1406],[606],[2],[5],"[1253, 339, 397, 1036, 1190]","[1253, 339, 397, 1036, 1190]","[-231, 35, 150, 352, -329]","[43, 104, 59, 111, 47]","[486, 110, 211, 368, 281, 487, 876, 839, 409, 1220, 722, 1219, 803, 729, 955, 1171, 1340, 427, 475, 1037, 1320]","[488, 311, 169, 120, 397, 84, 296, 154, 327, 313, 171, 529, 552, 551, 669, 725, 765, 645, 624, 721, 701]","[-3, -4, -3, 0, -4, -3, -3, 0, 2, 5, 4, -3, 5, 5, 5, -5, 0, 5, 5, 2, 3]","[-4, -4, -4, -5, -3, -5, -4, -5, -5, -2, -3, -4, -1, -1, 0, -1, -5, -2, -2, -5, -5]",41.2,24.0,41242.0,"[18148.0, 18756.0, 20164.0, 21493.0, 22341.0, 23893.0, 24582.0, 25654.0, 25574.0, 25958.0, 26438.0, 26582.0, 26918.0, 26006.0, 25734.0, 25702.0, 24854.0, 24469.0, 24565.0, 23781.0]",[]
33,1,False,1386,394,0,0,[1427],[706],[0],[5],"[1130, 359, 458, 1148, 1025]","[1130, 359, 458, 1148, 1025]","[-330, 111, 200, 252, -443]","[10, 77, 69, 81, 6]","[483, 30, 151, 395, 201, 816, 839, 474, 1320, 802, 1159, 903, 829, 1055, 1071, 1340, 527, 575, 1077, 1376]","[391, 231, 84, 20, 337, 206, 54, 247, 273, 111, 449, 532, 531, 669, 705, 665, 605, 584, 621, 601]","[3, -4, -3, 3, -4, -3, 0, 4, 5, 4, -3, 5, 5, 5, -5, 0, 5, 5, 2, 2]","[-4, -4, -5, -5, -3, -5, -5, -3, -2, -3, -4, -1, -1, 0, -1, -5, -2, -2, -5, -5]",41.2,24.0,41562.0,"[20052.0, 20276.0, 20116.0, 19764.0, 19476.0, 19988.0, 20148.0, 19316.0, 20148.0, 19764.0, 19300.0, 18708.0, 19044.0, 18372.0, 18276.0, 18772.0, 18148.0, 18948.0, 18404.0, 18756.0]",[]
34,1,False,1291,422,-8,5,[1427],[806],[0],[5],"[966, 405, 538, 1212, 816]","[966, 405, 538, 1212, 816]","[-422, 168, 210, 138, -532]","[-41, 48, 40, 54, 2]","[566, 121, 764, 570, 1420, 901, 1099, 1003, 929, 1155, 971, 1340, 627, 675, 1117, 1416]","[331, 268, 106, 200, 233, 57, 369, 512, 511, 669, 685, 565, 565, 544, 521, 501]","[5, -4, -2, 5, 5, 5, -3, 5, 5, 5, -5, 0, 5, 5, 2, 2]","[-2, -4, -5, -2, -2, -2, -4, -1, -1, 0, -1, -5, -2, -2, -5, -5]",41.2,24.0,41178.0,"[25654.0, 24678.0, 24309.0, 24229.0, 22965.0, 22597.0, 22485.0, 21413.0, 20757.0, 20308.0, 20196.0, 20517.0, 20148.0, 20420.0, 20004.0, 20773.0, 20180.0, 20645.0, 19844.0, 20308.0]",[]
35,0,False,1253,371,1,-9,[],[],[],[],"[778, 470, 618, 1233, 596]","[778, 470, 618, 1233, 596]","[-454, 208, 231, 33, -536]","[-85, 34, 23, 22, -23]","[666, 44, 724, 670, 1520, 1001, 1039, 1103, 1029, 1255, 871, 727, 775, 1157, 1456, 1095, 551, 683, 1359, 940]","[305, 188, 6, 178, 193, 17, 289, 492, 491, 669, 645, 525, 504, 421, 401, 777, 695, 636, 763, 751]","[5, -3, -2, 5, 5, 5, -3, 5, 5, 5, -5, 5, 5, 2, 2, 5, 5, 5, 5, 5]","[-1, -4, -5, -1, -2, -2, -4, -1, -1, 0, -2, -2, -2, -5, -5, -1, -2, -2, -3, 0]",41.2,24.0,41178.0,"[17572.0, 18100.0, 18484.0, 17764.0, 18100.0, 18276.0, 17700.0, 18580.0, 18788.0, 18628.0, 18356.0, 18452.0, 19156.0, 20068.0, 20020.0, 21605.0, 22949.0, 23301.0, 24902.0, 26166.0]",[]
36,-1,False,1146,335,-9,0,[1210],[376],[-5],[-1],"[582, 550, 698, 1214, 376]","[582, 550, 698, 1214, 376]","[-461, 219, 232, -96, -507]","[-109, 19, 9, -1, -48]","[766, 770, 979, 1203, 1129, 1355, 771, 827, 875, 1496, 1195, 651, 783, 1443, 1040]","[292, 173, 209, 472, 471, 669, 605, 485, 464, 301, 757, 655, 596, 703, 735]","[5, 5, -3, 5, 5, 5, -5, 5, 5, 2, 5, 5, 5, 4, 5]","[0, 0, -4, -1, -1, 0, -2, -2, -2, -5, -1, -2, -2, -3, -1]",41.2,24.0,41290.0,"[21845.0, 21861.0, 21893.0, 22085.0, 21189.0, 21141.0, 20949.0, 20725.0, 20869.0, 20933.0, 20789.0, 20404.0, 19844.0, 20052.0, 19076.0, 19156.0, 19364.0, 18756.0, 17764.0, 17588.0]",[]
37,-2,False,1009,378,-9,0,[1110],[372],[-5],[0],"[388, 634, 778, 1138, 182]","[388, 634, 778, 1138, 182]","[-415, 263, 229, -218, -413]","[-86, 22, 11, -23, -54]","[866, 870, 919, 1303, 1229, 1455, 671, 927, 1536, 1295, 751, 883, 1523, 1140, 563, 680, 827, 1217, 355]","[292, 173, 129, 452, 451, 661, 558, 445, 201, 722, 615, 556, 643, 715, 667, 722, 669, 743, 686]","[5, 5, -3, 5, 5, 5, -5, 5, 2, 5, 5, 5, 4, 5, 5, 5, 5, 0, 5]","[0, 0, -4, -1, -1, -1, -3, -2, -5, -2, -2, -2, -3, -1, -2, -1, 0, -5, -1]",41.2,23.9,41450.0,"[23653.0, 24790.0, 25574.0, 26662.0, 27590.0, 27846.0, 28342.0, 27814.0, 28054.0, 26838.0, 27078.0, 26134.0, 25686.0, 26054.0, 24838.0, 24469.0, 23893.0, 22709.0, 22357.0, 21989.0]",[]
38,-3,False,835,383,-7,6,[1010],[372],[-5],[0],"[231, 735, 858, 1025, 35]","[231, 735, 858, 1025, 35]","[-303, 288, 225, -273, -286]","[-17, 55, 28, -10, -26]","[966, 970, 859, 1403, 1329, 583, 1395, 851, 983, 1240, 663, 780, 927, 1217, 455]","[292, 173, 49, 432, 424, 498, 682, 575, 516, 695, 622, 691, 669, 643, 665]","[5, 5, -3, 5, 5, -4, 5, 5, 5, 5, 5, 5, 5, 0, 5]","[0, 0, -4, -1, -2, -3, -2, -2, -2, -1, -3, -2, 0, -5, -2]",41.2,23.9,41450.0,"[17812.0, 18324.0, 18388.0, 18308.0, 17988.0, 18100.0, 18100.0, 17492.0, 17572.0, 17748.0, 17636.0, 17588.0, 17956.0, 17892.0, 17732.0, 17412.0, 17972.0, 17956.0, 17812.0, 17700.0]",[]
39,-3,False,813,431,0,0,[910],[385],[-5],[1],"[130, 844, 938, 891, 0]","[130, 844, 938, 891, 0]","[-164, 301, 221, -324, -119]","[30, 55, 34, -7, 10]","[1066, 1070, 1503, 1429, 503, 1495, 951, 1083, 1340, 763, 880, 1027, 1217, 555]","[292, 173, 399, 384, 438, 642, 535, 460, 675, 562, 651, 665, 543, 625]","[5, 5, 5, 5, -4, 5, 5, 5, 5, 5, 5, 5, 0, 5]","[0, 0, -2, -2, -3, -2, -2, -3, -1, -3, -2, -1, -5, -2]",41.2,23.9,41690.0,"[25350.0, 24405.0, 23909.0, 24005.0, 23061.0, 22853.0, 21957.0, 21877.0, 21301.0, 21589.0, 21701.0, 21461.0, 20837.0, 21125.0, 21205.0, 21701.0, 21253.0, 21093.0, 21493.0, 21061.0]",[]
40,-4,False,811,440,0,0,[810],[412],[-5],[2],"[82, 960, 1015, 751, 0]","[82, 960, 1015, 751, 0]","[-42, 295, 193, -326, 46]","[65, 50, 39, 5, 28]","[1166, 1170, 1529, 423, 1051, 1183, 1440, 980, 1127, 1217, 655, 267, 871, 902, 899, 119]","[292, 187, 344, 378, 495, 400, 655, 611, 645, 443, 585, 635, 660, 610, 639, 577]","[5, 5, 5, -4, 5, 5, 5, 5, 5, 0, 5, 5, -1, -4, -1, 4]","[0, 1, -2, -3, -2, -3, -1, -2, -1, -5, -2, 0, -5, -3, -5, -3]",41.2,23.9,41626.0,"[20645.0, 20308.0, 20821.0, 20997.0, 20420.0, 20581.0, 20805.0, 20388.0, 20501.0, 20517.0, 21461.0, 21509.0, 22997.0, 23461.0, 24565.0, 24565.0, 25862.0, 26710.0, 27190.0, 27654.0]",[]
41,-4,False,811,413,0,-9,[710],[452],[-5],[2],"[86, 1053, 1075, 611, 44]","[86, 1053, 1075, 611, 44]","[92, 235, 150, -311, 214]","[92, 37, 70, 13, 54]","[1266, 1270, 343, 1151, 1283, 1080, 1227, 1211, 755, 367, 851, 822, 879, 199]","[304, 217, 302, 455, 340, 571, 625, 343, 545, 635, 560, 550, 539, 517]","[5, 5, -4, 5, 5, 5, 5, -1, 5, 5, -1, -4, -1, 4]","[1, 2, -4, -2, -3, -2, -1, -5, -2, 0, -5, -3, -5, -3]",41.2,23.9,41242.0,"[22597.0, 22277.0, 22805.0, 22677.0, 22597.0, 22421.0, 22661.0, 22245.0, 21925.0, 22245.0, 22085.0, 21941.0, 22357.0, 21605.0, 21989.0, 21397.0, 21269.0, 21221.0, 20501.0, 20757.0]",[]
42,-4,False,858,293,9,2,[610],[502],[-5],[3],"[141, 1122, 1107, 488, 149]","[141, 1122, 1107, 488, 149]","[210, 144, 60, -271, 346]","[73, 12, 75, 12, 78]","[1366, 1363, 276, 1251, 1368, 1180, 1327, 1191, 855, 467, 831, 742, 859, 298, 209, 1107, 1095, 579, 187]","[337, 267, 222, 409, 280, 531, 605, 243, 505, 635, 460, 490, 439, 457, 683, 736, 678, 679, 633]","[5, 4, -3, 5, 4, 5, 5, -1, 5, 5, -1, -4, -1, 5, 5, -3, -5, 0, 5]","[2, 3, -4, -3, -3, -2, -1, -5, -2, 0, -5, -3, -5, -3, 0, -4, -2, -5, -2]",41.2,23.9,41514.0,"[20308.0, 20581.0, 20821.0, 20212.0, 20949.0, 20549.0, 20565.0, 20036.0, 20180.0, 20452.0, 19732.0, 20452.0, 20452.0, 20436.0, 19796.0, 20501.0, 20661.0, 20501.0, 20565.0, 20501.0]",[]
43,-6,False,934,412,9,-2,"[524, 967]","[562, 470]","[-4, 2]","[3, 5]","[234, 1151, 1104, 371, 295]","[234, 1151, 1104, 371, 295]","[295, 46, -28, -243, 415]","[26, -41, 44, 9, 74]","[1434, 1437, 226, 1351, 1448, 1280, 1427, 1171, 567, 812, 662, 398, 309, 1047, 995, 579, 287]","[408, 339, 128, 349, 220, 491, 585, 143, 635, 360, 417, 397, 668, 656, 638, 579, 593]","[1, 3, -2, 5, 4, 5, 5, -1, 5, 0, -4, 5, 5, -3, -5, 0, 5]","[5, 4, -5, -3, -3, -2, -1, -5, 0, -5, -4, -3, -1, -4, -2, -5, -2]",41.2,23.9,41162.0,"[19876.0, 19892.0, 20565.0, 20372.0, 21989.0, 22917.0, 23349.0, 24630.0, 25398.0, 26566.0, 26550.0, 26966.0, 27734.0, 27782.0, 27254.0, 28198.0, 27030.0, 26550.0, 26710.0, 25702.0]",[]
44,-6,False,951,297,0,0,[1007],[570],[2],[5],"[356, 1140, 1060, 275]","[356, 1140, 1060, 275]","[362, -47, -139, -192]","[-5, -67, 27, -41]","[1399, 1475, 213, 1451, 1528, 1380, 1527, 1151, 667, 812, 582, 498, 409, 987, 895, 595, 387]","[493, 436, 28, 289, 160, 451, 553, 43, 635, 260, 337, 337, 648, 576, 598, 479, 553]","[-4, 1, 0, 5, 4, 5, 5, -1, 5, 0, -4, 5, 5, -3, -5, 1, 5]","[2, 5, -5, -3, -3, -2, -2, -5, 0, -5, -4, -3, -1, -4, -2, -5, -2]",41.2,23.9,41098.0,"[21957.0, 21461.0, 21109.0, 20789.0, 20693.0, 20581.0, 19892.0, 20052.0, 19076.0, 19364.0, 18996.0, 18660.0, 19172.0, 19012.0, 18740.0, 19188.0, 18948.0, 18564.0, 18692.0, 18324.0]",[]
45,-6,False,930,278,-7,-6,[],[],[],[],"[499, 1091, 204, 741]","[499, 1091, 204, 741]","[405, -136, -119, -23]","[-16, -96, -58, -1]","[1299, 1460, 1480, 767, 812, 506, 598, 509, 927, 795, 615, 487, 498, 1147, 998, 413, 895]","[507, 536, 400, 635, 160, 257, 293, 628, 496, 557, 379, 513, 644, 635, 677, 696, 645]","[-5, -2, 5, 5, 0, -3, 5, 5, -3, -5, 1, 5, 5, -2, -5, 5, 5]","[0, 5, -3, 0, -5, -4, -2, -1, -4, -3, -5, -2, -2, -5, -2, -1, -1]",41.2,23.9,41130.0,"[27686.0, 28422.0, 28294.0, 28134.0, 28310.0, 27734.0, 27270.0, 27366.0, 26998.0, 26134.0, 25926.0, 24694.0, 24565.0, 24485.0, 23845.0, 23765.0, 22917.0, 22933.0, 22693.0, 22277.0]",[]
46,-6,False,899,283,-7,6,[],[],[],[],"[648, 1008, 165, 721]","[648, 1008, 165, 721]","[398, -229, -35, -31]","[-23, -89, -97, 1]","[1199, 1378, 867, 812, 446, 698, 609, 867, 695, 644, 587, 598, 1107, 898, 513, 995]","[502, 596, 635, 60, 177, 253, 608, 416, 497, 279, 473, 604, 535, 633, 676, 625]","[-5, -5, 5, 0, -3, 5, 5, -3, -5, 2, 5, 5, -2, -5, 5, 5]","[-1, 2, 0, -5, -4, -2, -1, -4, -3, -5, -2, -2, -5, -3, -1, -1]",41.2,23.9,41530.0,"[19940.0, 19812.0, 19844.0, 19972.0, 20212.0, 20020.0, 19556.0, 20180.0, 19940.0, 20581.0, 19924.0, 20565.0, 19732.0, 20196.0, 20052.0, 20196.0, 20501.0, 20565.0, 21925.0, 22981.0]",[]
47,-7,False,913,326,0,0,[],[],[],[],"[792, 896, 162, 693, 672]","[792, 896, 162, 693, 672]","[396, -252, 70, -53, 10]","[4, -98, -72, 33, 13]","[1099, 1278, 967, 386, 798, 709, 595, 684, 687, 698, 1067, 798, 613, 1095, 750, 943, 247, 775, 768]","[482, 605, 631, 97, 213, 588, 437, 179, 433, 564, 435, 573, 656, 605, 585, 601, 615, 609, 652]","[-5, -5, 5, -3, 5, 5, -5, 2, 5, 5, -2, -5, 5, 5, -1, -5, 5, 2, 5]","[-1, 0, -1, -4, -2, -1, -3, -5, -2, -2, -5, -3, -1, -1, -5, -2, -1, -5, -1]",41.2,23.9,41242.0,"[23957.0, 24726.0, 26422.0, 27110.0, 27718.0, 28038.0, 28294.0, 28246.0, 28038.0, 27782.0, 27542.0, 27878.0, 26950.0, 26678.0, 25846.0, 25510.0, 25174.0, 24405.0, 24277.0, 23253.0]",[]
48,-7,False,831,300,-9,-3,[],[],[],[],"[942, 776, 210, 656, 674]","[942, 776, 210, 656, 674]","[400, -266, 212, -48, 52]","[26, -52, -28, 62, 48]","[999, 1178, 1067, 331, 898, 809, 509, 724, 787, 798, 1027, 712, 713, 1195, 730, 843, 347, 815, 868]","[457, 605, 611, 1, 173, 568, 377, 79, 393, 504, 335, 513, 636, 585, 485, 553, 595, 509, 632]","[-5, -5, 5, -2, 5, 5, -4, 2, 5, 5, -2, -4, 5, 5, -1, -5, 5, 2, 5]","[-2, 0, -1, -5, -2, -1, -3, -5, -2, -3, -5, -3, -1, -1, -5, -3, -1, -5, -1]",41.2,23.9,41194.0,"[20420.0, 21589.0, 23301.0, 24565.0, 25782.0, 26902.0, 27510.0, 27862.0, 29111.0, 29351.0, 29319.0, 28983.0, 28951.0, 28486.0, 27846.0, 27958.0, 27414.0, 26262.0, 25574.0, 25510.0]",[]
49,-9,False,803,356,0,0,[838],[401],[0],[5],"[1082, 666, 314, 636, 693]","[1082, 666, 314, 636, 693]","[357, -241, 333, -1, 79]","[66, -6, -2, 90, 63]","[899, 1078, 1167, 998, 909, 429, 898, 987, 632, 813, 1295, 710, 743, 447, 968]","[417, 586, 591, 133, 548, 317, 444, 235, 453, 616, 559, 385, 493, 575, 612]","[-5, -5, 5, 5, 5, -4, 5, -2, -4, 5, 5, -1, -5, 5, 5]","[-2, -1, -1, -2, -1, -3, -3, -5, -3, -1, -2, -5, -3, -1, -1]",41.2,23.9,41770.0,"[19636.0, 19012.0, 18996.0, 18708.0, 18372.0, 18484.0, 19108.0, 18180.0, 18436.0, 17620.0, 17556.0, 17444.0, 17428.0, 17636.0, 18132.0, 17924.0, 18180.0, 18660.0, 18004.0, 18052.0]",[]
50,-10,False,827,287,6,-7,[838],[501],[0],[5],"[1199, 567, 451, 636, 713]","[1199, 567, 451, 636, 713]","[281, -201, 412, 29, 83]","[100, 24, 38, 99, 76]","[978, 1267, 1098, 1009, 349, 998, 947, 552, 913, 1395, 690, 651, 547, 1068, 1030, 757, 435, 751, 723]","[562, 571, 93, 528, 257, 384, 135, 393, 596, 519, 285, 433, 555, 577, 626, 512, 531, 601, 583]","[-5, 5, 5, 5, -4, 5, -2, -4, 5, 5, -1, -4, 5, 5, -5, 3, 4, 4, -1]","[-2, -1, -2, -1, -3, -3, -5, -3, -1, -2, -5, -3, -1, -2, -1, -5, -4, -4, -5]",41.2,23.9,41162.0,"[28438.0, 28198.0, 27654.0, 27334.0, 27190.0, 26630.0, 25862.0, 25670.0, 24614.0, 24373.0, 24389.0, 23109.0, 22997.0, 22197.0, 21845.0, 21733.0, 21909.0, 21077.0, 21381.0, 21189.0]",[]
51,-11,False,1005,249,8,-4,[838],[601],[0],[5],"[1282, 492, 615, 646, 733]","[1282, 492, 615, 646, 733]","[188, -133, 452, 62, 92]","[126, 68, 83, 127, 82]","[878, 1367, 1198, 1109, 269, 891, 472, 1013, 1495, 670, 571, 647, 1168, 930, 817, 515, 831, 703]","[522, 551, 53, 508, 197, 35, 333, 568, 479, 185, 373, 535, 537, 596, 412, 464, 521, 483]","[-5, 5, 5, 5, -4, -3, -4, 5, 5, -1, -4, 5, 5, -5, 3, 4, 4, -1]","[-2, -1, -2, -1, -3, -5, -3, -2, -2, -5, -3, -1, -2, -2, -5, -3, -4, -5]",41.2,23.9,41386.0,"[18084.0, 18276.0, 18196.0, 17972.0, 17332.0, 17588.0, 16740.0, 16484.0, 16131.0, 16804.0, 16852.0, 16820.0, 16980.0, 17636.0, 17492.0, 17780.0, 18340.0, 19108.0, 20533.0, 21061.0]",[]
52,-11,False,1123,138,0,0,[],[],[],[],"[1328, 433, 795, 666, 1418]","[1328, 433, 795, 666, 1418]","[76, -96, 453, 98, -67]","[127, 94, 91, 118, -33]","[789, 1467, 1298, 1209, 189, 392, 1113, 650, 491, 747, 1268, 836, 877, 595, 911, 700, 1353, 557, 785, 745, 1459]","[467, 521, 13, 488, 130, 254, 528, 85, 312, 515, 497, 547, 312, 404, 441, 383, 682, 619, 600, 735, 784]","[-4, 5, 5, 5, -4, -4, 5, -1, -4, 5, 5, -4, 3, 4, 4, 0, -1, 5, 3, 4, -1]","[-3, -2, -2, -1, -4, -4, -2, -5, -4, -1, -2, -3, -5, -3, -4, -5, -5, -3, -4, -4, -5]",41.2,23.9,41194.0,"[23637.0, 23253.0, 22629.0, 22501.0, 22837.0, 22117.0, 21989.0, 21381.0, 21141.0, 21077.0, 20965.0, 20933.0, 20613.0, 21173.0, 20885.0, 20917.0, 20549.0, 20965.0, 20228.0, 19604.0]",[]
53,-11,False,1123,138,0,0,[],[],[],[],"[1320, 393, 951, 700, 1350]","[1320, 393, 951, 700, 1350]","[-57, -60, 386, 93, -215]","[88, 75, 85, 81, -69]","[720, 1309, 116, 331, 1213, 415, 847, 1368, 762, 937, 675, 988, 700, 1333, 657, 845, 825, 1439]","[390, 468, 50, 174, 488, 232, 495, 457, 474, 228, 344, 361, 283, 582, 559, 520, 655, 684]","[-3, 5, -3, -3, 5, -3, 5, 5, -3, 3, 4, 3, 0, -1, 5, 3, 4, -1]","[-4, -1, -4, -4, -2, -4, -1, -2, -4, -4, -3, -4, -5, -5, -3, -4, -4, -5]",41.2,23.9,41194.0,"[23717.0, 24565.0, 25014.0, 26678.0, 27782.0, 27974.0, 29255.0, 29831.0, 29719.0, 29191.0, 29671.0, 29463.0, 29143.0, 28518.0, 27366.0, 26694.0, 26566.0, 24966.0, 24373.0, 24213.0]",[]
54,-11,False,1123,138,0,0,[],[],[],[],"[1257, 370, 1078, 720, 1224]","[1257, 370, 1078, 720, 1224]","[-197, -15, 292, 87, -344]","[53, 70, 57, 51, -80]","[679, 1409, 283, 1313, 355, 947, 1468, 713, 997, 755, 1048, 700, 1313, 757, 905, 905, 1419]","[292, 432, 76, 448, 148, 475, 400, 380, 148, 284, 281, 183, 482, 499, 440, 575, 584]","[-1, 5, -2, 5, -3, 5, 5, -2, 3, 4, 3, 0, -1, 5, 3, 4, -1]","[-5, -2, -5, -2, -5, -1, -3, -5, -4, -3, -4, -5, -5, -3, -4, -4, -5]",41.2,23.9,41514.0,"[21669.0, 22053.0, 21253.0, 21733.0, 21781.0, 20805.0, 21093.0, 21477.0, 20693.0, 21317.0, 21477.0, 21061.0, 21589.0, 21733.0, 21797.0, 21669.0, 21557.0, 21461.0, 21589.0, 21973.0]",[]
55,-12,False,1123,138,0,0,[],[],[],[],"[1147, 366, 1164, 740, 1052]","[1147, 366, 1164, 740, 1052]","[-293, 37, 191, 81, -454]","[20, 51, 34, 0, -108]","[671, 1509, 1413, 314, 1047, 694, 1057, 835, 700, 1293, 857, 965, 985, 1399, 1295, 489, 1184, 808, 1266]","[192, 392, 408, 48, 449, 280, 68, 224, 83, 382, 439, 360, 495, 484, 698, 632, 600, 715, 629]","[0, 5, 5, -1, 5, 0, 3, 4, 0, -1, 5, 3, 4, -1, 0, 4, 3, 2, 0]","[-5, -2, -2, -5, -2, -5, -4, -3, -5, -5, -3, -4, -4, -5, -5, -3, -5, -5, -5]",41.2,23.9,41498.0,"[21381.0, 21221.0, 21029.0, 21253.0, 21685.0, 21413.0, 21237.0, 21685.0, 20917.0, 21557.0, 21173.0, 20981.0, 20613.0, 20420.0, 19924.0, 19716.0, 19300.0, 19588.0, 19252.0, 19556.0]",[]
56,-12,False,1123,138,0,0,[],[],[],[],"[1002, 381, 1207, 760, 848]","[1002, 381, 1207, 760, 848]","[-372, 83, 77, 68, -504]","[-7, 31, 8, -34, -115]","[681, 1513, 1147, 694, 915, 1273, 957, 1025, 1065, 1379, 1282, 569, 1238, 848, 1266]","[92, 368, 409, 180, 164, 282, 379, 280, 415, 384, 598, 572, 500, 615, 529]","[1, 5, 5, 0, 4, -1, 5, 3, 4, -1, -1, 4, 2, 2, 0]","[-5, -2, -2, -5, -3, -5, -3, -4, -4, -5, -5, -3, -5, -5, -5]",41.2,23.9,41562.0,"[26566.0, 27014.0, 28310.0, 29511.0, 29271.0, 29255.0, 29639.0, 28775.0, 28598.0, 27526.0, 26838.0, 26038.0, 25222.0, 24582.0, 23909.0, 22789.0, 21717.0, 21781.0, 20901.0, 19780.0]",[]
