,Time,HP,Power up,Player x,Player y,Player speed_x,Player speed_y,Player bullet x,Player bullet y,Player bullet speed_x,Player bullet speed_y,Enemy x,Enemy y,Enemy speed_x,Enemy speed_y,Enemy bullet x,Enemy bullet y,Enemy bullet speed_x,Enemy bullet speed_y
0,6.7,10,False,1236,191,-8,-5,[],[],[],[],"[443, 588, 762, 654, 957]","[443, 588, 762, 654, 957]","[293, 157, 52, -196, -185]","[1, 51, 6, 84, 41]",[],[],[],[]
1,6.95,10,False,1078,226,0,9,[],[],[],[],"[565, 648, 782, 574, 872]","[565, 648, 782, 574, 872]","[358, 197, 59, -156, -205]","[21, 65, 26, 104, 81]",[],[],[],[]
2,7.22,10,False,1115,183,-9,-3,[],[],[],[],"[705, 727, 796, 512, 772]","[705, 727, 796, 512, 772]","[374, 203, 39, -118, -226]","[21, 45, 26, 85, 84]","[727, 783, 848, 627, 908]","[661, 760, 669, 760, 660]","[5, 5, 2, 4, 5]","[-2, -2, -5, -3, -1]"
3,7.48,10,False,957,260,-8,5,[1028],[299],[-4],[4],"[842, 790, 795, 456, 672]","[842, 790, 795, 456, 672]","[344, 176, -1, -93, -247]","[1, 5, 6, 45, 64]","[827, 883, 888, 707, 1008]","[621, 720, 569, 700, 640]","[5, 5, 2, 4, 5]","[-2, -2, -5, -3, -1]"
4,7.75,10,False,790,199,-8,-4,[948],[379],[-4],[4],"[958, 843, 775, 416, 572]","[958, 843, 775, 416, 572]","[289, 136, -41, -53, -248]","[-19, -35, -14, 5, 44]","[927, 983, 928, 787, 1108]","[581, 680, 469, 640, 620]","[5, 5, 2, 4, 5]","[-2, -2, -5, -3, -1]"
5,8.02,10,False,626,119,-8,-4,[868],[459],[-4],[4],"[1048, 879, 739, 395, 472]","[1048, 879, 739, 395, 472]","[212, 89, -67, -13, -229]","[-26, -61, -34, -35, 24]","[1027, 1083, 951, 867, 1208, 944, 892, 823, 529, 602]","[541, 634, 369, 573, 591, 587, 672, 618, 724, 607]","[5, 5, 1, 4, 5, -3, 0, 0, 4, 0]","[-2, -3, -5, -4, -2, -4, -5, -5, -4, -5]"
6,8.28,10,False,479,59,-9,-2,[788],[539],[-4],[4],"[1104, 892, 699, 389, 378]","[1104, 892, 699, 389, 378]","[118, 29, -87, 27, -190]","[-26, -81, -54, -74, 4]","[1127, 1177, 971, 947, 1308, 884, 892, 823, 609, 602]","[486, 574, 269, 493, 551, 507, 572, 518, 644, 507]","[5, 4, 1, 4, 5, -3, 0, 0, 4, 0]","[-3, -3, -5, -4, -2, -4, -5, -5, -4, -5]"
7,8.56,10,False,299,65,-9,2,[708],[619],[-4],[4],"[1123, 881, 659, 399, 306]","[1123, 881, 659, 399, 306]","[38, -11, -83, 87, -113]","[-6, -79, -37, -74, 4]","[1217, 1257, 991, 1027, 1408, 824, 892, 822, 689, 602, 1127, 916, 706, 426, 376]","[426, 514, 169, 413, 509, 427, 472, 418, 564, 407, 585, 629, 603, 691, 657]","[4, 4, 1, 4, 5, -3, 0, -1, 4, 0, -4, -2, -2, -1, 0]","[-3, -3, -5, -4, -3, -4, -5, -5, -4, -5, -4, -5, -5, -5, -5]"
8,8.85,10,False,260,0,8,-4,[628],[699],[-4],[4],"[1115, 861, 623, 441, 272]","[1115, 861, 623, 441, 272]","[-22, -24, -43, 167, -13]","[34, -39, 3, -54, 24]","[1297, 1337, 993, 1103, 1495, 764, 892, 802, 760, 602, 1047, 876, 666, 406, 376]","[366, 444, 69, 333, 449, 347, 372, 318, 484, 307, 509, 529, 503, 591, 557]","[4, 4, 0, 3, 4, -3, 0, -1, 3, 0, -4, -2, -2, -1, 0]","[-3, -4, -5, -4, -3, -4, -5, -5, -4, -5, -3, -5, -5, -5, -5]"
9,9.13,10,False,324,44,0,0,[548],[779],[-4],[4],"[1084, 841, 603, 513, 278]","[1084, 841, 603, 513, 278]","[-82, -24, -3, 236, 87]","[74, 1, 43, -28, 44]","[1377, 1406, 1163, 704, 892, 782, 820, 599, 967, 836, 626, 386, 376]","[299, 364, 253, 267, 272, 218, 404, 207, 449, 429, 403, 491, 457]","[4, 3, 3, -3, 0, -1, 3, -1, -4, -2, -2, -1, 0]","[-4, -4, -4, -4, -5, -5, -4, -5, -3, -5, -5, -5, -5]"
10,9.42,10,False,436,135,0,9,[468],[859],[-4],[4],"[1030, 821, 602, 609, 324]","[1030, 821, 602, 609, 324]","[-130, -24, 37, 288, 187]","[114, 41, 83, 12, 64]","[1456, 1466, 1223, 644, 892, 762, 880, 579, 887, 796, 586, 366, 376, 1069, 795, 637, 499, 354]","[219, 279, 173, 187, 172, 118, 324, 107, 389, 329, 303, 391, 357, 537, 531, 511, 575, 596]","[3, 3, 3, -3, 0, -1, 3, -1, -4, -2, -2, -1, 0, -3, -4, 0, -3, 2]","[-4, -5, -4, -4, -5, -5, -4, -5, -3, -5, -5, -5, -5, -5, -4, -5, -4, -5]"
11,9.7,10,False,538,268,9,2,[],[],[],[],"[960, 801, 616, 724, 410]","[960, 801, 616, 724, 410]","[-168, -24, 77, 319, 279]","[136, 81, 121, 52, 84]","[1516, 1510, 1283, 584, 892, 742, 940, 559, 807, 756, 546, 346, 376, 1009, 715, 637, 439, 394]","[139, 179, 93, 107, 72, 18, 244, 7, 329, 229, 203, 291, 257, 451, 451, 411, 495, 496]","[3, 2, 3, -3, 0, -1, 3, -1, -4, -2, -2, -1, 0, -3, -4, 0, -3, 2]","[-4, -5, -4, -4, -5, -5, -4, -5, -3, -5, -5, -5, -5, -4, -4, -5, -4, -5]"
12,9.99,10,False,596,190,0,0,[],[],[],[],"[877, 781, 636, 844, 525]","[877, 781, 636, 844, 525]","[-208, -44, 97, 307, 330]","[136, 100, 121, 70, 84]","[524, 1000, 727, 716, 506, 326, 376, 949, 635, 637, 379, 434, 913, 836, 653, 790, 511]","[27, 164, 269, 129, 103, 191, 157, 371, 371, 311, 415, 396, 706, 601, 643, 614, 697]","[-3, 3, -4, -2, -2, -1, 0, -3, -4, 0, -3, 2, -5, 0, -2, -4, 0]","[-4, -4, -3, -5, -5, -5, -5, -4, -4, -5, -4, -5, -2, -5, -5, -4, -5]"
13,10.28,10,False,636,109,8,-5,[],[],[],[],"[777, 744, 656, 947, 645]","[777, 744, 656, 947, 645]","[-250, -72, 97, 252, 338]","[108, 80, 101, 50, 49]","[1060, 647, 676, 466, 315, 376, 889, 555, 637, 319, 474, 813, 836, 613, 710, 511]","[66, 209, 29, 3, 91, 57, 291, 291, 211, 317, 296, 666, 501, 543, 534, 597]","[3, -4, -2, -2, 0, 0, -3, -4, 0, -3, 2, -5, 0, -2, -4, 0]","[-5, -3, -5, -5, -5, -5, -4, -4, -5, -5, -5, -2, -5, -5, -4, -5]"
14,10.56,10,False,811,78,9,-2,[],[],[],[],"[657, 704, 676, 1021, 765]","[657, 704, 676, 1021, 765]","[-271, -92, 90, 178, 322]","[68, 60, 76, 30, 9]","[567, 829, 475, 637, 259, 514, 713, 836, 573, 641, 511]","[149, 211, 211, 111, 217, 196, 626, 401, 443, 454, 497]","[-4, -3, -4, 0, -3, 2, -5, 0, -2, -3, 0]","[-3, -4, -4, -5, -5, -5, -2, -5, -5, -4, -5]"
15,10.84,10,False,991,79,9,3,[],[],[],[],"[537, 652, 696, 1067, 876]","[537, 652, 696, 1067, 876]","[-266, -107, 70, 98, 282]","[28, 40, 36, 10, -30]","[487, 769, 395, 637, 217, 554, 613, 836, 543, 581, 511, 731, 809, 726, 1059, 786]","[85, 131, 131, 11, 117, 96, 586, 301, 343, 374, 397, 702, 611, 676, 578, 670]","[-4, -3, -4, 0, -2, 2, -5, 0, -1, -3, 0, 2, 3, 0, 0, -1]","[-4, -4, -4, -5, -5, -5, -2, -5, -5, -4, -5, -5, -5, -5, -5, -5]"
16,11.12,10,False,1141,162,9,-2,[],[],[],[],"[424, 592, 716, 1077, 966]","[424, 592, 716, 1077, 966]","[-238, -107, 50, 0, 222]","[-12, 20, -4, -10, -50]","[407, 709, 330, 177, 513, 836, 524, 521, 511, 771, 869, 726, 1059, 766]","[5, 51, 51, 17, 531, 201, 243, 294, 297, 602, 511, 576, 478, 570]","[-4, -3, -3, -2, -5, 0, 0, -3, 0, 2, 3, 0, 0, -1]","[-4, -4, -4, -5, -3, -5, -5, -4, -5, -5, -5, -5, -5, -5]"
17,11.4,10,False,1135,185,-6,7,[1189],[222],[-4],[3],"[331, 541, 717, 1047, 1031]","[331, 541, 717, 1047, 1031]","[-170, -75, 50, -69, 163]","[-32, 20, -21, -3, -50]","[427, 836, 524, 461, 511, 811, 929, 726, 1059, 746, 440, 634, 781, 1162, 1052]","[471, 101, 143, 214, 197, 502, 411, 476, 378, 470, 754, 668, 721, 639, 675]","[-4, 0, 0, -3, 0, 2, 3, 0, 0, -1, 3, 4, 3, 5, 0]","[-3, -5, -5, -4, -5, -5, -5, -5, -5, -5, -4, -4, -4, -3, -5]"
18,11.69,10,False,1267,228,1,9,[1109],[294],[-4],[4],"[275, 513, 737, 1002, 1077]","[275, 513, 737, 1002, 1077]","[-70, -15, 70, -109, 119]","[-32, 40, -1, 37, -30]","[347, 853, 526, 401, 511, 851, 989, 729, 1059, 739, 500, 714, 841, 1250, 1052]","[411, 1, 43, 117, 97, 402, 311, 376, 278, 370, 674, 588, 641, 579, 575]","[-4, 1, 1, -3, 0, 2, 3, 1, 0, 0, 3, 4, 3, 4, 0]","[-3, -5, -5, -5, -5, -5, -5, -5, -5, -5, -4, -4, -4, -3, -5]"
19,11.97,10,False,1337,270,0,-9,[1029],[374],[-4],[4],"[260, 509, 757, 942, 1103]","[260, 509, 757, 942, 1103]","[46, 45, 90, -141, 59]","[-16, 60, 19, 72, -10]","[267, 358, 891, 1049, 749, 1059, 739, 560, 794, 901, 1330, 1052]","[340, 17, 302, 215, 276, 178, 270, 594, 508, 561, 519, 475]","[-4, -2, 2, 3, 1, 0, 0, 3, 4, 3, 4, 0]","[-4, -5, -5, -4, -5, -5, -5, -4, -4, -4, -3, -5]"
20,12.25,10,False,1201,312,-6,7,[949],[454],[-4],[4],"[294, 530, 788, 871, 1105]","[294, 530, 788, 871, 1105]","[155, 105, 101, -161, -1]","[4, 80, 39, 92, 30]","[195, 931, 1109, 769, 1059, 739, 620, 874, 961, 1410, 1068, 410, 644, 893, 1063, 1153]","[260, 202, 135, 176, 78, 170, 514, 428, 481, 459, 375, 712, 680, 672, 591, 568]","[-3, 2, 3, 1, 0, 0, 3, 4, 3, 4, 1, 5, 5, 5, 4, 0]","[-4, -5, -4, -5, -5, -5, -4, -4, -4, -3, -5, -2, -2, -3, -4, -5]"
21,12.54,10,False,1166,358,2,-9,[869],[534],[-4],[4],"[368, 576, 828, 791, 1081]","[368, 576, 828, 791, 1081]","[255, 163, 101, -162, -61]","[24, 97, 59, 112, 64]","[135, 971, 1169, 790, 739, 688, 954, 1021, 1490, 1088, 510, 744, 993, 1143, 1153]","[180, 102, 55, 76, 70, 434, 348, 401, 399, 275, 672, 640, 612, 511, 468]","[-3, 2, 3, 2, 0, 4, 4, 3, 4, 1, 5, 5, 5, 4, 0]","[-4, -5, -4, -5, -5, -4, -4, -4, -3, -5, -2, -2, -3, -4, -5]"
22,12.83,10,False,1247,241,0,0,[789],[614],[-4],[4],"[477, 636, 858, 711, 1034]","[477, 636, 858, 711, 1034]","[315, 183, 81, -168, -128]","[24, 77, 53, 112, 64]","[87, 1026, 768, 1034, 1081, 1108, 610, 844, 1093, 1223, 1153, 498, 703, 938, 804, 1136]","[80, 2, 354, 268, 321, 175, 632, 600, 552, 431, 368, 684, 759, 737, 698, 635]","[-2, 3, 4, 4, 3, 1, 5, 5, 5, 4, 0, 4, 5, 4, 1, 3]","[-5, -5, -4, -4, -4, -5, -2, -2, -3, -4, -5, -4, -2, -3, -5, -5]"
23,13.11,10,False,1404,300,9,2,[709],[694],[-4],[4],"[597, 696, 872, 631, 957]","[597, 696, 872, 631, 957]","[331, 174, 32, -179, -206]","[4, 37, 13, 73, 44]","[848, 1114, 1141, 1128, 710, 944, 1179, 1303, 1153, 578, 803, 1018, 824, 1196]","[274, 193, 241, 75, 592, 560, 492, 351, 268, 604, 719, 677, 598, 535]","[4, 4, 3, 1, 5, 5, 4, 4, 0, 4, 5, 4, 1, 3]","[-4, -3, -4, -5, -2, -2, -3, -4, -5, -4, -2, -3, -5, -5]"
24,13.39,10,False,1407,353,-8,-5,[],[],[],[],"[717, 862, 551, 851]","[717, 862, 551, 851]","[323, -22, -175, -264]","[-16, -21, 33, 24]","[928, 1194, 1205, 810, 1044, 1260, 1383, 1158, 658, 903, 1098, 846, 1256]","[194, 133, 161, 552, 520, 432, 271, 168, 524, 679, 617, 498, 435]","[4, 4, 4, 5, 5, 5, 4, 1, 4, 5, 4, 2, 3]","[-4, -3, -4, -2, -2, -3, -4, -5, -4, -2, -3, -5, -5]"
25,13.68,10,False,1259,244,-9,-2,[],[],[],[],"[833, 836, 471, 731, 621]","[833, 836, 471, 731, 621]","[292, -62, -155, -298, 0]","[-36, -41, -7, 4, 0]","[1008, 1274, 1285, 910, 1144, 1348, 1463, 1178, 738, 1003, 1178, 886, 1316, 843, 1010, 682, 960, 756]","[114, 73, 81, 512, 480, 372, 191, 68, 444, 639, 557, 398, 335, 652, 716, 731, 636, 590]","[4, 4, 4, 5, 5, 4, 4, 1, 4, 5, 4, 2, 3, 4, 5, 5, 4, 5]","[-4, -3, -4, -2, -2, -3, -4, -5, -4, -2, -3, -5, -5, -3, -3, -3, -3, -2]"
26,13.97,10,False,1097,253,-6,-7,[],[],[],[],"[929, 795, 409, 593, 621]","[929, 795, 409, 593, 621]","[240, -102, -116, -308, 0]","[-56, -61, -47, -16, 0]","[1088, 1354, 1365, 1010, 1244, 1428, 818, 1103, 1258, 926, 1376, 923, 1110, 782, 1040, 856]","[34, 13, 1, 472, 440, 312, 364, 599, 478, 298, 235, 592, 656, 671, 576, 550]","[4, 4, 4, 5, 5, 4, 4, 5, 4, 2, 3, 4, 5, 5, 4, 5]","[-4, -3, -4, -2, -2, -3, -4, -2, -4, -5, -5, -3, -3, -3, -3, -2]"
27,14.25,10,False,944,145,-8,-5,[],[],[],[],"[1004, 735, 362, 463, 621]","[1004, 735, 362, 463, 621]","[190, -111, -53, -272, 20]","[-40, -61, -54, -16, 20]","[1110, 1344, 1508, 898, 1203, 1338, 966, 1421, 1003, 1207, 875, 1120, 956, 980, 800, 459, 587, 696]","[432, 400, 252, 284, 559, 398, 198, 135, 532, 596, 611, 516, 510, 622, 639, 720, 634, 600]","[5, 5, 4, 4, 5, 4, 2, 2, 4, 4, 4, 4, 5, -4, -1, 3, 3, 4]","[-2, -2, -3, -4, -2, -4, -5, -5, -3, -3, -3, -3, -2, -3, -5, -4, -4, -3]"
28,14.54,10,False,780,65,-9,-3,[],[],[],[],"[1064, 685, 352, 361, 627]","[1064, 685, 352, 361, 627]","[150, -91, 47, -191, 60]","[0, -23, -34, 19, 60]","[1210, 1444, 978, 1303, 1404, 1006, 1461, 1083, 1287, 955, 1200, 1056, 900, 780, 519, 647, 776]","[392, 360, 204, 519, 318, 98, 35, 472, 536, 551, 456, 470, 547, 539, 640, 554, 540]","[5, 5, 4, 5, 3, 2, 2, 4, 4, 4, 4, 5, -4, -1, 3, 3, 4]","[-2, -2, -4, -2, -4, -5, -5, -3, -3, -3, -3, -2, -4, -5, -4, -4, -3]"
29,14.83,10,False,682,169,-4,9,[728],[183],[-1],[5],"[1101, 645, 382, 295, 648]","[1101, 645, 382, 295, 648]","[93, -60, 141, -91, 100]","[40, 17, -14, 59, 100]","[1310, 1058, 1403, 1464, 1163, 1367, 1035, 1280, 1156, 820, 760, 579, 707, 856]","[346, 124, 459, 232, 408, 476, 491, 377, 430, 467, 439, 560, 474, 477]","[5, 4, 5, 3, 4, 4, 4, 4, 5, -4, -1, 3, 3, 4]","[-3, -4, -3, -5, -4, -3, -3, -4, -2, -4, -5, -4, -4, -4]"
30,15.12,10,False,557,67,-5,-8,[708],[283],[-1],[5],"[1115, 621, 446, 269, 688]","[1115, 621, 446, 269, 688]","[33, -20, 221, 9, 131]","[80, 57, 6, 80, 120]","[1410, 1138, 1487, 1506, 1243, 1447, 1115, 1353, 1256, 740, 740, 639, 767, 936, 1037, 718, 511, 400, 756]","[286, 44, 399, 132, 328, 404, 431, 297, 390, 387, 339, 480, 378, 397, 571, 521, 616, 588, 574]","[5, 4, 4, 2, 4, 4, 4, 3, 5, -4, -1, 3, 3, 4, -5, 2, 4, 3, 2]","[-3, -4, -3, -5, -4, -4, -3, -4, -2, -4, -5, -4, -5, -4, -2, -5, -4, -4, -5]"
31,15.41,10,False,446,165,0,9,[688],[383],[-1],[5],"[1106, 612, 539, 283, 730]","[1106, 612, 539, 283, 730]","[-27, 20, 287, 109, 151]","[119, 97, 26, 100, 140]","[1498, 1529, 1321, 1519, 1195, 1413, 1356, 660, 720, 699, 827, 1016, 937, 758, 590, 460, 796]","[226, 32, 248, 324, 371, 217, 350, 307, 239, 400, 278, 317, 531, 421, 536, 508, 474]","[4, 0, 3, 3, 4, 3, 5, -4, -1, 3, 3, 4, -5, 2, 3, 3, 2]","[-3, -5, -4, -4, -3, -4, -2, -4, -5, -4, -5, -4, -2, -5, -4, -4, -5]"
32,15.71,10,False,375,219,-8,5,[668],[483],[-1],[5],"[1071, 612, 655, 335, 787]","[1071, 612, 655, 335, 787]","[-107, 40, 313, 189, 144]","[119, 103, 26, 100, 130]","[1381, 1275, 1465, 1456, 580, 700, 759, 881, 1096, 837, 798, 650, 520, 834, 1090, 647, 606, 376, 801]","[168, 292, 119, 291, 227, 139, 301, 178, 237, 491, 321, 456, 428, 374, 684, 616, 622, 681, 723]","[3, 4, 2, 5, -4, -1, 3, 2, 4, -5, 2, 3, 3, 1, -5, 0, -3, 2, -1]","[-4, -4, -5, -3, -4, -5, -5, -5, -4, -2, -5, -4, -4, -5, -1, -5, -5, -5, -5]"
33,15.99,10,False,293,370,4,8,[648],[583],[-1],[5],"[1001, 612, 771, 412, 827]","[1001, 612, 771, 412, 827]","[-188, 40, 296, 239, 104]","[99, 83, 6, 80, 90]","[1441, 1355, 1500, 500, 678, 819, 921, 1156, 737, 838, 710, 580, 854, 990, 647, 546, 416, 781]","[85, 212, 19, 147, 39, 201, 78, 157, 451, 221, 376, 348, 274, 664, 516, 522, 581, 623]","[3, 4, 1, -4, -2, 3, 2, 3, -5, 2, 3, 3, 1, -5, 0, -3, 2, -1]","[-5, -4, -5, -4, -5, -5, -5, -4, -2, -5, -4, -4, -5, -1, -5, -5, -5, -5]"
34,16.28,10,False,393,252,4,-9,[628],[683],[-1],[5],"[902, 612, 871, 507, 849]","[902, 612, 871, 507, 849]","[-256, 40, 256, 272, 64]","[78, 63, -14, 40, 50]","[1416, 420, 878, 1216, 637, 865, 770, 640, 864, 890, 638, 486, 456, 761]","[132, 77, 101, 77, 411, 121, 296, 268, 174, 644, 416, 422, 481, 523]","[3, -4, 2, 3, -5, 1, 3, 3, 0, -5, -1, -3, 2, -1]","[-4, -3, -5, -4, -2, -5, -4, -4, -5, -1, -5, -5, -5, -5]"
35,16.57,10,False,541,147,9,-2,[608],[783],[-1],[5],"[781, 612, 951, 607, 856]","[781, 612, 951, 607, 856]","[-302, 40, 196, 285, 24]","[38, 43, -17, 0, 10]","[1476, 340, 918, 537, 885, 830, 700, 864, 790, 618, 426, 485, 741, 876, 587, 820, 547, 805]","[52, 17, 1, 371, 21, 205, 188, 74, 624, 316, 322, 381, 423, 683, 628, 603, 671, 721]","[3, -4, 2, -5, 1, 3, 3, 0, -5, -1, -3, 1, -1, -3, -3, -4, 0, -4]","[-4, -3, -5, -2, -5, -5, -4, -5, -1, -5, -5, -5, -5, -4, -5, -3, -5, -4]"
36,16.86,10,False,716,86,9,-1,[],[],[],[],"[641, 612, 1004, 707, 848]","[641, 612, 1004, 707, 848]","[-321, 40, 122, 278, -16]","[-2, 23, -17, -36, -30]","[437, 890, 760, 690, 598, 375, 516, 721, 816, 530, 740, 547, 725]","[324, 105, 108, 604, 216, 222, 281, 323, 603, 528, 543, 571, 641]","[-5, 3, 3, -5, -1, -2, 2, -1, -3, -2, -4, 0, -4]","[-3, -5, -4, -1, -5, -5, -5, -5, -4, -5, -3, -5, -4]"
37,17.14,9,False,885,149,8,4,[],[],[],[],"[504, 618, 1029, 807, 828]","[504, 618, 1029, 807, 828]","[-292, 60, 62, 271, -36]","[-17, 23, 3, -36, -50]","[341, 931, 590, 586, 335, 556, 701, 756, 490, 660, 547, 645, 604, 667, 1039, 803, 886]","[264, 5, 565, 116, 122, 181, 223, 523, 428, 483, 471, 561, 714, 690, 575, 696, 739]","[-4, 2, -5, 0, -2, 2, -1, -3, -2, -4, 0, -4, 0, 2, -3, 0, 0]","[-3, -5, -2, -5, -5, -5, -5, -4, -5, -3, -5, -4, -5, -5, -5, -5, -5]"
38,17.42,9,False,1062,196,9,0,[],[],[],[],"[393, 639, 1035, 907, 808]","[393, 639, 1035, 907, 808]","[-218, 100, 22, 264, -36]","[3, 43, 43, -16, -41]","[261, 490, 586, 295, 596, 681, 696, 450, 580, 547, 571, 604, 707, 979, 803, 886]","[204, 525, 16, 22, 81, 123, 434, 328, 423, 371, 481, 614, 590, 475, 596, 639]","[-4, -5, 0, -2, 2, -1, -3, -2, -4, 0, -3, 0, 2, -3, 0, 0]","[-3, -2, -5, -5, -5, -5, -5, -5, -3, -5, -4, -5, -5, -5, -5, -5]"
39,17.7,9,False,1143,203,-6,7,[],[],[],[],"[315, 679, 1026, 1000, 788]","[315, 679, 1026, 1000, 788]","[-124, 135, -18, 237, -36]","[23, 63, 83, 4, -21]","[181, 390, 661, 642, 410, 500, 561, 511, 604, 747, 919, 811, 886]","[138, 485, 23, 334, 228, 363, 271, 401, 514, 490, 375, 496, 539]","[-4, -5, -1, -2, -2, -4, 1, -3, 0, 2, -3, 1, 0]","[-4, -2, -5, -5, -5, -3, -5, -4, -5, -5, -5, -5, -5]"
40,17.99,9,False,1209,274,9,1,[1126],[339],[-3],[4],"[277, 725, 1002, 1078, 768]","[277, 725, 1002, 1078, 768]","[-24, 155, -58, 195, -36]","[43, 65, 121, 24, -1]","[110, 290, 602, 374, 420, 581, 451, 618, 787, 859, 831, 886, 447, 828, 1074, 1039, 936]","[58, 445, 234, 128, 297, 171, 321, 414, 390, 275, 396, 439, 714, 727, 543, 596, 679]","[-3, -5, -2, -1, -4, 1, -3, 1, 2, -3, 1, 0, 5, 5, 0, 0, 5]","[-4, -2, -5, -5, -4, -5, -4, -5, -5, -5, -5, -5, -1, -2, -5, -5, -3]"
41,18.28,9,False,1376,296,5,-8,[1066],[419],[-3],[4],"[279, 785, 962, 1133, 748]","[279, 785, 962, 1133, 748]","[76, 170, -95, 135, -16]","[63, 65, 141, 44, 19]","[190, 562, 354, 340, 604, 391, 638, 827, 811, 851, 886, 547, 928, 1074, 1039, 1024]","[402, 134, 28, 217, 71, 228, 314, 290, 175, 296, 339, 694, 687, 443, 496, 619]","[-5, -2, -1, -4, 2, -3, 1, 2, -2, 1, 0, 5, 5, 0, 0, 4]","[-3, -5, -5, -4, -5, -5, -5, -5, -5, -5, -5, -1, -2, -5, -5, -3]"
42,18.57,9,False,1315,281,-3,9,[1006],[509],[-3],[5],"[318, 845, 907, 1164, 728]","[318, 845, 907, 1164, 728]","[156, 150, -135, 55, -16]","[51, 45, 141, 44, 19]","[96, 537, 269, 350, 658, 867, 771, 871, 898, 647, 1028, 1074, 1039, 1104, 394, 902, 1033, 1242, 802]","[342, 34, 137, 128, 214, 190, 75, 196, 239, 674, 629, 343, 396, 559, 751, 774, 719, 684, 666]","[-4, -1, -3, -2, 1, 2, -2, 1, 1, 5, 5, 0, 0, 4, 5, 4, 5, 4, 3]","[-3, -5, -4, -5, -5, -5, -5, -5, -5, -1, -3, -5, -5, -3, -2, -4, -2, -3, -4]"
43,18.86,9,False,1202,297,-9,4,[946],[609],[-3],[5],"[384, 885, 832, 1156, 708]","[384, 885, 832, 1156, 708]","[213, 102, -186, -45, -36]","[11, 5, 108, 24, -1]","[16, 209, 312, 678, 911, 891, 918, 747, 1128, 1074, 1039, 1184, 494, 982, 1133, 1322, 862]","[282, 57, 28, 114, 90, 96, 139, 654, 569, 243, 296, 499, 711, 694, 670, 624, 586]","[-4, -3, -1, 1, 3, 1, 1, 5, 5, 0, 0, 4, 5, 4, 5, 4, 3]","[-3, -4, -5, -5, -5, -5, -5, -1, -3, -5, -5, -3, -2, -4, -3, -3, -4]"
44,19.15,9,False,1027,342,-9,0,[],[],[],[],"[466, 739, 1108, 682]","[466, 739, 1108, 682]","[253, -221, -145, -56]","[-27, 68, 4, -21]","[714, 938, 847, 1228, 1074, 1039, 1264, 594, 1051, 1233, 1402, 922]","[14, 39, 634, 509, 143, 196, 439, 671, 614, 610, 564, 506]","[2, 1, 5, 5, 0, 0, 4, 5, 3, 5, 4, 3]","[-5, -5, -1, -3, -5, -5, -3, -2, -4, -3, -3, -4]"
45,19.43,9,False,865,264,-9,3,[],[],[],[],"[566, 639, 1020, 642, 1336]","[566, 639, 1020, 642, 1336]","[274, -236, -236, -63, -148]","[-47, 28, -16, -41, -20]","[947, 1324, 1074, 1039, 1344, 694, 1111, 1330, 1482, 982, 612, 835, 1140, 827, 1325]","[595, 449, 43, 96, 379, 631, 534, 550, 498, 426, 718, 714, 605, 656, 654]","[5, 4, 0, 0, 4, 5, 3, 4, 4, 3, 5, 3, 0, 5, -5]","[-2, -3, -5, -5, -3, -2, -4, -3, -4, -4, -2, -5, -5, -2, -2]"
46,19.71,9,False,776,315,-7,-6,[891],[419],[0],[5],"[666, 539, 901, 602, 1237]","[666, 539, 901, 602, 1237]","[275, -231, -306, -63, -283]","[-67, -12, -36, -51, -26]","[1047, 1404, 1424, 794, 1171, 1410, 1042, 712, 888, 1140, 927, 1225]","[555, 389, 319, 591, 454, 490, 346, 678, 614, 505, 616, 614]","[5, 4, 4, 5, 3, 4, 3, 5, 2, 0, 5, -5]","[-2, -3, -3, -2, -4, -3, -4, -2, -5, -5, -2, -2]"
47,20.0,9,False,628,202,-8,-5,[891],[519],[0],[5],"[766, 443, 761, 566, 1091]","[766, 443, 761, 566, 1091]","[276, -186, -330, -41, -374]","[-67, -32, -30, -31, -6]","[1147, 1484, 1504, 894, 1231, 1490, 1102, 812, 928, 1140, 1027, 1125, 800, 545, 824, 657, 1172]","[515, 329, 249, 551, 374, 430, 266, 638, 514, 405, 576, 574, 644, 755, 633, 585, 595]","[5, 4, 4, 5, 3, 4, 3, 5, 2, 0, 5, -5, 3, 2, -4, 3, -3]","[-2, -3, -4, -2, -4, -3, -4, -2, -5, -5, -2, -2, -4, -5, -3, -4, -4]"
48,20.28,9,False,468,118,-8,-4,[891],[619],[0],[5],"[866, 375, 621, 553, 922]","[866, 375, 621, 553, 922]","[277, -106, -304, 19, -412]","[-28, -32, 10, 9, 34]","[1247, 994, 1291, 1162, 912, 968, 1133, 1127, 1025, 860, 585, 744, 717, 1112]","[475, 498, 285, 186, 584, 414, 305, 536, 534, 564, 655, 573, 493, 515]","[5, 5, 3, 3, 5, 2, -1, 5, -5, 3, 2, -4, 3, -3]","[-2, -3, -5, -4, -3, -5, -5, -2, -2, -4, -5, -3, -5, -4]"
49,20.56,9,False,543,28,6,-7,[891],[719],[0],[5],"[966, 343, 500, 563, 742]","[966, 343, 500, 563, 742]","[258, -9, -253, 79, -416]","[12, -27, 50, 49, 74]","[1347, 1093, 1335, 1222, 996, 1008, 1113, 1222, 925, 918, 625, 664, 760, 1052]","[435, 438, 185, 102, 524, 314, 205, 478, 494, 472, 555, 497, 393, 435]","[5, 4, 2, 3, 4, 2, -1, 4, -5, 2, 2, -4, 2, -3]","[-2, -3, -5, -5, -3, -5, -5, -3, -2, -5, -5, -4, -5, -4]"
50,20.85,9,False,519,114,1,9,[891],[819],[0],[5],"[1050, 351, 406, 596, 570]","[1050, 351, 406, 596, 570]","[219, 91, -180, 125, -385]","[52, -7, 90, 89, 112]","[1447, 1173, 1375, 1282, 1076, 1033, 1093, 1302, 825, 958, 665, 584, 800, 992, 926, 391, 576, 613, 712]","[381, 378, 85, 2, 464, 214, 105, 418, 448, 372, 455, 417, 293, 355, 555, 663, 543, 526, 557]","[5, 4, 2, 3, 4, 1, -1, 4, -5, 2, 2, -4, 2, -3, -4, 0, 2, 0, -3]","[-3, -3, -5, -5, -3, -5, -5, -3, -3, -5, -5, -4, -5, -4, -3, -5, -5, -5, -4]"
51,21.14,9,False,619,149,-2,-9,[],[],[],[],"[1118, 398, 341, 644, 419]","[1118, 398, 341, 644, 419]","[164, 181, -91, 165, -319]","[92, 13, 110, 124, 132]","[1530, 1253, 1156, 1053, 1067, 1382, 725, 996, 705, 517, 840, 932, 846, 391, 616, 613, 652]","[321, 318, 388, 114, 5, 344, 388, 272, 355, 337, 193, 275, 495, 563, 443, 426, 477]","[4, 4, 4, 1, -2, 4, -5, 1, 2, -3, 2, -3, -4, 0, 2, 0, -3]","[-3, -3, -4, -5, -5, -4, -3, -5, -5, -4, -5, -4, -3, -5, -5, -5, -4]"
52,21.43,9,False,504,0,-6,-7,[],[],[],[],"[1158, 474, 313, 704, 297]","[1158, 474, 313, 704, 297]","[84, 240, -11, 174, -247]","[103, 13, 110, 124, 132]","[1333, 1228, 1072, 1449, 625, 1016, 745, 457, 860, 872, 766, 391, 656, 613, 592, 1173, 473, 368, 715, 393]","[258, 308, 14, 264, 328, 172, 255, 257, 93, 195, 435, 463, 343, 326, 397, 620, 674, 670, 651, 681]","[4, 3, 0, 3, -5, 1, 2, -3, 1, -3, -4, 0, 2, 0, -3, -2, 0, 0, -1, 0]","[-3, -4, -5, -4, -3, -5, -5, -4, -5, -4, -3, -5, -5, -5, -4, -5, -5, -5, -5, -5]"
53,21.72,9,False,408,98,-1,9,[],[],[],[],"[1160, 565, 310, 764, 204]","[1160, 565, 310, 764, 204]","[-16, 260, 49, 154, -173]","[83, -7, 89, 104, 100]","[1413, 1288, 1503, 525, 1028, 785, 397, 799, 686, 391, 696, 613, 532, 1129, 473, 368, 691, 393]","[183, 227, 171, 268, 72, 155, 177, 115, 375, 363, 243, 226, 317, 520, 574, 570, 551, 581]","[4, 3, 2, -5, 0, 2, -3, -4, -4, 0, 2, 0, -3, -3, 0, 0, -2, 0]","[-4, -5, -5, -3, -5, -5, -4, -4, -3, -5, -5, -5, -4, -5, -5, -5, -5, -5]"
54,22.0,9,False,473,82,7,6,[],[],[],[],"[1122, 665, 334, 807, 143]","[1122, 665, 334, 807, 143]","[-116, 261, 109, 116, -84]","[63, -27, 49, 70, 60]","[1489, 1335, 1535, 426, 807, 337, 719, 606, 391, 736, 613, 472, 1069, 473, 368, 651, 393]","[103, 127, 71, 208, 55, 97, 35, 315, 263, 143, 126, 237, 420, 474, 470, 451, 481]","[3, 2, 1, -4, 1, -3, -4, -4, 0, 2, 0, -3, -3, 0, 0, -2, 0]","[-4, -5, -5, -3, -5, -4, -4, -3, -5, -5, -5, -4, -5, -5, -5, -5, -5]"
55,22.29,9,False,644,146,9,2,[],[],[],[],"[1045, 757, 381, 835, 121]","[1045, 757, 381, 835, 121]","[-211, 242, 165, 76, 16]","[43, -47, 9, 30, 20]","[1369, 346, 277, 526, 391, 776, 613, 412, 1009, 473, 368, 611, 393, 1083, 711, 391, 816, 268]","[27, 148, 11, 255, 163, 43, 26, 157, 320, 374, 370, 351, 381, 667, 602, 676, 683, 733]","[1, -4, -3, -4, 0, 2, 0, -3, -3, 0, 0, -2, 0, -4, 0, 1, -2, 4]","[-5, -3, -5, -3, -5, -5, -5, -4, -5, -5, -5, -5, -5, -3, -5, -5, -5, -4]"
56,22.58,9,False,820,105,9,-3,[],[],[],[],"[934, 837, 444, 848, 139]","[934, 837, 444, 848, 139]","[-286, 205, 205, 36, 116]","[23, -60, -31, -10, -20]","[266, 446, 391, 352, 949, 473, 368, 584, 393, 1003, 711, 411, 776, 348]","[88, 176, 63, 65, 220, 274, 270, 251, 281, 607, 502, 576, 583, 653]","[-4, -4, 0, -3, -3, 0, 0, -1, 0, -4, 0, 1, -2, 4]","[-3, -4, -5, -5, -5, -5, -5, -5, -5, -3, -5, -5, -5, -4]"
57,22.86,9,False,1000,84,9,1,[],[],[],[],"[798, 899, 525, 848, 198]","[798, 899, 525, 848, 198]","[-316, 175, 252, 16, 228]","[23, -40, -36, -30, -40]","[186, 366, 889, 473, 368, 564, 393, 923, 711, 440, 736, 428, 896, 930, 540, 903, 250]","[28, 96, 120, 174, 170, 151, 181, 528, 402, 476, 483, 573, 680, 581, 706, 714, 751]","[-4, -4, -3, 0, 0, -1, 0, -4, 0, 2, -2, 4, 0, 1, 1, 2, 4]","[-3, -4, -5, -5, -5, -5, -5, -4, -5, -5, -5, -4, -5, -5, -5, -5, -4]"
58,23.15,9,False,1180,119,9,0,[],[],[],[],"[659, 959, 626, 848, 304]","[659, 959, 626, 848, 304]","[-300, 155, 301, 16, 343]","[43, 0, -16, -10, -38]","[287, 829, 473, 368, 544, 393, 843, 711, 480, 696, 508, 896, 950, 560, 943, 330]","[16, 20, 74, 70, 51, 81, 448, 302, 376, 383, 493, 580, 481, 606, 614, 671]","[-3, -3, 0, 0, -1, 0, -4, 0, 2, -2, 4, 0, 1, 1, 2, 4]","[-4, -5, -5, -5, -5, -5, -4, -5, -5, -5, -4, -5, -5, -5, -5, -4]"
59,23.43,9,False,1136,189,-7,6,[1197],[227],[-4],[4],"[539, 1003, 746, 848, 452]","[539, 1003, 746, 848, 452]","[-256, 119, 329, 16, 433]","[63, 40, 4, 10, -18]","[763, 711, 520, 662, 588, 896, 970, 594, 983, 410]","[368, 202, 276, 283, 413, 480, 381, 506, 514, 591]","[-4, 0, 2, -1, 4, 0, 1, 2, 2, 4]","[-4, -5, -5, -5, -4, -5, -5, -5, -5, -4]"
60,23.71,9,False,1277,242,6,7,[1117],[307],[-4],[4],"[441, 1032, 866, 848, 628]","[441, 1032, 866, 848, 628]","[-190, 79, 333, 16, 490]","[75, 80, 24, 30, 2]","[694, 723, 560, 642, 668, 896, 1002, 634, 1023, 490, 613, 1060, 847, 963, 579]","[288, 102, 176, 183, 333, 380, 281, 406, 414, 519, 650, 511, 625, 646, 676]","[-3, 1, 2, -1, 4, 0, 2, 2, 2, 4, 2, 1, 3, 4, 4]","[-4, -5, -5, -5, -4, -5, -5, -5, -5, -3, -5, -5, -4, -4, -3]"
61,23.99,9,False,1370,323,6,-7,[1042],[387],[-3],[4],"[372, 1046, 986, 848, 824]","[372, 1046, 986, 848, 824]","[-110, 39, 312, 16, 510]","[75, 119, 44, 50, 22]","[634, 743, 600, 622, 748, 896, 1042, 674, 1063, 570, 653, 1094, 907, 1043, 659]","[208, 2, 76, 83, 253, 280, 181, 306, 314, 459, 550, 411, 545, 566, 616]","[-3, 1, 2, -1, 4, 0, 2, 2, 2, 4, 2, 2, 3, 4, 4]","[-4, -5, -5, -5, -4, -5, -5, -5, -5, -3, -5, -5, -4, -4, -3]"
62,24.27,9,False,1384,308,-2,9,[982],[467],[-3],[4],"[337, 1040, 1091, 846, 1015]","[337, 1040, 1091, 846, 1015]","[-32, -21, 248, -4, 470]","[55, 119, 44, 50, 22]","[574, 828, 896, 1082, 714, 1108, 650, 693, 1134, 967, 1123, 739, 445, 1101, 1088, 913, 1009]","[128, 192, 180, 81, 206, 214, 399, 450, 311, 465, 486, 556, 787, 630, 667, 688, 686]","[-3, 4, 0, 2, 2, 3, 4, 2, 2, 3, 4, 4, 5, 2, 0, 3, 4]","[-4, -3, -5, -5, -5, -5, -3, -5, -5, -4, -4, -3, -2, -5, -5, -5, -3]"
63,24.55,9,False,1406,280,-5,-8,[922],[547],[-3],[4],"[327, 1006, 1159, 826, 1175]","[327, 1006, 1159, 826, 1175]","[28, -101, 148, -44, 377]","[15, 99, 24, 30, 2]","[514, 908, 910, 769, 1168, 730, 753, 1187, 1037, 1203, 819, 545, 1141, 1088, 973, 1089]","[36, 132, 80, 106, 114, 339, 350, 215, 385, 411, 496, 747, 530, 567, 588, 626]","[-3, 4, 1, 3, 3, 4, 3, 3, 4, 4, 4, 5, 2, 0, 3, 4]","[-5, -3, -5, -5, -5, -3, -5, -4, -4, -3, -3, -2, -5, -5, -5, -3]"
64,24.83,9,False,1272,201,-9,-3,[862],[627],[-3],[4],"[340, 938, 1184, 789, 1291]","[340, 938, 1184, 789, 1291]","[88, -174, 33, -84, 253]","[-25, 78, 4, 10, -18]","[988, 829, 1228, 810, 813, 1247, 1117, 1283, 899, 645, 1181, 1099, 1033, 1169]","[72, 20, 27, 279, 256, 135, 305, 347, 436, 707, 430, 467, 488, 566]","[4, 3, 3, 4, 3, 3, 4, 4, 4, 5, 2, 1, 3, 4]","[-3, -4, -4, -3, -4, -4, -4, -4, -3, -2, -5, -5, -5, -3]"
65,25.12,9,False,1127,100,0,0,[802],[707],[-3],[4],"[377, 846, 1162, 737, 1352]","[377, 846, 1162, 737, 1352]","[144, -230, -84, -114, 113]","[-65, 38, -16, -10, -38]","[1068, 890, 873, 1307, 1197, 1363, 979, 745, 1221, 1119, 1093, 1249, 490, 1056, 1239, 862, 1297]","[12, 219, 176, 55, 225, 267, 376, 667, 330, 367, 388, 506, 778, 685, 614, 647, 604]","[4, 4, 3, 3, 4, 4, 4, 5, 2, 1, 3, 4, 5, 4, 1, 2, -2]","[-3, -3, -4, -4, -4, -4, -3, -2, -5, -5, -5, -3, -2, -4, -5, -5, -5]"
66,25.4,9,False,980,19,-9,-4,[742],[787],[-3],[4],"[435, 736, 1098, 677, 1358]","[435, 736, 1098, 677, 1358]","[184, -265, -184, -134, -27]","[-88, -2, -36, -30, -56]","[970, 933, 1276, 1443, 1059, 845, 1261, 1139, 1153, 1329, 590, 1125, 1259, 902, 1257]","[159, 96, 145, 187, 316, 608, 230, 267, 288, 435, 738, 605, 514, 547, 504]","[4, 3, 3, 4, 4, 5, 2, 1, 3, 4, 5, 3, 1, 2, -2]","[-3, -4, -4, -4, -3, -3, -5, -5, -5, -4, -2, -4, -5, -5, -5]"
67,25.69,9,False,817,47,-3,9,[],[],[],[],"[508, 616, 1000, 617, 1311]","[508, 616, 1000, 617, 1311]","[235, -257, -251, -117, -147]","[-88, -17, -36, -30, -36]","[1050, 993, 1336, 1509, 1139, 945, 1301, 1143, 1213, 1409, 690, 1185, 1274, 942, 1217, 519, 730, 1087, 708, 1376]","[99, 16, 65, 107, 256, 548, 130, 167, 188, 355, 698, 525, 414, 447, 404, 660, 714, 623, 665, 591]","[4, 3, 3, 3, 4, 5, 2, 0, 3, 4, 5, 3, 0, 2, -2, 0, 2, 0, 2, -1]","[-3, -4, -4, -4, -3, -3, -5, -5, -5, -4, -2, -4, -5, -5, -5, -5, -5, -5, -5, -5]"
68,25.98,9,False,807,224,-7,6,[846],[219],[0],[5],"[604, 513, 880, 569, 1221]","[604, 513, 880, 569, 1221]","[288, -206, -277, -77, -238]","[-61, 3, 1, -10, 4]","[1130, 1219, 1045, 1341, 1143, 1257, 1474, 790, 1245, 1274, 976, 1177, 519, 770, 1087, 748, 1356]","[39, 196, 488, 30, 67, 88, 275, 658, 445, 314, 347, 304, 560, 614, 523, 565, 491]","[4, 4, 5, 2, 0, 2, 3, 5, 3, 0, 1, -2, 0, 2, 0, 2, -1]","[-3, -3, -3, -5, -5, -5, -4, -2, -4, -5, -5, -5, -5, -5, -5, -5, -5]"
69,26.26,9,False,654,204,-9,-1,[846],[319],[0],[5],"[719, 436, 760, 540, 1101]","[719, 436, 760, 540, 1101]","[320, -137, -278, -18, -308]","[-21, 23, 41, 10, 44]","[1299, 1134, 1534, 890, 1305, 1274, 996, 1137, 519, 810, 1087, 779, 1336]","[126, 428, 195, 618, 365, 214, 247, 204, 460, 514, 423, 465, 391]","[4, 4, 3, 5, 3, 0, 1, -2, 0, 2, 0, 1, -1]","[-4, -3, -4, -2, -4, -5, -5, -5, -5, -5, -5, -5, -5]"
70,26.54,9,False,474,157,-9,-3,[846],[419],[0],[5],"[839, 387, 640, 535, 959]","[839, 387, 640, 535, 959]","[329, -57, -254, 42, -352]","[19, 43, 81, 30, 84]","[1379, 1214, 990, 1363, 1274, 1016, 1083, 519, 844, 1087, 799, 1314, 725, 468, 709, 664, 1049]","[46, 368, 578, 265, 114, 147, 104, 360, 414, 323, 365, 291, 519, 634, 559, 608, 551]","[4, 4, 5, 2, 0, 1, -3, 0, 1, 0, 1, -2, -2, 0, -4, 4, -4]","[-4, -3, -2, -5, -5, -5, -5, -5, -5, -5, -5, -5, -5, -5, -4, -3, -3]"
71,26.82,9,False,303,102,-5,-8,[846],[519],[0],[5],"[959, 372, 539, 554, 799]","[959, 372, 539, 554, 799]","[314, 23, -209, 102, -364]","[59, 63, 102, 50, 121]","[1294, 1090, 1403, 1274, 1036, 1023, 519, 864, 1087, 819, 1274, 685, 468, 629, 744, 969]","[308, 535, 165, 14, 47, 15, 260, 314, 223, 265, 191, 419, 534, 479, 548, 491]","[4, 5, 2, 0, 1, -3, 0, 1, 0, 1, -2, -2, 0, -4, 4, -4]","[-3, -3, -5, -5, -5, -4, -5, -5, -5, -5, -5, -5, -5, -4, -3, -3]"
72,27.11,9,False,240,131,4,8,[846],[619],[0],[5],"[1067, 386, 457, 594, 639]","[1067, 386, 457, 594, 639]","[256, 83, -167, 130, -365]","[79, 51, 102, 50, 121]","[1374, 1187, 1438, 519, 884, 1082, 839, 1234, 645, 468, 549, 824, 889, 1013, 406, 540, 593, 713]","[248, 475, 65, 160, 214, 123, 165, 91, 319, 434, 399, 484, 431, 613, 723, 662, 642, 651]","[4, 4, 1, 0, 1, -1, 1, -2, -2, 0, -4, 4, -4, -5, -2, 0, -3, -4]","[-3, -3, -5, -5, -5, -5, -5, -5, -5, -5, -4, -4, -3, -2, -5, -5, -5, -4]"
73,27.39,9,False,179,217,-2,9,[846],[719],[0],[5],"[1139, 418, 389, 634, 479]","[1139, 418, 389, 634, 479]","[157, 123, -127, 130, -354]","[79, 11, 82, 30, 101]","[1454, 1267, 519, 904, 1062, 859, 591, 468, 469, 904, 809, 913, 366, 540, 533, 633]","[177, 415, 60, 114, 23, 65, 219, 334, 319, 404, 371, 573, 623, 562, 542, 571]","[4, 4, 0, 1, -1, 1, -3, 0, -4, 4, -4, -5, -2, 0, -3, -4]","[-4, -3, -5, -5, -5, -5, -5, -5, -4, -4, -3, -2, -5, -5, -5, -4]"
74,27.67,9,False,256,326,9,-1,[846],[819],[0],[5],"[1171, 465, 338, 674, 337]","[1171, 465, 338, 674, 337]","[55, 163, -74, 128, -312]","[59, -27, 58, 10, 74]","[1534, 1347, 910, 531, 468, 389, 965, 729, 813, 326, 540, 473, 553]","[97, 355, 14, 138, 234, 239, 324, 311, 533, 523, 462, 442, 491]","[4, 4, 0, -3, 0, -4, 3, -4, -5, -2, 0, -3, -4]","[-4, -3, -5, -4, -5, -4, -4, -3, -2, -5, -5, -5, -4]"
75,27.96,9,False,414,231,9,-3,[],[],[],[],"[1158, 525, 311, 714, 216]","[1158, 525, 311, 714, 216]","[-57, 185, -14, 108, -243]","[39, -47, 18, -10, 34]","[1427, 471, 468, 309, 1025, 649, 713, 287, 540, 413, 473, 1106, 440, 383, 611, 350]","[276, 58, 134, 159, 241, 251, 493, 423, 362, 342, 411, 657, 681, 673, 629, 669]","[4, -3, 0, -4, 3, -4, -5, -1, 0, -3, -4, -5, -3, 0, -5, -1]","[-4, -4, -5, -4, -5, -3, -2, -5, -5, -5, -4, -1, -4, -5, -3, -5]"
76,28.24,8,False,577,301,8,5,[],[],[],[],"[1104, 591, 307, 742, 126]","[1104, 591, 307, 742, 126]","[-157, 200, 46, 88, -153]","[19, -67, -20, -30, -6]","[1496, 468, 229, 1075, 569, 613, 267, 353, 393, 1006, 380, 383, 513, 330]","[196, 34, 79, 141, 191, 453, 323, 242, 331, 637, 601, 573, 569, 569]","[3, 0, -4, 2, -4, -5, -1, -3, -4, -5, -3, 0, -4, -1]","[-4, -5, -4, -5, -3, -2, -5, -5, -4, -1, -4, -5, -3, -5]"
77,28.52,8,False,747,266,7,-6,[],[],[],[],"[1012, 671, 332, 762, 79]","[1012, 671, 332, 762, 79]","[-226, 220, 126, 88, -33]","[19, -67, -20, -14, -23]","[1115, 489, 513, 247, 295, 313, 906, 320, 383, 433, 312, 1052, 712, 376, 756, 171]","[41, 131, 413, 223, 142, 251, 617, 521, 473, 509, 469, 655, 646, 706, 632, 733]","[2, -4, -5, -1, -2, -4, -5, -3, 0, -4, 0, -4, 3, 1, -4, 3]","[-5, -3, -2, -5, -5, -4, -1, -4, -5, -3, -5, -3, -4, -5, -3, -4]"
78,28.8,8,False,799,284,-3,9,[849],[326],[-2],[5],"[907, 751, 394, 782, 86]","[907, 751, 394, 782, 86]","[-255, 240, 220, 95, 107]","[39, -28, 0, 26, -3]","[409, 413, 227, 255, 233, 806, 260, 383, 353, 312, 972, 772, 405, 676, 231]","[71, 373, 123, 42, 171, 579, 434, 373, 449, 369, 595, 566, 606, 572, 653]","[-4, -5, -1, -2, -4, -5, -3, 0, -4, 0, -4, 3, 2, -4, 3]","[-3, -2, -5, -5, -4, -2, -5, -5, -3, -5, -3, -4, -5, -3, -4]"
79,29.08,8,False,947,290,9,0,[809],[426],[-2],[5],"[787, 831, 487, 802, 147]","[787, 831, 487, 802, 147]","[-262, 245, 297, 95, 247]","[59, 12, 20, 66, 17]","[329, 313, 213, 162, 706, 212, 383, 273, 312, 892, 832, 445, 596, 291]","[11, 333, 23, 91, 539, 334, 273, 389, 269, 535, 480, 506, 512, 573]","[-4, -5, 0, -3, -5, -2, 0, -4, 0, -4, 3, 2, -4, 3]","[-3, -2, -5, -4, -2, -5, -5, -3, -5, -3, -5, -5, -3, -4]"
80,29.36,8,False,1127,299,9,-2,[769],[526],[-2],[5],"[672, 911, 608, 822, 264]","[672, 911, 608, 822, 264]","[-246, 235, 351, 95, 372]","[79, 52, 40, 100, 37]","[213, 102, 606, 172, 383, 193, 312, 812, 892, 485, 516, 351, 901, 910, 608, 892, 287]","[293, 11, 499, 234, 173, 329, 169, 474, 397, 406, 447, 493, 624, 515, 634, 557, 710]","[-5, -3, -5, -2, 0, -4, 0, -4, 3, 2, -4, 3, 4, 2, 4, 2, 5]","[-2, -4, -2, -5, -5, -3, -5, -4, -4, -5, -4, -4, -4, -5, -4, -5, -1]"
81,29.65,8,False,1307,302,9,0,[729],[626],[-2],[5],"[572, 991, 748, 842, 424]","[572, 991, 748, 842, 424]","[-207, 210, 380, 95, 467]","[99, 92, 60, 120, 57]","[113, 506, 151, 384, 113, 312, 732, 952, 543, 439, 428, 981, 956, 688, 932, 387]","[249, 459, 134, 73, 255, 69, 394, 317, 313, 367, 413, 544, 415, 554, 457, 690]","[-5, -5, -1, 1, -4, 0, -4, 3, 3, -3, 4, 4, 3, 4, 2, 5]","[-3, -2, -5, -5, -4, -5, -4, -4, -4, -4, -4, -4, -5, -4, -5, -1]"
82,29.94,8,False,1385,287,4,8,[689],[726],[-2],[5],"[490, 1056, 888, 862, 615]","[490, 1056, 888, 862, 615]","[-168, 150, 361, 75, 508]","[90, 103, 60, 120, 55]","[13, 406, 151, 40, 670, 1012, 603, 379, 508, 1061, 1016, 768, 972, 487, 623, 1107, 895, 939, 603]","[189, 419, 34, 175, 314, 237, 233, 285, 333, 464, 317, 474, 357, 670, 749, 629, 701, 706, 712]","[-5, -5, 0, -3, -3, 3, 3, -3, 4, 4, 3, 4, 2, 5, 5, 3, 3, 4, 4]","[-3, -2, -5, -4, -4, -4, -4, -5, -4, -4, -4, -4, -5, -1, -2, -4, -4, -3, -4]"
83,30.22,8,False,1445,210,0,-9,[649],[826],[-2],[5],"[419, 1087, 1009, 872, 809]","[419, 1087, 1009, 872, 809]","[-134, 57, 294, 22, 490]","[50, 83, 40, 87, 15]","[306, 620, 1072, 683, 335, 588, 1141, 1076, 848, 1012, 587, 723, 1167, 955, 1019, 683]","[379, 218, 157, 153, 185, 263, 400, 237, 398, 257, 650, 709, 549, 621, 646, 632]","[-5, -2, 3, 4, -2, 4, 4, 3, 4, 2, 5, 5, 3, 3, 4, 4]","[-2, -5, -4, -4, -5, -3, -3, -4, -3, -5, -1, -2, -4, -4, -3, -4]"
84,30.5,8,False,1401,185,-6,-7,[],[],[],[],"[363, 1079, 1100, 859, 984]","[363, 1079, 1100, 859, 984]","[-92, -43, 207, -29, 436]","[10, 63, 20, 47, -17]","[206, 594, 1144, 763, 323, 668, 1221, 1136, 928, 1052, 687, 823, 1227, 1015, 1099, 763]","[325, 118, 77, 93, 85, 203, 340, 157, 338, 157, 630, 669, 469, 541, 586, 552]","[-5, -1, 4, 4, 0, 4, 4, 3, 4, 2, 5, 5, 3, 3, 4, 4]","[-3, -5, -4, -3, -5, -3, -3, -4, -3, -5, -1, -2, -4, -4, -3, -4]"
85,30.79,8,False,1243,191,-9,3,[],[],[],[],"[330, 1032, 1152, 829, 1132]","[330, 1032, 1152, 829, 1132]","[-32, -129, 107, -69, 347]","[-30, 43, 0, 7, -37]","[123, 594, 843, 748, 1301, 1196, 1008, 1109, 787, 923, 1287, 1075, 1179, 843, 476, 1147, 1179, 953, 1071]","[265, 18, 33, 143, 280, 77, 278, 57, 610, 629, 389, 461, 526, 472, 730, 632, 655, 694, 650]","[-4, 0, 4, 4, 4, 3, 4, 3, 5, 5, 3, 3, 4, 4, 4, 1, 2, 3, 2]","[-3, -5, -3, -3, -3, -4, -3, -5, -1, -2, -4, -4, -3, -4, -3, -5, -5, -5, -5]"
86,31.07,8,False,1084,127,-9,-1,[],[],[],[],"[320, 954, 1164, 784, 1238]","[320, 954, 1164, 784, 1238]","[28, -207, 7, -109, 234]","[-65, 23, -20, -33, -57]","[43, 828, 1381, 1088, 887, 1023, 1347, 1135, 1259, 923, 556, 1167, 1219, 1013, 1111]","[203, 83, 212, 218, 590, 589, 308, 381, 466, 392, 670, 532, 555, 594, 550]","[-4, 4, 4, 4, 5, 5, 3, 3, 4, 4, 4, 1, 2, 3, 2]","[-4, -3, -4, -3, -1, -2, -5, -4, -3, -4, -3, -5, -5, -5, -5]"
87,31.36,8,False,914,166,-5,8,[],[],[],[],"[335, 854, 1137, 724, 1297]","[335, 854, 1137, 724, 1297]","[108, -245, -73, -115, 123]","[-65, 23, -20, -48, -57]","[908, 1461, 1168, 987, 1123, 1407, 1195, 1339, 1003, 636, 1187, 1259, 1073, 1138, 410, 934, 1193, 819, 1324]","[23, 132, 158, 570, 549, 208, 301, 402, 312, 610, 432, 455, 494, 450, 704, 680, 688, 726, 641]","[4, 4, 4, 5, 5, 3, 3, 4, 4, 4, 1, 2, 3, 1, 4, 0, -1, 2, 0]","[-3, -4, -3, -1, -2, -5, -4, -4, -4, -3, -5, -5, -5, -5, -3, -5, -5, -5, -5]"
88,31.65,8,False,799,260,-7,-6,[910],[331],[-2],[5],"[388, 754, 1086, 670, 1315]","[388, 754, 1086, 670, 1315]","[202, -243, -133, -95, 23]","[-45, 43, 0, -28, -20]","[1525, 1248, 1087, 1223, 1458, 1255, 1419, 1083, 716, 1207, 1299, 1121, 1158, 490, 934, 1173, 859, 1306]","[52, 98, 538, 509, 108, 221, 322, 232, 550, 332, 355, 394, 350, 644, 580, 588, 626, 541]","[3, 4, 5, 5, 2, 3, 4, 4, 4, 1, 2, 2, 1, 4, 0, -1, 2, -1]","[-4, -3, -2, -2, -5, -4, -4, -4, -3, -5, -5, -5, -5, -3, -5, -5, -5, -5]"
89,31.94,8,False,653,148,-9,-3,[887],[431],[-1],[5],"[477, 654, 1011, 630, 1293]","[477, 654, 1011, 630, 1293]","[281, -221, -179, -56, -77]","[-21, 63, 20, -8, 20]","[1328, 1187, 1323, 1498, 1315, 1499, 1163, 796, 1227, 1339, 1161, 1178, 570, 934, 1153, 899, 1286]","[31, 498, 453, 8, 141, 242, 152, 490, 232, 255, 294, 250, 584, 480, 488, 526, 441]","[4, 5, 5, 2, 3, 4, 4, 4, 1, 2, 2, 1, 4, 0, -1, 2, -1]","[-4, -2, -3, -5, -4, -4, -4, -3, -5, -5, -5, -5, -3, -5, -5, -5, -5]"
90,32.23,8,False,473,129,-9,0,[867],[531],[-1],[5],"[591, 564, 921, 608, 1232]","[591, 564, 921, 608, 1232]","[338, -180, -210, -16, -167]","[19, 75, 40, 12, 60]","[1287, 1422, 1375, 1243, 876, 1247, 1369, 1201, 1181, 650, 934, 1133, 938, 1266, 523, 670, 982, 719, 1266]","[458, 393, 61, 72, 430, 132, 155, 194, 150, 524, 380, 388, 426, 341, 556, 651, 616, 619, 527]","[5, 4, 3, 4, 4, 1, 1, 2, 0, 4, 0, -1, 1, -1, 0, -1, -3, 2, -3]","[-2, -3, -4, -4, -3, -5, -5, -5, -5, -3, -5, -5, -5, -5, -5, -5, -4, -5, -5]"
91,32.51,8,False,310,72,-5,-8,[847],[631],[-1],[5],"[726, 495, 821, 601, 1140]","[726, 495, 821, 601, 1140]","[370, -120, -221, 24, -242]","[59, 75, 60, 32, 100]","[1387, 1502, 956, 1248, 1389, 1241, 1181, 730, 934, 1113, 958, 1246, 523, 650, 922, 759, 1206]","[418, 333, 366, 32, 55, 94, 50, 446, 280, 288, 326, 241, 456, 551, 536, 519, 445]","[5, 4, 4, 0, 1, 2, 0, 4, 0, -1, 1, -1, 0, -1, -3, 2, -3]","[-2, -3, -4, -5, -5, -5, -5, -4, -5, -5, -5, -5, -5, -5, -4, -5, -4]"
92,32.8,8,False,255,15,-1,9,[827],[731],[-1],[5],"[866, 449, 721, 601, 1018]","[866, 449, 721, 601, 1018]","[357, -71, -232, 44, -315]","[69, 55, 60, 32, 101]","[1487, 1036, 810, 934, 1074, 978, 1213, 523, 630, 862, 799, 1146, 803, 494, 787, 616, 1070]","[368, 286, 366, 180, 188, 226, 141, 356, 451, 456, 419, 365, 622, 757, 674, 651, 655]","[5, 4, 4, 0, -2, 1, -2, 0, -1, -3, 2, -3, -4, -2, -2, -2, -5]","[-3, -4, -4, -5, -5, -5, -5, -5, -5, -4, -5, -4, -4, -5, -5, -5, -3]"
93,33.08,8,False,378,102,-8,4,[807],[831],[-1],[5],"[986, 419, 621, 601, 867]","[986, 419, 621, 601, 867]","[295, -31, -243, 44, -383]","[49, 15, 40, 12, 81]","[1116, 873, 934, 1034, 998, 1173, 523, 610, 783, 831, 1086, 723, 454, 747, 576, 970]","[206, 286, 80, 88, 126, 41, 256, 351, 376, 319, 285, 542, 657, 574, 551, 595]","[4, 3, 0, -2, 1, -2, 0, -1, -4, 1, -3, -4, -2, -2, -2, -5]","[-4, -4, -5, -5, -5, -5, -5, -5, -4, -5, -4, -4, -5, -5, -5, -3]"
94,33.36,8,False,249,140,5,8,[],[],[],[],"[1077, 404, 521, 601, 695]","[1077, 404, 521, 601, 695]","[213, 9, -234, 44, -415]","[29, -25, 20, -8, 61]","[1178, 933, 1003, 523, 590, 703, 851, 1026, 643, 414, 707, 536, 870]","[126, 206, 26, 156, 251, 296, 219, 205, 462, 557, 474, 451, 535]","[3, 3, 0, 0, -1, -4, 1, -3, -4, -2, -2, -2, -5]","[-4, -4, -5, -5, -5, -4, -5, -4, -4, -5, -5, -5, -3]"
95,33.64,8,False,428,180,9,1,[],[],[],[],"[1131, 404, 421, 601, 515]","[1131, 404, 421, 601, 515]","[113, 49, -205, 44, -413]","[9, -65, 0, -28, 41]","[1238, 993, 523, 555, 623, 871, 966, 563, 374, 660, 496, 770, 1016, 419, 511, 596, 685]","[46, 120, 56, 151, 216, 119, 125, 382, 457, 374, 351, 475, 657, 689, 637, 592, 640]","[3, 3, 0, -2, -4, 1, -3, -4, -2, -3, -2, -5, -5, -1, -2, -2, -2]","[-4, -5, -5, -5, -4, -5, -4, -4, -5, -5, -5, -3, -2, -5, -5, -5, -5]"
96,33.92,7,False,608,194,9,-1,[],[],[],[],"[1145, 424, 339, 601, 346]","[1145, 424, 339, 601, 346]","[13, 89, -158, 44, -377]","[-11, -89, -20, -46, 21]","[1051, 515, 886, 890, 483, 334, 600, 456, 670, 916, 399, 471, 556, 645]","[20, 51, 19, 45, 302, 357, 274, 251, 415, 617, 589, 537, 492, 540]","[2, -2, 0, -4, -4, -2, -3, -2, -5, -5, -1, -2, -2, -2]","[-5, -5, -5, -4, -4, -5, -5, -5, -3, -2, -5, -5, -5, -5]"
97,34.19,7,False,788,182,9,1,[],[],[],[],"[1121, 459, 282, 609, 201]","[1121, 459, 282, 609, 201]","[-67, 149, -78, 64, -287]","[-10, -89, -20, -26, 21]","[403, 294, 550, 416, 570, 816, 379, 431, 516, 605, 1155, 530, 378, 636, 336]","[222, 257, 174, 151, 355, 577, 489, 437, 392, 440, 627, 674, 675, 592, 706]","[-4, -2, -2, -2, -5, -5, -1, -2, -2, -2, -3, 4, 3, 0, 4]","[-4, -5, -5, -5, -3, -2, -5, -5, -5, -5, -5, -4, -4, -5, -4]"
98,34.47,7,False,968,177,9,-2,[],[],[],[],"[1072, 524, 263, 632, 102]","[1072, 524, 263, 632, 102]","[-127, 213, 33, 104, -153]","[30, -63, 0, 14, 41]","[323, 254, 510, 376, 475, 716, 359, 391, 476, 565, 1095, 610, 438, 636, 416]","[142, 157, 74, 51, 295, 537, 389, 337, 292, 340, 527, 594, 595, 492, 626]","[-4, -2, -2, -2, -4, -5, -1, -2, -2, -2, -3, 4, 3, 0, 4]","[-4, -5, -5, -5, -3, -2, -5, -5, -5, -5, -5, -4, -4, -5, -4]"
99,34.75,7,False,971,242,8,-5,[964],[323],[-3],[4],"[1002, 612, 290, 672, 61]","[1002, 612, 290, 672, 61]","[-169, 265, 141, 143, -7]","[65, -23, 20, 54, 59]","[243, 219, 395, 616, 339, 351, 441, 525, 1035, 690, 498, 636, 496]","[62, 57, 235, 497, 289, 237, 192, 240, 427, 514, 515, 392, 546]","[-4, -1, -4, -5, -1, -2, -1, -2, -3, 4, 3, 0, 4]","[-4, -5, -3, -2, -5, -5, -5, -5, -5, -4, -4, -5, -4]"
100,35.04,7,False,1145,225,7,6,[904],[403],[-3],[4],"[922, 712, 358, 726, 81]","[922, 712, 358, 726, 81]","[-198, 297, 241, 163, 147]","[85, 17, 40, 94, 59]","[315, 516, 322, 325, 421, 494, 975, 770, 574, 636, 576, 1000, 718, 427, 801, 196]","[175, 457, 189, 137, 92, 140, 327, 434, 435, 292, 466, 569, 541, 638, 557, 719]","[-4, -5, 0, -1, -1, -1, -3, 4, 4, 0, 4, -2, 3, 5, 4, 5]","[-3, -2, -5, -5, -5, -5, -5, -4, -4, -5, -4, -5, -4, -2, -4, -2]"
101,35.31,7,False,1237,385,8,5,[844],[483],[-3],[4],"[824, 830, 464, 786, 160]","[824, 830, 464, 786, 160]","[-210, 307, 324, 178, 287]","[105, 57, 60, 121, 59]","[235, 416, 322, 305, 474, 915, 850, 654, 636, 656, 960, 778, 527, 881, 296]","[115, 417, 89, 37, 40, 227, 358, 355, 192, 399, 469, 461, 598, 477, 679]","[-4, -5, 0, -1, -1, -3, 4, 4, 0, 4, -2, 3, 5, 4, 5]","[-3, -2, -5, -5, -5, -5, -3, -4, -5, -3, -5, -4, -2, -4, -2]"
102,35.6,7,False,1378,319,3,-9,[784],[563],[-3],[4],"[724, 941, 596, 846, 289]","[724, 941, 596, 846, 289]","[-222, 274, 362, 158, 387]","[105, 77, 60, 121, 39]","[155, 316, 871, 930, 734, 636, 736, 928, 853, 627, 961, 396, 854, 976, 623, 917, 316]","[55, 377, 127, 298, 275, 92, 339, 369, 381, 558, 397, 639, 709, 591, 695, 707, 794]","[-4, -5, -2, 4, 4, 0, 4, -1, 4, 5, 4, 5, 4, 4, 5, 5, 5]","[-3, -2, -5, -3, -4, -5, -3, -5, -4, -2, -4, -2, -3, -4, -1, -1, -2]"
103,35.88,7,False,1428,302,3,-9,[],[],[],[],"[624, 1028, 890, 445]","[624, 1028, 890, 445]","[-234, 200, 108, 438]","[70, 77, 98, -1]","[216, 831, 1010, 814, 816, 908, 933, 727, 1041, 496, 934, 1056, 723, 1017, 416]","[337, 27, 238, 205, 279, 269, 309, 518, 317, 599, 649, 511, 675, 687, 754]","[-5, -2, 4, 4, 4, -1, 4, 5, 4, 5, 4, 4, 5, 5, 5]","[-2, -5, -3, -3, -3, -5, -3, -2, -4, -2, -3, -4, -1, -1, -2]"
104,36.16,7,False,1422,224,0,0,[],[],[],[],"[524, 1080, 911, 617]","[524, 1080, 911, 617]","[-226, 115, 48, 456]","[30, 58, 58, -41]","[116, 1090, 894, 896, 888, 1013, 827, 1121, 596, 1014, 1136, 823, 1117, 516]","[277, 178, 145, 219, 169, 249, 478, 241, 559, 589, 431, 655, 655, 714]","[-5, 4, 4, 4, -1, 4, 5, 4, 5, 4, 4, 5, 5, 5]","[-3, -3, -3, -3, -5, -3, -2, -3, -2, -3, -4, -1, -2, -2]"
105,36.44,7,False,1359,208,-9,2,[],[],[],[],"[426, 1096, 907, 789, 939]","[426, 1096, 907, 789, 939]","[-198, 15, -12, 440, -60]","[-10, 38, 18, -81, 0]","[36, 1170, 974, 976, 868, 1093, 927, 1201, 696, 1094, 1216, 923, 1217, 616, 634, 1149, 1006, 725, 1097]","[217, 118, 85, 159, 69, 189, 438, 181, 519, 529, 351, 635, 615, 674, 722, 588, 702, 714, 610]","[-4, 4, 4, 4, -1, 4, 5, 4, 5, 4, 4, 5, 5, 5, 4, 1, 3, 3, 5]","[-3, -3, -3, -3, -5, -3, -2, -3, -2, -3, -4, -1, -2, -2, -3, -5, -4, -4, -2]"
106,36.73,7,False,1179,218,-9,2,[],[],[],[],"[346, 1072, 879, 945, 892]","[346, 1072, 879, 945, 892]","[-153, -85, -72, 390, -120]","[-50, 18, -22, -101, 0]","[1250, 1054, 1064, 1177, 1027, 1281, 796, 1174, 1296, 1023, 1317, 716, 714, 1169, 1066, 785, 1197]","[58, 25, 99, 129, 398, 121, 479, 469, 271, 615, 575, 634, 662, 488, 622, 634, 570]","[4, 4, 5, 5, 5, 4, 5, 4, 4, 5, 5, 5, 4, 1, 3, 3, 5]","[-3, -3, -3, -3, -2, -3, -2, -3, -4, -1, -2, -2, -3, -5, -4, -4, -2]"
107,37.01,7,False,999,234,-9,-2,[],[],[],[],"[292, 1015, 839, 1077, 832]","[292, 1015, 839, 1077, 832]","[-73, -147, -98, 333, -148]","[-51, 18, -41, -101, 20]","[1164, 1277, 1127, 1361, 896, 1254, 1376, 1123, 1417, 816, 794, 1189, 1126, 845, 1297, 391, 1087, 934, 1108, 934]","[39, 69, 358, 61, 439, 409, 191, 595, 535, 594, 602, 388, 542, 554, 530, 708, 633, 735, 662, 620]","[5, 5, 5, 4, 5, 4, 4, 5, 5, 5, 4, 1, 3, 3, 5, 3, 1, 3, 4, 4]","[-3, -3, -2, -3, -2, -3, -4, -1, -2, -2, -3, -5, -4, -4, -2, -4, -5, -4, -3, -3]"
108,37.3,7,False,875,126,-3,9,[],[],[],[],"[274, 936, 799, 1188, 772]","[274, 936, 799, 1188, 772]","[27, -179, -98, 270, -148]","[-31, 38, -21, -61, 60]","[1373, 1227, 1441, 996, 1334, 1444, 1223, 1516, 916, 874, 1205, 1186, 905, 1397, 468, 1107, 994, 1188, 1014]","[9, 318, 1, 399, 349, 111, 575, 481, 554, 542, 288, 462, 474, 490, 628, 533, 655, 602, 560]","[4, 5, 4, 5, 4, 3, 5, 4, 5, 4, 0, 3, 3, 5, 4, 1, 3, 4, 4]","[-3, -2, -3, -2, -3, -4, -1, -3, -2, -3, -5, -4, -4, -2, -4, -5, -4, -3, -3]"
109,37.59,7,False,819,267,-9,-2,[909],[294],[0],[5],"[296, 856, 759, 1270, 712]","[296, 856, 759, 1270, 712]","[127, -196, -94, 190, -130]","[-11, 58, -1, -21, 80]","[1327, 1096, 1414, 1504, 1323, 1016, 954, 1205, 1246, 965, 1497, 548, 1121, 1054, 1268, 1094]","[278, 359, 269, 31, 555, 514, 482, 188, 382, 394, 450, 548, 433, 564, 530, 492]","[5, 5, 4, 3, 5, 5, 4, 0, 3, 3, 5, 4, 0, 3, 4, 4]","[-2, -2, -4, -4, -1, -2, -3, -5, -4, -4, -2, -4, -5, -5, -4, -4]"
110,37.88,7,False,677,149,-8,-4,[909],[394],[0],[5],"[358, 776, 719, 1316, 652]","[358, 776, 719, 1316, 652]","[227, -196, -74, 90, -105]","[9, 78, 19, 19, 100]","[1427, 1196, 1494, 1423, 1116, 1034, 1205, 1306, 1025, 627, 1121, 1106, 1339, 1174, 425, 874, 832, 1217, 802]","[238, 319, 189, 520, 474, 407, 88, 302, 314, 468, 333, 464, 450, 412, 628, 600, 614, 620, 586]","[5, 5, 4, 5, 5, 4, 0, 3, 3, 3, 0, 2, 3, 4, 4, -1, 2, -5, 2]","[-2, -2, -4, -2, -2, -4, -5, -4, -4, -4, -5, -5, -4, -4, -3, -5, -5, 0, -5]"
111,38.17,7,False,514,169,-4,8,[909],[494],[0],[5],"[457, 696, 679, 1322, 610]","[457, 696, 679, 1322, 610]","[310, -178, -54, -10, -65]","[29, 98, 39, 59, 120]","[1527, 1296, 1523, 1216, 1114, 1366, 1085, 687, 1121, 1146, 1398, 1244, 505, 854, 872, 1117, 842]","[198, 279, 480, 425, 327, 206, 234, 388, 233, 364, 363, 332, 568, 500, 514, 620, 486]","[5, 5, 5, 5, 4, 3, 3, 3, 0, 2, 2, 3, 4, -1, 2, -5, 2]","[-2, -2, -2, -3, -4, -5, -4, -4, -5, -5, -5, -4, -3, -5, -5, 0, -5]"
112,38.45,7,False,542,132,8,-5,[909],[594],[0],[5],"[580, 616, 656, 1285, 583]","[580, 616, 656, 1285, 583]","[351, -165, -42, -130, -45]","[29, 91, 39, 79, 110]","[1396, 1316, 1194, 1411, 1145, 747, 1121, 1181, 1436, 1304, 585, 834, 901, 1017, 882, 588, 689, 670, 1305, 638]","[239, 365, 247, 106, 154, 308, 133, 264, 263, 252, 508, 400, 414, 600, 386, 627, 715, 664, 619, 720]","[5, 5, 4, 2, 3, 3, 0, 1, 1, 3, 4, -1, 1, -5, 2, 3, -1, -3, -5, 0]","[-2, -3, -4, -5, -4, -4, -5, -5, -5, -4, -3, -5, -5, -1, -5, -4, -5, -5, -2, -5]"
113,38.74,7,False,526,140,-8,5,[909],[694],[0],[5],"[714, 536, 636, 1196, 563]","[714, 536, 636, 1196, 563]","[344, -157, -42, -255, -40]","[9, 51, 19, 79, 70]","[1496, 1405, 1263, 1451, 1205, 807, 1121, 1201, 1451, 1356, 665, 814, 921, 917, 922, 648, 669, 610, 1205, 638]","[199, 305, 167, 6, 56, 228, 33, 164, 163, 153, 448, 300, 314, 580, 286, 545, 615, 564, 579, 620]","[5, 4, 3, 2, 3, 3, 0, 1, 0, 2, 4, -1, 1, -5, 2, 3, -1, -3, -5, 0]","[-2, -3, -4, -5, -5, -4, -5, -5, -5, -5, -3, -5, -5, -1, -5, -5, -5, -5, -2, -5]"
114,39.02,7,False,437,281,-9,-1,[909],[794],[0],[5],"[834, 470, 616, 1062, 543]","[834, 470, 616, 1062, 543]","[314, -137, -42, -360, -20]","[-11, 11, -1, 59, 30]","[1485, 1323, 867, 1210, 1451, 1395, 745, 793, 941, 817, 961, 708, 649, 550, 1105, 638]","[245, 87, 148, 64, 63, 53, 388, 200, 214, 560, 186, 445, 515, 464, 539, 520]","[4, 3, 3, 0, 0, 1, 4, -2, 1, -5, 1, 3, -1, -3, -5, 0]","[-3, -4, -4, -5, -5, -5, -3, -5, -5, -1, -5, -5, -5, -5, -2, -5]"
115,39.31,7,False,546,149,9,-4,[],[],[],[],"[940, 412, 596, 892, 524]","[940, 412, 596, 892, 524]","[260, -98, -42, -432, 0]","[-12, -29, -21, 39, -10]","[1383, 927, 825, 753, 958, 717, 981, 754, 629, 490, 1005, 638, 800, 562, 572, 1033, 557]","[7, 68, 316, 100, 114, 540, 86, 345, 415, 364, 499, 420, 600, 702, 666, 601, 701]","[3, 3, 4, -2, 0, -5, 1, 2, -1, -3, -5, 0, -4, 3, -4, -3, -1]","[-4, -4, -4, -5, -5, -1, -5, -5, -5, -5, -2, -5, -3, -5, -3, -4, -5]"
116,39.59,7,False,696,240,6,7,[],[],[],[],"[1019, 372, 576, 699, 524]","[1019, 372, 576, 699, 524]","[187, -58, -42, -469, 20]","[-12, -62, -41, 19, -50]","[905, 958, 617, 794, 609, 430, 905, 638, 720, 622, 492, 973, 537]","[236, 14, 520, 245, 315, 264, 459, 320, 538, 602, 606, 521, 601]","[4, 0, -5, 2, -1, -3, -5, 0, -4, 3, -4, -3, -1]","[-4, -5, -1, -5, -5, -5, -2, -5, -4, -5, -3, -4, -5]"
117,39.87,7,False,849,302,9,0,[],[],[],[],"[1068, 354, 556, 501, 528]","[1068, 354, 556, 501, 528]","[127, 20, -10, -447, 60]","[8, -62, -38, 19, -61]","[985, 517, 834, 589, 388, 805, 638, 640, 682, 412, 913, 517, 1067, 444, 654, 644, 579]","[156, 491, 145, 215, 164, 419, 220, 458, 502, 545, 441, 501, 583, 700, 635, 635, 704]","[4, -5, 2, -1, -2, -5, 0, -4, 3, -4, -3, -1, -3, 4, 4, 2, 2]","[-4, -2, -5, -5, -5, -2, -5, -4, -5, -4, -4, -5, -4, -3, -4, -5, -5]"
118,40.15,7,False,1017,346,9,-4,[],[],[],[],"[1097, 374, 554, 329, 555]","[1097, 374, 554, 329, 555]","[68, 118, 50, -367, 120]","[48, -42, 2, 39, -41]","[1065, 417, 874, 569, 348, 705, 638, 560, 742, 332, 853, 498, 1007, 524, 734, 684, 619]","[76, 451, 45, 115, 64, 379, 120, 378, 402, 465, 361, 401, 503, 640, 555, 535, 604]","[4, -5, 2, -1, -2, -5, 0, -4, 3, -4, -3, 0, -3, 4, 4, 2, 2]","[-4, -2, -5, -5, -5, -2, -5, -4, -5, -4, -4, -5, -4, -3, -4, -5, -5]"
119,40.43,7,False,1003,351,9,-3,[1032],[392],[-4],[3],"[1103, 427, 577, 194, 604]","[1103, 427, 577, 194, 604]","[8, 198, 105, -256, 167]","[88, -17, 42, 59, -21]","[317, 549, 605, 648, 480, 802, 270, 793, 498, 947, 604, 814, 724, 659]","[411, 15, 339, 20, 298, 313, 385, 281, 301, 423, 580, 475, 435, 504]","[-5, -1, -5, 1, -4, 3, -3, -3, 0, -3, 4, 4, 2, 2]","[-2, -5, -2, -5, -4, -4, -4, -4, -5, -4, -3, -4, -5, -5]"
120,40.72,7,False,1183,340,9,4,[952],[455],[-4],[4],"[1084, 514, 617, 111, 668]","[1084, 514, 617, 111, 668]","[-52, 269, 145, -122, 207]","[123, 23, 82, 79, -1]","[217, 505, 400, 862, 217, 733, 498, 887, 684, 894, 783, 709, 1118, 573, 714, 330, 711]","[371, 299, 218, 233, 292, 201, 201, 334, 520, 395, 335, 404, 532, 636, 594, 662, 614]","[-5, -5, -4, 3, -2, -3, 0, -3, 4, 4, 3, 3, -1, 5, 5, 5, 3]","[-2, -2, -4, -4, -5, -4, -5, -5, -3, -4, -5, -5, -5, -1, -2, -2, -4]"
121,41.0,7,False,1291,471,9,0,[872],[535],[-4],[4],"[1044, 624, 675, 81, 748]","[1044, 624, 675, 81, 748]","[-100, 320, 183, 18, 228]","[143, 63, 107, 99, 19]","[124, 405, 329, 922, 187, 673, 498, 827, 764, 974, 843, 769, 1106, 673, 814, 430, 771]","[313, 259, 138, 153, 192, 110, 101, 234, 460, 316, 240, 310, 432, 616, 554, 622, 534]","[-4, -5, -3, 3, -1, -3, 0, -3, 4, 4, 3, 3, 0, 5, 5, 5, 3]","[-3, -2, -4, -4, -5, -5, -5, -5, -3, -3, -4, -4, -5, -1, -2, -2, -4]"
122,41.29,7,False,1301,437,8,5,[],[],[],[],"[981, 744, 735, 105]","[981, 744, 735, 105]","[-160, 328, 183, 138]","[143, 70, 107, 90]","[44, 305, 269, 991, 184, 613, 498, 770, 844, 1054, 903, 829, 1106, 773, 914, 530, 840, 1110, 780, 786, 184, 857]","[246, 219, 58, 73, 92, 10, 1, 134, 400, 256, 160, 230, 332, 596, 514, 582, 454, 737, 665, 674, 748, 626]","[-4, -5, -3, 4, 0, -3, 0, -2, 4, 4, 3, 3, 0, 5, 5, 5, 4, 5, 5, 3, 5, 3]","[-4, -2, -4, -4, -5, -5, -5, -5, -3, -3, -4, -4, -5, -1, -2, -2, -4, -1, 0, -4, -2, -4]"
123,41.57,7,False,1249,485,0,0,[],[],[],[],"[893, 860, 795, 171]","[893, 860, 795, 171]","[-224, 293, 155, 238]","[105, 50, 87, 50]","[205, 730, 941, 1134, 963, 889, 1116, 873, 1014, 630, 920, 1210, 880, 846, 284, 917]","[179, 34, 340, 196, 80, 150, 232, 576, 474, 542, 374, 717, 665, 594, 708, 546]","[-5, -2, 5, 4, 3, 3, 1, 5, 5, 5, 4, 5, 5, 3, 5, 3]","[-2, -5, -3, -3, -4, -4, -5, -1, -2, -2, -4, -1, 0, -4, -2, -4]"
124,41.85,7,False,1270,468,6,-7,[],[],[],[],"[783, 955, 837, 274]","[783, 955, 837, 274]","[-269, 235, 115, 318]","[65, 30, 57, 10]","[105, 1041, 1214, 969, 1152, 973, 1114, 730, 1000, 1310, 980, 906, 384, 977]","[131, 280, 136, 70, 134, 556, 434, 515, 294, 697, 665, 514, 668, 466]","[-5, 5, 4, 4, 3, 5, 5, 5, 4, 5, 5, 3, 5, 3]","[-3, -3, -3, -4, -4, -1, -2, -1, -4, -1, 0, -4, -2, -4]"
125,42.13,7,True,1219,314,-8,-5,[],[],[],[],"[663, 1024, 864, 404, 1270]","[663, 1024, 864, 404, 1270]","[-292, 159, 75, 373, -140]","[25, 10, 17, -30, 0]","[9, 1141, 1294, 1224, 1073, 1214, 830, 1080, 1410, 1080, 970, 484, 1037, 917, 1074, 966, 415, 1243]","[71, 220, 76, 63, 536, 394, 495, 214, 677, 663, 434, 628, 386, 801, 609, 719, 750, 673]","[-4, 5, 4, 4, 5, 5, 5, 4, 5, 5, 4, 5, 3, 5, 4, 4, 5, -5]","[-3, -3, -3, -3, -1, -2, -1, -4, -1, -1, -4, -2, -4, -1, -4, -3, -2, 1]"
126,42.42,7,True,1071,212,-8,-5,[],[],[],[],"[543, 1060, 874, 548, 1178]","[543, 1060, 874, 548, 1178]","[-288, 79, 20, 403, -261]","[-15, -10, -23, -65, 0]","[1241, 1374, 1323, 1173, 1314, 930, 1160, 1510, 1180, 1050, 584, 1112, 1017, 1154, 1046, 515, 1143]","[177, 16, 35, 516, 354, 475, 134, 638, 643, 354, 588, 306, 781, 529, 659, 710, 693]","[5, 4, 5, 5, 5, 5, 4, 5, 5, 4, 5, 3, 5, 4, 4, 5, -5]","[-2, -3, 0, -1, -2, -1, -4, -2, -1, -4, -2, -4, -1, -4, -3, -2, 1]"
127,42.7,7,True,892,239,-9,4,[],[],[],[],"[426, 1067, 860, 708, 1045]","[426, 1067, 860, 708, 1045]","[-241, 19, -12, 422, -340]","[-35, -10, -25, -65, 20]","[1341, 1394, 1273, 1414, 1030, 1240, 1280, 1119, 684, 1172, 1117, 1234, 1126, 615, 1043, 547, 1082, 948, 698, 1143]","[126, 71, 477, 314, 441, 54, 623, 274, 548, 226, 758, 449, 599, 670, 713, 764, 618, 720, 680, 592]","[5, -1, 5, 5, 5, 4, 5, 3, 5, 3, 5, 4, 4, 5, -5, 3, -2, 3, 2, 0]","[-3, 4, -2, -2, -2, -4, -1, -4, -2, -4, -2, -4, -3, -2, 1, -4, -5, -4, -5, -5]"
128,42.99,10,False,712,312,-9,3,[],[],[],[],"[336, 1056, 840, 868, 890]","[336, 1056, 840, 868, 890]","[-153, -21, -12, 430, -371]","[-35, 26, -5, -45, 60]","[1441, 1310, 1376, 1514, 1141, 1391, 1190, 784, 1243, 1217, 1306, 1206, 715, 932, 618, 1042, 1008, 738, 1130]","[66, 130, 437, 266, 401, 603, 192, 508, 142, 718, 362, 528, 630, 714, 673, 518, 629, 580, 481]","[5, -5, 5, 5, 6, 6, 4, 5, 4, 5, 3, 4, 5, -6, 4, -2, 3, 2, -1]","[-3, 2, -2, -3, -2, -1, -5, -2, -5, -2, -5, -4, -2, 0, -5, -5, -5, -5, -6]"
129,43.28,10,False,680,188,-9,2,[],[],[],[],"[286, 1030, 820, 1028, 730]","[286, 1030, 820, 1028, 730]","[-53, -61, -12, 404, -370]","[-30, 60, 15, -21, 88]","[1201, 1476, 1253, 1510, 1255, 884, 1307, 1315, 1366, 1286, 815, 812, 680, 1002, 1065, 778, 1110, 477, 1022, 888, 875, 921]","[168, 390, 361, 569, 92, 468, 42, 654, 262, 448, 571, 714, 573, 418, 529, 480, 361, 737, 553, 610, 574, 533]","[-6, 5, 5, 5, 3, 5, 3, 4, 3, 4, 5, -6, 3, -2, 2, 2, -1, 5, -4, 0, -2, 0]","[1, -3, -2, -2, -5, -2, -5, -4, -5, -4, -3, 0, -5, -5, -5, -5, -6, -3, -5, -6, -5, -6]"
130,43.57,10,False,644,301,-4,-8,[686],[353],[0],[6],"[276, 989, 800, 1170, 577]","[276, 989, 800, 1170, 577]","[47, -101, -12, 350, -338]","[-10, 80, 35, 19, 108]","[1081, 1353, 984, 1387, 1401, 1362, 915, 692, 740, 955, 1105, 818, 1084, 577, 942, 888, 835, 921]","[188, 321, 428, 565, 151, 359, 511, 698, 473, 318, 424, 380, 241, 677, 460, 490, 474, 413]","[-6, 5, 5, 3, 1, 3, 5, -6, 3, -3, 2, 2, -2, 5, -4, 0, -2, 0]","[1, -2, -2, -5, -6, -5, -3, -1, -5, -5, -6, -5, -6, -3, -4, -6, -5, -6]"
131,43.86,10,False,691,181,0,0,[686],[473],[0],[6],"[306, 929, 780, 1282, 444]","[306, 929, 780, 1282, 444]","[147, -128, -12, 268, -276]","[10, 100, 55, 59, 128]","[961, 1453, 1084, 1422, 1407, 1422, 1015, 579, 800, 895, 1133, 858, 1044, 677, 862, 881, 787, 921, 346, 910, 851, 1091, 527]","[208, 266, 370, 453, 31, 259, 451, 663, 373, 218, 304, 269, 129, 617, 380, 370, 374, 293, 623, 672, 593, 601, 630]","[-6, 5, 5, 1, 0, 3, 5, -5, 3, -3, 1, 2, -2, 5, -4, -1, -3, 0, 1, -6, 0, -6, -4]","[1, -3, -3, -6, -6, -5, -3, -2, -5, -5, -6, -6, -5, -3, -4, -6, -5, -6, -6, -1, -6, -2, -4]"
132,44.15,10,False,511,157,-9,-1,[686],[593],[0],[6],"[376, 863, 760, 1356, 338]","[376, 863, 760, 1356, 338]","[226, -167, -24, 148, -210]","[10, 100, 55, 69, 118]","[841, 1184, 1417, 1462, 1115, 479, 860, 835, 1146, 898, 998, 770, 782, 861, 727, 921, 366, 790, 851, 990, 455]","[228, 310, 333, 151, 391, 606, 273, 118, 184, 149, 29, 545, 300, 250, 274, 173, 503, 636, 473, 561, 539]","[-6, 5, -1, 1, 5, -5, 3, -3, 0, 2, -3, 4, -4, -1, -3, 0, 1, -6, 0, -5, -3]","[1, -3, -6, -6, -3, -3, -5, -5, -6, -6, -5, -4, -4, -6, -5, -6, -6, -2, -6, -2, -5]"
133,44.46,10,False,612,214,4,8,[686],[713],[0],[6],"[465, 779, 740, 1374, 256]","[465, 779, 740, 1374, 256]","[266, -207, -44, -5, -147]","[-10, 73, 35, 49, 78]","[721, 1284, 1373, 1472, 1209, 392, 920, 775, 1146, 921, 850, 702, 841, 667, 910, 386, 680, 851, 890, 395, 415, 821, 748, 1285, 458]","[234, 250, 226, 31, 317, 530, 173, 18, 64, 29, 465, 220, 130, 174, 53, 383, 596, 353, 521, 439, 601, 651, 654, 639, 706]","[-6, 5, -3, 0, 4, -4, 3, -3, 0, 1, 4, -4, -1, -3, -1, 1, -5, 0, -5, -3, 0, -4, -3, -6, 4]","[0, -3, -5, -6, -4, -4, -5, -5, -6, -6, -4, -4, -6, -5, -6, -6, -2, -6, -2, -5, -6, -5, -5, -2, -5]"
134,44.74,9,False,580,168,-9,0,[686],[833],[0],[6],"[565, 679, 706, 1330, 205]","[565, 679, 706, 1330, 205]","[287, -230, -64, -151, -67]","[-30, 33, 15, 29, 38]","[601, 1376, 1299, 1289, 320, 973, 926, 820, 607, 406, 580, 851, 790, 352, 415, 753, 696, 1165, 534]","[234, 175, 139, 237, 440, 73, 376, 10, 74, 263, 556, 233, 481, 335, 481, 551, 554, 599, 606]","[-6, 4, -4, 4, -3, 2, 3, -2, -3, 1, -5, 0, -5, -2, 0, -3, -2, -6, 3]","[0, -4, -4, -4, -5, -5, -5, -6, -5, -6, -2, -6, -2, -6, -6, -5, -5, -2, -5]"
135,45.03,9,False,465,293,2,9,[],[],[],[],"[665, 579, 666, 1231, 185]","[665, 579, 666, 1231, 185]","[288, -233, -83, -285, 13]","[-50, -7, -5, 9, -2]","[481, 1456, 1204, 1369, 265, 986, 445, 480, 851, 690, 324, 415, 693, 656, 1045, 594, 651, 649, 739, 1285, 278]","[234, 95, 72, 153, 340, 276, 143, 496, 113, 441, 215, 361, 451, 454, 559, 506, 583, 674, 624, 589, 705]","[-6, 4, -5, 4, -2, 3, 2, -5, 0, -5, -1, 0, -3, -2, -6, 3, 2, -3, 0, -4, 2]","[0, -4, -3, -5, -5, -5, -6, -3, -6, -2, -6, -6, -5, -5, -2, -5, -6, -5, -6, -4, -5]"
136,45.32,9,False,513,352,-6,7,[],[],[],[],"[765, 479, 626, 1084, 196]","[765, 479, 626, 1084, 196]","[269, -216, -83, -395, 93]","[-58, -42, -25, -11, -42]","[361, 1099, 1429, 226, 1029, 485, 380, 590, 304, 422, 633, 602, 941, 654, 691, 589, 739, 1205, 323]","[249, 27, 53, 231, 172, 23, 436, 386, 95, 241, 351, 354, 519, 406, 463, 574, 504, 509, 605]","[-6, -6, 3, -1, 2, 2, -5, -5, -1, 1, -3, -3, -5, 3, 2, -3, 0, -4, 3]","[1, -2, -5, -6, -6, -6, -3, -3, -6, -6, -5, -5, -2, -5, -6, -5, -6, -4, -5]"
137,45.61,8,False,516,320,-9,-4,[],[],[],[],"[865, 390, 586, 905, 243]","[865, 390, 586, 905, 243]","[250, -159, -63, -450, 193]","[-38, -42, -25, -10, -59]","[246, 979, 211, 1052, 280, 442, 555, 542, 828, 714, 712, 529, 739, 1125, 383, 815, 439, 651, 995, 306]","[279, 4, 111, 52, 376, 121, 251, 254, 479, 306, 343, 474, 384, 429, 505, 519, 664, 610, 637, 697]","[-5, -6, 0, 0, -5, 1, -4, -3, -6, 3, 1, -3, 0, -4, 3, 0, -3, -1, -6, 3]","[2, -1, -6, -6, -3, -6, -5, -5, -2, -5, -6, -5, -6, -4, -5, -6, -5, -6, -2, -5]"
138,45.91,8,False,441,170,-6,-7,[],[],[],[],"[946, 335, 560, 708, 334]","[946, 335, 560, 708, 334]","[231, -66, -15, -448, 300]","[2, -22, -5, 30, -39]","[146, 859, 180, 462, 475, 482, 728, 774, 732, 469, 739, 1045, 443, 807, 379, 631, 875, 366]","[331, 1, 316, 1, 151, 154, 439, 206, 223, 374, 264, 349, 405, 399, 564, 490, 597, 597]","[-5, -6, -5, 1, -4, -3, -5, 3, 1, -3, 0, -4, 3, -1, -3, -1, -6, 3]","[3, 0, -3, -6, -5, -5, -2, -5, -6, -5, -6, -4, -5, -6, -5, -6, -2, -5]"
139,46.19,6,False,536,56,9,0,[],[],[],[],"[1024, 319, 556, 528, 464]","[1024, 319, 556, 528, 464]","[197, 34, 45, -409, 386]","[42, -2, 15, 65, -19]","[46, 739, 94, 628, 816, 749, 409, 739, 965, 493, 787, 319, 594, 767, 426, 905, 440, 608, 734, 440]","[384, 1, 236, 399, 106, 103, 274, 144, 269, 305, 279, 464, 370, 557, 497, 531, 618, 572, 530, 624]","[-5, -6, -4, -5, 2, 0, -3, 0, -4, 2, -1, -3, -2, -5, 3, -4, 3, 0, 0, 3]","[1, 0, -4, -2, -5, -6, -5, -6, -4, -5, -6, -5, -6, -2, -5, -4, -5, -6, -6, -5]"
140,46.48,6,False,572,196,-6,7,[],[],[],[],"[1084, 343, 575, 370, 620]","[1084, 343, 575, 370, 620]","[152, 134, 99, -337, 441]","[82, 18, 35, 85, 1]","[127, 619, 20, 528, 364, 739, 877, 533, 767, 279, 571, 667, 486, 825, 500, 608, 730, 500]","[333, 1, 148, 359, 174, 24, 189, 205, 159, 360, 250, 517, 397, 451, 518, 452, 410, 524]","[5, -6, -3, -5, -2, 0, -5, 2, -1, -2, -1, -5, 3, -4, 3, 0, -1, 3]","[-2, 0, -5, -2, -5, -6, -4, -5, -6, -6, -6, -2, -5, -4, -5, -6, -6, -5]"
141,46.76,4,False,545,326,8,5,[],[],[],[],"[1121, 407, 615, 246, 796]","[1121, 407, 615, 246, 796]","[92, 224, 139, -234, 464]","[120, 38, 55, 105, 21]","[238, 499, 428, 324, 777, 730, 247, 551, 567, 745, 560, 608, 710, 560, 1013, 448, 652, 403, 603]","[299, 1, 319, 74, 120, 40, 240, 130, 465, 371, 418, 332, 290, 424, 621, 586, 555, 567, 582]","[6, -6, -5, -2, -5, -2, -1, -1, -5, -4, 3, 0, -1, 3, -6, 3, 2, 0, -3]","[-1, 0, -2, -5, -3, -5, -6, -6, -3, -4, -5, -6, -6, -5, -1, -5, -6, -6, -5]"
142,47.04,4,False,603,349,3,-9,[],[],[],[],"[1133, 501, 670, 166, 970]","[1133, 501, 670, 166, 970]","[12, 278, 159, -134, 433]","[120, 38, 55, 105, 21]","[358, 379, 328, 677, 227, 515, 467, 665, 620, 608, 690, 620, 893, 508, 690, 403, 543]","[287, 17, 279, 60, 120, 10, 405, 291, 318, 212, 170, 324, 601, 486, 435, 447, 482]","[6, -6, -5, -5, -1, -2, -5, -4, 3, 0, -1, 3, -6, 3, 1, 0, -3]","[0, 1, -2, -3, -6, -6, -3, -4, -5, -6, -6, -5, -1, -5, -6, -6, -5]"
143,47.32,1,False,661,219,-4,-9,[],[],[],[],"[1107, 601, 719, 124, 1117]","[1107, 601, 719, 124, 1117]","[-88, 292, 139, -34, 346]","[100, 18, 35, 70, 1]","[478, 269, 228, 367, 608, 670, 773, 568, 710, 419, 483, 1048, 541, 697, 311, 962]","[287, 55, 237, 345, 92, 50, 581, 386, 315, 327, 382, 698, 566, 591, 702, 582]","[6, -5, -5, -5, 0, -1, -6, 3, 1, 1, -3, -6, 0, -1, 5, -3]","[0, 2, -3, -3, -6, -6, -1, -5, -6, -6, -5, -1, -6, -6, -3, -5]"
144,47.6,1,False,514,262,0,9,[],[],[],[],"[1041, 701, 759, 122, 1223]","[1041, 701, 759, 122, 1223]","[-182, 286, 119, 66, 235]","[76, -2, 15, 30, -19]","[598, 169, 128, 267, 653, 628, 730, 439, 424, 928, 541, 677, 411, 902]","[287, 115, 177, 285, 546, 286, 195, 207, 282, 678, 446, 471, 642, 482]","[6, -5, -5, -5, -6, 3, 1, 1, -2, -6, 0, -1, 5, -3]","[0, 3, -3, -3, -2, -5, -6, -6, -5, -1, -6, -6, -3, -5]"
145,64.26,10,False,1290,160,-8,-4,[],[],[],[],"[475, 117, 705, 885, 887]","[475, 117, 705, 885, 887]","[347, 28, -17, 133, -414]","[103, 81, 18, 85, 63]",[],[],[],[]
146,64.51,10,False,1135,240,-7,6,[1192],[285],[-4],[4],"[619, 147, 695, 925, 707]","[619, 147, 695, 925, 707]","[409, 168, 18, 121, -404]","[134, 101, 38, 105, 83]",[],[],[],[]
147,64.76,10,False,1021,276,-1,-9,[1112],[365],[-4],[4],"[779, 231, 695, 958, 545]","[779, 231, 695, 958, 545]","[420, 282, 38, 81, -379]","[134, 93, 38, 89, 83]","[779, 274, 770, 976, 706]","[693, 766, 731, 764, 751]","[3, 4, 4, -2, 5]","[-4, -3, -3, -5, -2]"
148,65.03,10,False,977,117,0,0,[1032],[445],[-4],[4],"[930, 349, 695, 968, 388]","[930, 349, 695, 968, 388]","[379, 355, 38, 21, -344]","[114, 53, 18, 49, 53]","[839, 354, 850, 936, 806]","[613, 706, 671, 664, 711]","[3, 4, 4, -2, 5]","[-4, -3, -3, -5, -2]"
149,65.32,10,False,941,107,-9,-1,[952],[525],[-4],[4],"[1059, 491, 695, 955, 254]","[1059, 491, 695, 955, 254]","[310, 403, 38, -39, -277]","[75, 13, -2, 9, 13]","[899, 434, 930, 896, 906]","[533, 646, 611, 564, 662]","[3, 4, 4, -2, 5]","[-4, -3, -3, -5, -3]"
150,65.62,10,False,761,111,-9,2,[872],[605],[-4],[4],"[1154, 651, 695, 918, 151]","[1154, 651, 695, 918, 151]","[218, 419, 38, -99, -187]","[35, -27, -22, -31, -25]","[959, 514, 1010, 856, 1004, 1105, 594, 741, 969, 363]","[453, 586, 551, 464, 602, 717, 725, 658, 731, 717]","[3, 4, 4, -2, 4, 0, 3, 0, -1, 4]","[-4, -3, -3, -5, -3, -5, -5, -5, -5, -4]"
151,65.93,10,False,581,147,-9,0,[792],[685],[-4],[4],"[1210, 811, 695, 858, 88]","[1210, 811, 695, 858, 88]","[114, 405, 38, -145, -82]","[-5, -63, -42, -71, -45]","[1019, 594, 1090, 816, 1084, 1104, 654, 741, 949, 439]","[360, 526, 475, 364, 542, 617, 625, 558, 631, 637]","[3, 4, 4, -2, 4, -1, 3, 0, -1, 3]","[-5, -3, -4, -5, -3, -5, -5, -5, -5, -4]"
152,66.21,10,False,401,147,-9,0,[712],[765],[-4],[4],"[1223, 953, 700, 780, 73]","[1223, 953, 700, 780, 73]","[14, 378, 58, -160, 58]","[-25, -63, -42, -71, -45]","[1075, 674, 1170, 776, 1164, 1084, 714, 741, 929, 499, 1232, 893, 710, 863, 148]","[260, 466, 395, 264, 482, 517, 525, 458, 531, 557, 793, 722, 655, 724, 717]","[2, 4, 4, -2, 4, -1, 3, 0, -1, 3, -4, -4, -2, 0, 3]","[-5, -3, -4, -5, -3, -5, -5, -5, -5, -4, -3, -4, -5, -5, -4]"
153,66.5,10,False,329,151,0,0,[632],[845],[-4],[4],"[1202, 1090, 720, 711, 119]","[1202, 1090, 720, 711, 119]","[-66, 345, 79, -140, 213]","[-20, -43, -13, -51, -25]","[1115, 754, 1238, 736, 1244, 1064, 774, 741, 909, 559, 1152, 813, 670, 850, 208]","[160, 406, 315, 164, 407, 417, 425, 358, 431, 477, 733, 642, 555, 624, 637]","[2, 4, 3, -2, 4, -1, 3, 0, -1, 3, -4, -4, -2, -1, 3]","[-5, -3, -4, -5, -4, -5, -5, -5, -5, -4, -3, -4, -5, -5, -4]"
154,66.78,10,False,427,171,9,2,[],[],[],[],"[1153, 1205, 740, 651, 223]","[1153, 1205, 740, 651, 223]","[-127, 287, 99, -104, 350]","[0, -22, 27, -30, -5]","[1155, 834, 1298, 696, 1312, 1044, 816, 741, 889, 619, 1072, 733, 630, 830, 268]","[60, 328, 235, 64, 327, 317, 325, 258, 331, 397, 673, 562, 455, 524, 557]","[2, 4, 3, -2, 3, -1, 2, 0, -1, 3, -4, -4, -2, -1, 3]","[-5, -4, -4, -5, -4, -5, -5, -5, -5, -4, -3, -4, -5, -5, -4]"
155,67.06,10,False,471,154,0,0,[],[],[],[],"[1080, 1294, 780, 610, 378]","[1080, 1294, 780, 610, 378]","[-182, 207, 119, -64, 461]","[20, 18, 67, 10, 15]","[914, 1358, 1372, 1024, 856, 741, 855, 679, 992, 653, 590, 810, 328, 1085, 1151, 717, 672, 350]","[248, 146, 244, 217, 225, 158, 231, 317, 613, 482, 355, 424, 477, 721, 629, 590, 592, 638]","[4, 3, 3, -1, 2, 0, -2, 3, -4, -4, -2, -1, 3, -5, -5, -3, -1, 4]","[-4, -5, -5, -5, -5, -5, -5, -4, -3, -4, -5, -5, -4, -2, -3, -4, -5, -3]"
156,67.35,10,False,559,98,9,1,[],[],[],[],"[989, 1346, 820, 584, 570]","[989, 1346, 820, 584, 570]","[-220, 109, 130, -9, 538]","[40, 58, 94, 50, 35]","[994, 1404, 1419, 1004, 896, 741, 815, 739, 912, 573, 550, 790, 388, 985, 1051, 657, 652, 430]","[168, 46, 144, 117, 125, 58, 131, 237, 553, 402, 255, 324, 397, 681, 569, 510, 492, 560]","[4, 2, 2, -1, 2, 0, -2, 3, -4, -4, -2, -1, 3, -5, -5, -3, -1, 4]","[-4, -5, -5, -5, -5, -5, -5, -4, -3, -4, -5, -5, -4, -2, -3, -4, -5, -4]"
157,67.64,10,False,700,210,8,5,[],[],[],[],"[885, 1356, 860, 582, 787]","[885, 1356, 860, 582, 787]","[-258, -11, 110, 31, 555]","[40, 65, 94, 65, 35]","[1074, 1457, 973, 936, 775, 799, 832, 493, 510, 770, 448, 885, 951, 597, 632, 510, 969, 1357, 881, 607, 733]","[88, 44, 17, 25, 31, 157, 493, 322, 155, 224, 317, 635, 509, 430, 392, 480, 712, 684, 680, 632, 640]","[4, 1, -2, 2, -2, 3, -4, -4, -2, -1, 3, -5, -5, -3, -1, 4, 0, -5, -1, -1, 1]","[-4, -5, -5, -5, -5, -4, -3, -4, -5, -5, -4, -3, -3, -4, -5, -4, -5, -2, -5, -5, -5]"
158,67.92,9,False,877,249,9,0,[],[],[],[],"[765, 1312, 885, 584, 990]","[765, 1312, 885, 584, 990]","[-293, -151, 70, 51, 509]","[20, 45, 74, 45, 15]","[1154, 859, 752, 413, 470, 508, 785, 851, 537, 612, 590, 969, 1257, 861, 588, 753]","[8, 77, 433, 242, 55, 237, 575, 449, 350, 292, 400, 612, 644, 580, 532, 540]","[4, 3, -4, -4, -2, 3, -5, -5, -3, -1, 4, 0, -5, -1, 0, 1]","[-4, -4, -3, -4, -5, -4, -3, -3, -4, -5, -4, -5, -2, -5, -5, -5]"
159,68.2,9,False,1057,213,9,-3,[],[],[],[],"[632, 1215, 895, 604, 1166]","[632, 1215, 895, 604, 1166]","[-304, -274, 30, 68, 424]","[0, 25, 54, 25, -5]","[672, 351, 568, 685, 751, 477, 596, 670, 969, 1157, 841, 588, 773]","[373, 162, 157, 515, 389, 259, 192, 320, 512, 604, 480, 432, 440]","[-4, -3, 3, -5, -5, -3, 0, 4, 0, -5, -1, 0, 1]","[-3, -4, -4, -3, -3, -5, -5, -4, -5, -2, -5, -5, -5]"
160,68.49,9,False,1027,302,0,0,[1090],[337],[-3],[4],"[504, 1073, 890, 624, 1303]","[504, 1073, 890, 624, 1303]","[-289, -374, -10, 68, 309]","[-20, 5, 34, 5, -5]","[592, 291, 628, 598, 651, 423, 596, 750, 969, 1057, 821, 588, 793, 725, 1184, 990, 700, 1213]","[313, 82, 77, 455, 329, 159, 92, 247, 412, 564, 380, 332, 340, 686, 615, 689, 626, 588]","[-4, -3, 3, -4, -5, -2, 0, 4, 0, -5, -1, 0, 1, 3, -3, 3, 3, 0]","[-3, -4, -4, -3, -3, -5, -5, -3, -5, -2, -5, -5, -5, -4, -5, -4, -4, -5]"
