,HP,Power up,Player x,Player y,Player speed_x,Player speed_y,Player bullet x,Player bullet y,Player bullet speed_x,Player bullet speed_y,Enemy x,Enemy y,Enemy speed_x,Enemy speed_y,Enemy bullet x,Enemy bullet y,Enemy bullet speed_x,Enemy bullet speed_y
0,10,False,768,378,0,0,[],[],[],[],"[972, 404, 127, 581, 1064]","[972, 404, 127, 581, 1064]","[-397, 165, 15, -45, 482]","[82, 127, 60, 80, 81]",[],[],[],[]
1,10,False,768,378,0,0,[],[],[],[],"[794, 476, 152, 562, 1235]","[794, 476, 152, 562, 1235]","[-410, 244, 155, 2, 415]","[120, 147, 80, 95, 101]",[],[],[],[]
2,10,False,768,378,0,0,[],[],[],[],"[614, 575, 229, 562, 1370]","[614, 575, 229, 562, 1370]","[-407, 283, 261, 42, 300]","[120, 143, 80, 75, 87]","[726, 608, 252, 607, 1318]","[638, 706, 696, 722, 744]","[-1, 3, 2, 1, -4]","[-5, -5, -5, -5, -3]"
3,10,False,768,378,0,0,[],[],[],[],"[442, 675, 339, 575, 1446]","[442, 675, 339, 575, 1446]","[-390, 282, 329, 56, 140]","[100, 103, 48, 35, 47]","[706, 668, 305, 627, 1238]","[538, 606, 596, 622, 684]","[-1, 3, 3, 1, -4]","[-5, -5, -5, -5, -3]"
4,10,False,822,380,0,0,[],[],[],[],"[286, 775, 472, 595, 1459]","[286, 775, 472, 595, 1459]","[-340, 261, 374, 56, -20]","[76, 63, 8, -5, 7]","[686, 728, 365, 647, 1158]","[438, 506, 496, 522, 624]","[-1, 3, 3, 1, -4]","[-5, -5, -5, -5, -3]"
5,10,False,822,416,-1,9,[],[],[],[],"[156, 860, 612, 615, 1398]","[156, 860, 612, 615, 1398]","[-261, 221, 388, 56, -180]","[36, 23, -28, -45, -33]","[669, 788, 425, 667, 1078, 399, 861, 554, 665, 1437]","[338, 406, 396, 422, 564, 706, 722, 667, 703, 695]","[0, 3, 3, 1, -4, 4, 2, 2, 1, -3]","[-5, -5, -5, -5, -3, -3, -5, -5, -5, -5]"
6,9,False,764,467,-4,-9,[793],[583],[-4],[3],"[62, 928, 752, 635, 1285]","[62, 928, 752, 635, 1285]","[-160, 164, 377, 56, -327]","[-4, -17, -48, -74, -69]","[669, 485, 687, 998, 479, 901, 595, 685, 1377]","[238, 316, 322, 504, 646, 622, 567, 603, 595]","[0, 3, 1, -4, 4, 2, 3, 1, -3]","[-5, -4, -5, -3, -3, -5, -5, -5, -5]"
7,9,False,710,390,-9,-3,[713],[659],[-4],[4],"[16, 972, 892, 655, 1120]","[16, 972, 892, 655, 1120]","[-20, 123, 357, 76, -425]","[-20, -37, -48, -74, -69]","[669, 545, 707, 918, 559, 941, 655, 705, 1317, 117, 971, 832, 712, 1192]","[138, 236, 222, 444, 586, 522, 467, 503, 508, 742, 755, 679, 671, 731]","[0, 3, 1, -4, 4, 2, 3, 1, -3, 4, -3, -4, 2, -5]","[-5, -4, -5, -3, -3, -5, -5, -5, -4, -3, -5, -4, -5, 0]"
8,9,False,640,362,-9,-4,[633],[737],[-4],[3],"[32, 1003, 1019, 684, 929]","[32, 1003, 1019, 684, 929]","[140, 83, 329, 109, -468]","[0, -37, -28, -53, -49]","[669, 605, 727, 838, 639, 981, 715, 725, 1257, 197, 911, 752, 752, 1092]","[38, 156, 122, 384, 526, 422, 367, 403, 428, 682, 666, 599, 571, 731]","[0, 3, 1, -4, 4, 2, 3, 1, -3, 4, -3, -4, 2, -5]","[-5, -4, -5, -3, -3, -5, -5, -5, -4, -3, -4, -4, -5, 0]"
9,9,False,460,351,-9,2,[553],[797],[-4],[3],"[111, 1019, 1131, 724, 729]","[111, 1019, 1131, 724, 729]","[292, 43, 278, 129, -472]","[20, -26, -8, -13, -22]","[665, 747, 753, 719, 1021, 765, 745, 1197, 277, 851, 672, 774, 992]","[76, 22, 324, 466, 322, 267, 303, 348, 622, 586, 519, 471, 718]","[3, 1, -5, 4, 2, 2, 1, -3, 4, -3, -4, 1, -5]","[-4, -5, -3, -3, -5, -5, -5, -4, -3, -4, -4, -5, -1]"
10,9,False,513,405,0,0,[469],[844],[-5],[1],"[246, 1019, 1220, 764, 535]","[246, 1019, 1220, 764, 535]","[422, 3, 206, 149, -436]","[40, -6, 31, 27, 18]","[653, 799, 1043, 805, 765, 1137, 357, 791, 592, 794, 892, 251, 954, 1077, 673, 657]","[264, 406, 222, 167, 203, 268, 562, 506, 439, 371, 698, 692, 703, 621, 625, 650]","[-5, 4, 1, 2, 1, -3, 4, -3, -4, 1, -5, 5, -5, -5, -5, -5]","[-3, -3, -5, -5, -5, -4, -3, -4, -4, -5, -1, -2, -2, -2, -1, 0]"
11,8,False,521,370,0,0,[369],[832],[-5],[-2],"[428, 1000, 1275, 824, 365]","[428, 1000, 1275, 824, 365]","[520, -37, 123, 151, -364]","[60, 14, 64, 67, 58]","[553, 879, 1063, 845, 785, 1065, 437, 731, 802, 792, 351, 854, 977, 573, 557]","[206, 346, 122, 67, 103, 188, 502, 426, 271, 678, 652, 663, 581, 605, 650]","[-5, 4, 1, 2, 1, -4, 4, -3, 0, -5, 5, -5, -5, -5, -5]","[-2, -3, -5, -5, -5, -4, -3, -4, -5, -1, -2, -2, -2, -1, 0]"
12,8,False,599,275,7,-6,[298],[769],[-3],[-4],"[640, 966, 1292, 874, 229]","[640, 966, 1292, 874, 229]","[559, -96, 3, 129, -278]","[53, 14, 64, 87, 71]","[453, 959, 1083, 805, 985, 517, 671, 802, 692, 451, 754, 877, 473, 457, 569, 969, 1289, 883, 366]","[166, 286, 22, 3, 108, 442, 346, 171, 658, 612, 623, 541, 585, 650, 707, 709, 688, 607, 629]","[-5, 4, 1, 1, -4, 4, -3, 0, -5, 5, -5, -5, -5, -5, -1, -5, -5, -2, 4]","[-2, -3, -5, -5, -4, -3, -4, -5, -1, -2, -2, -2, -1, 0, -5, -1, 0, -5, -3]"
13,8,False,746,283,6,7,"[238, 798]","[689, 336]","[-3, 3]","[-4, 4]","[852, 905, 1253, 903, 126]","[852, 905, 1253, 903, 126]","[534, -156, -132, 69, -189]","[13, -6, 44, 69, 51]","[353, 1039, 905, 597, 611, 802, 592, 551, 654, 777, 373, 357, 566, 869, 1189, 843, 446]","[126, 226, 28, 382, 266, 71, 630, 572, 583, 501, 554, 636, 607, 689, 688, 507, 562]","[-5, 4, -4, 4, -3, 0, -5, 5, -5, -5, -5, -5, 0, -5, -5, -2, 4]","[-2, -3, -4, -3, -4, -5, -2, -2, -2, -2, -2, -1, -5, -1, 0, -5, -4]"
14,8,False,826,236,0,0,"[163, 858]","[621, 416]","[-4, 3]","[-3, 4]","[1044, 822, 1166, 909, 62]","[1044, 822, 1166, 909, 62]","[468, -206, -252, 9, -86]","[-22, -26, 24, 49, 31]","[253, 1119, 677, 551, 492, 651, 554, 677, 273, 257, 566, 769, 1089, 803, 526]","[84, 166, 322, 186, 590, 532, 543, 461, 514, 614, 507, 653, 688, 407, 499]","[-5, 4, 4, -3, -5, 5, -5, -5, -5, -5, 0, -5, -5, -2, 4]","[-3, -3, -3, -4, -2, -2, -2, -2, -2, -2, -5, -2, 0, -5, -3]"
15,8,False,898,228,9,0,"[78, 902]","[569, 513]","[-5, 2]","[-2, 5]","[1202, 722, 1035, 891, 43]","[1202, 722, 1035, 891, 43]","[367, -237, -348, -51, 34]","[-42, -46, 4, 29, 11]","[153, 1199, 757, 491, 392, 751, 454, 577, 185, 157, 566, 669, 989, 763, 606, 1012, 858, 1135, 864, 175]","[24, 106, 262, 106, 550, 492, 503, 421, 456, 573, 407, 613, 687, 307, 439, 693, 598, 597, 613, 624]","[-5, 4, 4, -3, -5, 5, -5, -5, -4, -5, 0, -5, -5, -2, 4, -4, 0, -3, -4, 4]","[-3, -3, -3, -4, -2, -2, -2, -2, -3, -3, -5, -2, -1, -5, -3, -3, -5, -5, -4, -3]"
16,8,False,1078,283,9,4,[942],[613],[2],[5],"[1313, 622, 869, 849, 72]","[1313, 622, 869, 849, 72]","[238, -248, -417, -103, 153]","[-62, -57, -16, 9, -9]","[1279, 837, 434, 302, 851, 354, 477, 114, 74, 577, 569, 889, 723, 686, 932, 858, 1075, 784, 255]","[36, 202, 9, 490, 452, 463, 381, 380, 507, 307, 564, 667, 207, 379, 633, 498, 497, 533, 564]","[4, 4, -2, -4, 5, -5, -5, -3, -4, 1, -5, -5, -2, 4, -4, 0, -3, -4, 4]","[-3, -3, -5, -3, -2, -2, -2, -4, -4, -5, -3, -1, -5, -3, -3, -5, -5, -4, -3]"
17,8,False,1227,342,8,5,[970],[713],[1],[5],"[1371, 522, 689, 789, 147]","[1371, 522, 689, 789, 147]","[117, -219, -430, -123, 273]","[-62, -37, -16, 9, -9]","[917, 222, 951, 254, 377, 83, 29, 609, 488, 789, 688, 766, 852, 858, 1015, 715, 335, 1399, 662, 819, 901, 199]","[142, 421, 412, 416, 341, 281, 415, 207, 504, 647, 107, 319, 573, 398, 397, 453, 504, 639, 615, 624, 672, 651]","[4, -4, 5, -5, -5, 0, -1, 2, -4, -5, -1, 4, -4, 0, -3, -3, 4, 0, 5, 1, 5, 5]","[-3, -4, -2, -3, -2, -5, -5, -5, -3, -1, -5, -3, -3, -5, -5, -4, -3, -5, -1, -5, -2, -2]"
18,8,False,1339,449,0,0,[977],[813],[0],[5],"[1383, 436, 514, 729, 273]","[1383, 436, 514, 729, 273]","[-3, -151, -387, -110, 398]","[-24, 3, 18, 29, 31]","[997, 163, 1051, 160, 277, 107, 41, 664, 411, 689, 668, 856, 772, 862, 955, 655, 415, 1399, 762, 839, 1001, 299]","[82, 335, 372, 356, 301, 182, 315, 119, 429, 627, 7, 259, 496, 298, 297, 373, 444, 539, 595, 524, 632, 611]","[4, -2, 5, -4, -5, 3, 2, 3, -3, -5, -1, 5, -4, 1, -3, -3, 4, 0, 5, 1, 5, 5]","[-3, -5, -2, -3, -2, -4, -5, -4, -4, -1, -5, -3, -4, -5, -5, -4, -3, -5, -1, -5, -2, -2]"
19,8,False,1354,439,0,0,[],[],[],[],"[1347, 384, 364, 680, 443]","[1347, 384, 364, 680, 443]","[-114, -71, -313, -90, 490]","[16, 43, 58, 49, 65]","[1077, 141, 1151, 80, 177, 188, 112, 744, 357, 589, 956, 692, 882, 895, 595, 499, 1399, 862, 859, 1101, 399]","[22, 235, 332, 296, 261, 117, 241, 51, 340, 607, 219, 416, 198, 197, 293, 384, 439, 575, 424, 592, 571]","[4, 0, 5, -4, -5, 5, 4, 4, -2, -5, 5, -4, 1, -3, -3, 5, 0, 5, 1, 5, 5]","[-3, -5, -2, -3, -2, -2, -3, -3, -5, -1, -2, -4, -5, -5, -4, -3, -5, -1, -5, -2, -2]"
20,8,False,1354,439,0,0,[],[],[],[],"[1271, 363, 250, 640, 641]","[1271, 363, 250, 640, 641]","[-214, 18, -210, -56, 546]","[56, 83, 78, 69, 85]","[161, 1251, 77, 288, 211, 842, 338, 489, 1056, 630, 902, 855, 539, 599, 1399, 962, 888, 1201, 499, 1459, 517, 497, 825, 591]","[135, 292, 212, 87, 199, 5, 240, 587, 179, 336, 98, 97, 195, 324, 339, 555, 324, 552, 531, 561, 591, 642, 665, 667]","[2, 5, -5, 5, 5, 5, 0, -5, 5, -3, 1, -2, -2, 5, 0, 5, 2, 5, 5, 4, 5, 5, 5, 5]","[-5, -2, -3, -1, -1, -2, -5, -1, -2, -4, -5, -5, -5, -3, -5, -1, -5, -2, -2, -3, -1, -1, -2, 0]"
