,HP,Power up,Player x,Player y,Player speed_x,Player speed_y,Player bullet x,Player bullet y,Player bullet speed_x,Player bullet speed_y,Enemy x,Enemy y,Enemy speed_x,Enemy speed_y,Enemy bullet x,Enemy bullet y,Enemy bullet speed_x,Enemy bullet speed_y
0,10,False,939,264,8,-5,[809],[477],[0],[5],"[1079, 783, 648, 1064, 705]","[1079, 783, 648, 1064, 705]","[80, -24, 299, 188, 179]","[78, 69, 59, 27, 120]",[],[],[],[]
1,10,False,1061,256,0,0,[809],[577],[0],[5],"[1089, 763, 768, 1117, 765]","[1089, 763, 768, 1117, 765]","[20, -19, 323, 130, 199]","[98, 69, 79, 67, 140]",[],[],[],[]
2,10,False,1070,259,0,0,[],[],[],[],"[1073, 743, 1147, 835, 349]","[1073, 743, 1147, 835, 349]","[-60, -19, 50, 180, 30]","[91, 49, 87, 130, -10]","[1100, 831, 1157, 886, 434]","[724, 775, 595, 723, 682]","[-3, 3, -3, 3, 5]","[-4, -4, -5, -5, -1]"
3,10,False,900,218,-9,-1,[],[],[],[],"[1022, 723, 1137, 889, 363]","[1022, 723, 1137, 889, 363]","[-143, -39, -50, 132, 90]","[51, 9, 83, 90, -30]","[1040, 891, 1097, 946, 534]","[633, 695, 495, 623, 662]","[-3, 3, -3, 3, 5]","[-5, -4, -5, -5, -1]"
4,10,False,810,218,0,0,[],[],[],[],"[937, 694, 1087, 919, 400]","[937, 694, 1087, 919, 400]","[-217, -59, -150, 72, 135]","[11, -31, 63, 50, -38]","[980, 951, 1037, 997, 634]","[533, 615, 395, 523, 642]","[-3, 3, -3, 2, 5]","[-5, -4, -5, -5, -1]"
5,10,False,724,246,-9,1,[],[],[],[],"[828, 654, 998, 926, 453]","[828, 654, 998, 926, 453]","[-271, -72, -235, 12, 175]","[-29, -71, 43, 10, -38]","[920, 1011, 977, 1037, 734, 947, 699, 1085, 895, 529]","[433, 535, 305, 423, 618, 686, 696, 588, 721, 574]","[-3, 3, -3, 2, 5, -1, -2, -2, -3, 4]","[-5, -4, -4, -5, -2, -5, -5, -5, -4, -4]"
6,10,False,670,255,0,0,[],[],[],[],"[707, 614, 880, 910, 515]","[707, 614, 880, 910, 515]","[-301, -72, -301, -48, 201]","[-62, -91, 23, -30, -38]","[860, 1071, 917, 1077, 834, 927, 659, 1045, 835, 609]","[333, 451, 225, 323, 578, 586, 596, 488, 641, 494]","[-3, 3, -3, 2, 5, -1, -2, -2, -3, 4]","[-5, -5, -4, -5, -2, -5, -5, -5, -4, -4]"
7,10,False,697,277,9,3,[],[],[],[],"[574, 574, 740, 870, 595]","[574, 574, 740, 870, 595]","[-287, -52, -319, -88, 235]","[-62, -91, 23, -50, -18]","[800, 1131, 857, 1117, 934, 907, 619, 1005, 775, 689, 663, 691, 848, 915, 611]","[250, 351, 145, 223, 538, 486, 496, 388, 561, 414, 677, 681, 643, 737, 568]","[-3, 3, -3, 2, 5, -1, -2, -2, -3, 4, -1, 5, 1, -2, 1]","[-4, -5, -4, -5, -2, -5, -5, -5, -4, -4, -5, -3, -5, -5, -5]"
8,10,False,805,272,9,0,[],[],[],[],"[462, 555, 606, 830, 688]","[462, 555, 606, 830, 688]","[-227, 2, -290, -89, 272]","[-42, -60, 43, -41, 22]","[740, 1176, 797, 1157, 1034, 887, 579, 965, 715, 769, 643, 788, 868, 875, 631]","[170, 251, 65, 123, 498, 386, 396, 288, 481, 334, 577, 621, 543, 637, 468]","[-3, 2, -3, 2, 5, -1, -2, -2, -3, 4, -1, 4, 1, -2, 1]","[-4, -5, -4, -5, -2, -5, -5, -5, -4, -4, -5, -3, -5, -5, -5]"
9,10,False,958,261,9,-1,[],[],[],[],"[377, 560, 491, 790, 788]","[377, 560, 491, 790, 788]","[-147, 62, -237, -89, 289]","[-17, -20, 63, -21, 62]","[680, 1216, 1197, 1134, 867, 552, 925, 655, 849, 623, 868, 888, 835, 660]","[90, 151, 23, 458, 286, 296, 188, 401, 254, 477, 561, 443, 537, 368]","[-3, 2, 2, 5, -1, -1, -2, -3, 4, -1, 4, 1, -2, 2]","[-4, -5, -5, -2, -5, -5, -5, -4, -4, -5, -3, -5, -5, -5]"
10,10,False,1084,254,0,0,[],[],[],[],"[329, 586, 401, 750, 888]","[329, 586, 401, 750, 888]","[-50, 111, -162, -80, 286]","[23, 20, 83, -1, 102]","[1256, 1234, 847, 532, 885, 595, 929, 603, 948, 908, 795, 700, 498, 650, 607, 835, 874]","[51, 418, 186, 196, 88, 303, 174, 377, 501, 343, 437, 268, 598, 525, 654, 637, 525]","[2, 5, -1, -1, -2, -3, 4, -1, 4, 1, -2, 2, 4, 2, 4, 0, 2]","[-5, -2, -5, -5, -5, -5, -4, -5, -3, -5, -5, -5, -3, -5, -3, -5, -5]"
11,10,False,1120,297,7,7,[],[],[],[],"[321, 627, 345, 710, 988]","[321, 627, 345, 710, 988]","[50, 151, -73, -60, 263]","[63, 60, 103, 19, 130]","[1334, 827, 512, 550, 1009, 583, 1028, 928, 765, 740, 578, 696, 687, 835, 914]","[378, 86, 96, 203, 94, 277, 441, 243, 337, 168, 538, 425, 594, 537, 425]","[5, -1, -1, -2, 4, -1, 4, 1, -1, 2, 4, 3, 4, 0, 2]","[-2, -5, -5, -5, -4, -5, -3, -5, -5, -5, -3, -5, -3, -5, -5]"
12,10,False,1196,294,-4,-8,[],[],[],[],"[352, 687, 324, 671, 1074]","[352, 687, 324, 671, 1074]","[130, 165, 7, -60, 202]","[70, 80, 86, 19, 130]","[1434, 510, 1089, 570, 1108, 951, 745, 789, 658, 756, 767, 835, 958, 431, 754, 426, 774, 1065]","[338, 103, 14, 177, 381, 143, 237, 68, 478, 325, 534, 437, 325, 672, 637, 764, 686, 664]","[5, -2, 4, 0, 4, 2, -1, 3, 4, 3, 4, 0, 3, 5, 5, 5, 5, -2]","[-2, -5, -4, -5, -3, -5, -5, -5, -3, -5, -3, -5, -5, 0, 0, -2, -2, -5]"
13,10,False,1088,242,-4,9,[],[],[],[],"[406, 742, 330, 631, 1124]","[406, 742, 330, 631, 1124]","[178, 145, 67, -62, 102]","[50, 79, 46, -1, 108]","[1534, 473, 570, 1188, 991, 727, 738, 816, 847, 835, 1018, 531, 854, 526, 874, 1025]","[298, 3, 77, 321, 43, 137, 418, 234, 474, 337, 241, 672, 637, 724, 646, 564]","[5, -1, 0, 4, 2, 0, 4, 3, 4, 0, 3, 5, 5, 5, 5, -2]","[-2, -5, -5, -3, -5, -5, -3, -4, -3, -5, -4, 0, 0, -2, -2, -5]"
14,10,False,979,224,-8,-5,[],[],[],[],"[476, 782, 360, 591, 1134]","[476, 782, 360, 591, 1134]","[217, 119, 127, -62, 2]","[30, 59, 6, -21, 68]","[1268, 727, 818, 876, 927, 849, 1078, 631, 954, 626, 974, 985]","[261, 37, 358, 154, 414, 237, 161, 658, 637, 684, 606, 464]","[4, 0, 4, 3, 4, 1, 3, 5, 5, 5, 5, -2]","[-3, -5, -3, -4, -3, -5, -4, -1, 0, -2, -2, -5]"
15,10,False,937,203,0,0,[],[],[],[],"[556, 811, 412, 551, 1104]","[556, 811, 412, 551, 1104]","[237, 79, 172, -54, -98]","[10, 39, -34, -41, 28]","[1348, 898, 936, 1007, 869, 1138, 731, 1054, 726, 1074, 945, 575, 891, 457, 696, 1182]","[194, 298, 74, 354, 137, 81, 638, 626, 644, 566, 364, 609, 610, 721, 616, 699]","[4, 4, 3, 4, 1, 3, 5, 5, 5, 5, -2, 3, 3, 3, 3, 0]","[-4, -3, -4, -3, -5, -4, -1, -1, -2, -2, -5, -4, -4, -4, -4, -5]"
16,10,False,793,191,-9,-3,[],[],[],[],"[636, 825, 479, 528, 1034]","[636, 825, 479, 528, 1034]","[241, 39, 210, -34, -190]","[-10, 19, -73, -51, -12]","[1428, 978, 1087, 889, 831, 1154, 826, 1174, 905, 635, 951, 517, 756, 1182]","[114, 238, 294, 37, 618, 606, 604, 526, 264, 529, 530, 641, 536, 599]","[4, 4, 4, 1, 5, 5, 5, 5, -2, 3, 3, 3, 3, 0]","[-4, -3, -3, -5, -1, -1, -2, -2, -5, -4, -4, -4, -4, -5]"
17,10,False,717,184,4,8,[],[],[],[],"[717, 825, 560, 511, 936]","[717, 825, 560, 511, 936]","[250, 19, 250, 6, -244]","[-10, 19, -73, -31, -32]","[1489, 1058, 1167, 931, 1254, 926, 1274, 865, 695, 1011, 577, 816, 1182, 722, 840, 590, 566, 992]","[34, 178, 234, 598, 586, 564, 485, 164, 449, 444, 561, 456, 499, 625, 636, 692, 577, 742]","[3, 4, 4, 5, 5, 5, 5, -2, 3, 3, 3, 3, 0, 0, -2, 2, 0, -3]","[-4, -3, -3, -1, -1, -2, -3, -5, -4, -5, -4, -4, -5, -5, -5, -5, -5, -4]"
18,10,False,810,220,-9,-3,[],[],[],[],"[817, 825, 660, 517, 822]","[817, 825, 660, 517, 822]","[261, 19, 292, 66, -257]","[26, 39, -53, 9, -24]","[1138, 1247, 1031, 1354, 1026, 1374, 825, 755, 1071, 637, 876, 1182, 722, 800, 630, 566, 932]","[118, 174, 578, 566, 524, 425, 64, 369, 344, 481, 376, 399, 525, 536, 592, 477, 662]","[4, 4, 5, 5, 5, 5, -2, 3, 3, 3, 3, 0, 0, -2, 2, 0, -3]","[-3, -3, -1, -1, -2, -3, -5, -4, -5, -4, -4, -5, -5, -5, -5, -5, -4]"
19,10,False,756,197,0,0,[],[],[],[],"[917, 825, 775, 546, 707]","[917, 825, 775, 546, 707]","[252, 19, 313, 126, -246]","[60, 59, -28, 49, -4]","[1218, 1327, 1131, 1454, 1126, 1458, 815, 1119, 697, 936, 1182, 722, 760, 670, 566, 872]","[58, 113, 558, 535, 469, 365, 289, 244, 401, 296, 299, 425, 436, 492, 377, 582]","[4, 4, 5, 5, 5, 4, 3, 2, 3, 3, 0, 0, -2, 2, 0, -3]","[-3, -4, -1, -2, -3, -3, -4, -5, -4, -4, -5, -5, -5, -5, -5, -4]"
20,9,False,868,242,9,2,[],[],[],[],"[999, 825, 895, 599, 607]","[999, 825, 895, 599, 607]","[225, 19, 309, 176, -214]","[80, 79, 12, 89, 16]","[1407, 1231, 1226, 1159, 757, 996, 1179, 722, 720, 710, 566, 812, 943, 783, 781, 610, 803]","[33, 534, 409, 144, 321, 204, 199, 325, 336, 392, 277, 502, 569, 617, 554, 524, 652]","[4, 5, 5, 2, 3, 3, -1, 0, -2, 2, 0, -3, -1, -3, -2, 1, 3]","[-4, -2, -3, -5, -4, -5, -5, -5, -5, -5, -5, -4, -5, -4, -5, -5, -4]"
21,9,False,1030,267,0,0,[],[],[],[],"[1071, 825, 1004, 668, 521]","[1071, 825, 1004, 668, 521]","[185, 19, 282, 216, -163]","[100, 99, 52, 124, 36]","[1331, 1326, 1199, 817, 1056, 1159, 722, 680, 750, 566, 752, 923, 723, 741, 630, 863]","[494, 349, 44, 241, 104, 99, 225, 236, 292, 177, 422, 469, 537, 454, 424, 572]","[5, 5, 2, 3, 3, -1, 0, -2, 2, 0, -3, -1, -3, -2, 1, 3]","[-2, -3, -5, -4, -5, -5, -5, -5, -5, -5, -4, -5, -4, -5, -5, -4]"
22,9,False,1091,232,6,-7,[],[],[],[],"[1122, 824, 1097, 748, 457]","[1122, 824, 1097, 748, 457]","[105, -1, 215, 217, -120]","[100, 89, 69, 124, 36]","[1431, 1408, 877, 1116, 722, 640, 790, 579, 692, 903, 663, 701, 650, 923, 1122, 890, 1100, 809, 559]","[454, 289, 161, 14, 125, 136, 192, 77, 335, 369, 457, 354, 324, 492, 698, 718, 606, 680, 694]","[5, 4, 3, 3, 0, -2, 2, 1, -3, -1, -3, -2, 1, 3, -3, 3, 0, 5, 4]","[-2, -3, -4, -4, -5, -5, -5, -5, -5, -5, -4, -5, -5, -4, -4, -4, -5, -2, -3]"
23,9,False,1145,277,0,0,[],[],[],[],"[1134, 804, 1153, 819, 408]","[1134, 804, 1153, 819, 408]","[5, -41, 115, 183, -80]","[73, 49, 49, 104, 16]","[1531, 1488, 937, 722, 602, 830, 632, 886, 603, 677, 670, 983, 1062, 950, 1100, 909, 639]","[414, 229, 81, 25, 36, 92, 235, 269, 364, 254, 224, 412, 605, 638, 506, 640, 634]","[5, 4, 3, 0, -1, 2, -3, 0, -3, -1, 1, 3, -3, 3, 0, 5, 4]","[-2, -3, -4, -5, -5, -5, -5, -5, -5, -5, -5, -4, -5, -4, -5, -2, -3]"
24,9,False,1046,270,0,0,[],[],[],[],"[1106, 768, 1169, 875, 374]","[1106, 768, 1169, 875, 374]","[-95, -81, 8, 140, -40]","[33, 9, 29, 70, -4]","[997, 585, 886, 562, 657, 690, 1043, 1002, 1010, 1100, 1009, 719]","[1, 135, 169, 264, 154, 124, 332, 505, 558, 406, 600, 574]","[3, -2, 0, -2, -1, 1, 3, -3, 3, 0, 5, 4]","[-4, -5, -5, -5, -5, -5, -4, -5, -4, -5, -2, -3]"
25,9,False,965,263,0,0,[],[],[],[],"[1038, 727, 1141, 908, 359]","[1038, 727, 1141, 908, 359]","[-188, -101, -94, 80, 14]","[-7, -31, 9, 30, -24]","[545, 886, 522, 637, 723, 1103, 956, 1070, 1100, 1109, 799, 1159, 801, 1183, 924, 482]","[35, 69, 164, 54, 24, 252, 405, 478, 306, 559, 514, 674, 689, 578, 683, 653]","[-2, 0, -2, -1, 2, 3, -2, 3, 0, 5, 4, 1, 0, -2, 0, 3]","[-5, -5, -5, -5, -5, -4, -5, -4, -5, -3, -3, -5, -5, -5, -5, -4]"
26,9,False,852,217,-9,-3,[],[],[],[],"[936, 667, 1073, 918, 368]","[936, 667, 1073, 918, 368]","[-263, -121, -194, 20, 74]","[-42, -65, -11, -10, -44]","[495, 1163, 916, 1130, 1100, 1209, 879, 1179, 801, 1143, 924, 542]","[64, 158, 305, 398, 206, 499, 454, 574, 589, 478, 583, 573]","[-1, 3, -2, 3, 0, 5, 4, 1, 0, -2, 0, 3]","[-5, -5, -5, -4, -5, -3, -3, -5, -5, -5, -5, -4]"
27,9,False,744,187,0,0,[],[],[],[],"[816, 607, 971, 904, 397]","[816, 607, 971, 904, 397]","[-295, -101, -256, -20, 135]","[-42, -65, -3, -30, -42]","[1219, 876, 1190, 1100, 1296, 959, 1190, 801, 1103, 924, 602, 924, 712, 1045, 952, 475]","[58, 205, 304, 106, 439, 394, 474, 489, 378, 483, 493, 695, 693, 612, 728, 655]","[2, -2, 3, 0, 4, 4, 0, 0, -2, 0, 3, 1, 3, -2, -1, 5]","[-5, -5, -5, -5, -3, -3, -5, -5, -5, -5, -4, -5, -4, -5, -5, -2]"
28,9,False,591,187,-9,-1,[],[],[],[],"[696, 567, 851, 884, 458]","[696, 567, 851, 884, 458]","[-283, -61, -275, -40, 215]","[-22, -45, 37, -10, -2]","[822, 1236, 1100, 1376, 1039, 1190, 801, 1063, 924, 662, 944, 772, 1005, 932, 575]","[105, 204, 6, 379, 333, 374, 389, 278, 383, 413, 595, 613, 512, 628, 615]","[-3, 2, 0, 4, 4, 0, 0, -2, 0, 3, 1, 3, -2, -1, 5]","[-5, -5, -5, -3, -4, -5, -5, -5, -5, -4, -5, -4, -5, -5, -2]"
29,9,False,565,266,0,0,[],[],[],[],"[578, 544, 731, 854, 548]","[578, 544, 731, 854, 548]","[-248, -1, -269, -53, 278]","[-2, -18, 73, 10, 38]","[762, 1276, 1456, 1119, 1190, 801, 1021, 924, 722, 946, 832, 965, 912, 675]","[11, 104, 307, 253, 274, 289, 178, 283, 333, 495, 532, 412, 528, 573]","[-3, 2, 4, 4, 0, 0, -3, 0, 3, 0, 3, -2, -1, 5]","[-4, -5, -4, -4, -5, -5, -5, -5, -4, -5, -5, -5, -5, -3]"
30,9,False,649,297,9,-3,[],[],[],[],"[482, 548, 617, 814, 660]","[482, 548, 617, 814, 660]","[-190, 59, -240, -53, 323]","[18, 22, 93, 30, 78]","[1303, 1525, 1199, 1190, 801, 961, 924, 782, 946, 892, 925, 892, 775, 614, 539, 745, 827, 611]","[4, 227, 173, 174, 189, 85, 183, 253, 395, 432, 312, 428, 513, 592, 547, 566, 646, 533]","[1, 3, 4, 0, 0, -3, 0, 3, 0, 3, -2, -1, 5, 0, -2, -1, -3, 1]","[-5, -4, -4, -5, -5, -4, -5, -4, -5, -5, -5, -5, -3, -5, -5, -5, -4, -5]"
31,9,False,676,296,0,0,[],[],[],[],"[412, 575, 521, 774, 780]","[412, 575, 521, 774, 780]","[-114, 116, -190, -53, 344]","[38, 62, 113, 50, 106]","[1279, 1190, 801, 901, 924, 842, 946, 935, 869, 872, 875, 614, 499, 725, 767, 631]","[93, 74, 89, 5, 83, 173, 295, 332, 212, 328, 453, 492, 447, 466, 566, 433]","[4, 0, 0, -3, 0, 3, 0, 2, -3, -1, 5, 0, -2, -1, -3, 1]","[-4, -5, -5, -4, -5, -4, -5, -5, -5, -5, -3, -5, -5, -5, -4, -5]"
32,9,False,856,310,9,2,[],[],[],[],"[369, 615, 445, 743, 900]","[369, 615, 445, 743, 900]","[-54, 136, -144, -56, 319]","[38, 71, 113, 50, 106]","[1359, 902, 946, 975, 809, 852, 961, 624, 459, 705, 707, 657, 432, 684, 544, 797, 840]","[13, 93, 195, 232, 124, 228, 393, 392, 347, 366, 486, 333, 636, 640, 698, 702, 684]","[4, 3, 0, 2, -3, -1, 4, 1, -2, -1, -3, 2, 1, 4, 2, -1, -5]","[-4, -4, -5, -5, -4, -5, -3, -5, -5, -5, -4, -5, -5, -3, -5, -5, -3]"
33,9,False,926,397,-8,5,[],[],[],[],"[350, 655, 385, 703, 1006]","[350, 655, 385, 703, 1006]","[5, 136, -104, -76, 252]","[18, 51, 74, 30, 86]","[962, 946, 1015, 749, 832, 1041, 644, 419, 695, 647, 697, 452, 764, 584, 777, 740]","[13, 95, 132, 44, 128, 333, 292, 247, 266, 406, 233, 536, 580, 598, 602, 624]","[3, 0, 2, -3, -1, 4, 1, -2, 0, -3, 2, 1, 4, 2, -1, -5]","[-4, -5, -5, -4, -5, -3, -5, -5, -5, -4, -5, -5, -3, -5, -5, -3]"
34,9,False,1053,396,8,-4,[],[],[],[],"[356, 695, 344, 663, 1079]","[356, 695, 344, 663, 1079]","[65, 123, -52, -94, 169]","[-2, 31, 34, 10, 61]","[1055, 812, 1121, 664, 394, 695, 587, 737, 472, 844, 624, 757, 650]","[32, 28, 273, 192, 147, 166, 326, 133, 436, 520, 498, 502, 564]","[2, -1, 4, 1, -1, 0, -3, 2, 1, 4, 2, -1, -4]","[-5, -5, -3, -5, -5, -5, -4, -5, -5, -3, -5, -5, -3]"
35,9,False,1106,390,-3,9,[1152],[423],[-2],[5],"[385, 735, 327, 623, 1115]","[385, 735, 327, 623, 1115]","[117, 103, 8, -94, 69]","[-22, 11, -6, -10, 21]","[1203, 688, 374, 695, 527, 781, 492, 924, 679, 742, 570, 506, 832, 458, 776, 1126]","[213, 92, 47, 66, 246, 33, 336, 460, 398, 402, 504, 678, 688, 733, 667, 671]","[5, 2, -1, 0, -3, 3, 1, 4, 3, 0, -4, 5, 5, 4, 4, 0]","[-3, -5, -5, -5, -4, -5, -5, -3, -5, -5, -3, -1, 0, -3, -4, -5]"
36,9,False,1195,330,8,-5,[1112],[523],[-2],[5],"[429, 758, 334, 583, 1111]","[429, 758, 334, 583, 1111]","[157, 83, 68, -94, -31]","[-31, -9, -46, -30, -19]","[1303, 467, 529, 1004, 739, 742, 490, 606, 932, 538, 856, 1126]","[153, 158, 236, 400, 298, 302, 444, 658, 688, 673, 587, 571]","[5, -3, 2, 4, 3, 0, -4, 5, 5, 4, 4, 0]","[-3, -5, -5, -3, -5, -5, -3, -1, 0, -3, -4, -5]"
37,9,False,1300,332,0,0,[1085],[623],[-1],[5],"[493, 778, 364, 543, 1070]","[493, 778, 364, 543, 1070]","[211, 74, 148, -62, -111]","[-11, -9, -55, -30, -20]","[1403, 417, 569, 1084, 799, 742, 410, 706, 1032, 618, 936, 1126, 556, 868, 435, 658, 1159]","[93, 58, 136, 340, 213, 202, 365, 638, 686, 613, 507, 471, 632, 662, 724, 698, 707]","[5, -2, 2, 4, 3, 0, -4, 5, 5, 4, 4, 0, 5, 5, 4, 5, 2]","[-3, -5, -5, -3, -4, -5, -4, -1, -1, -3, -4, -5, -1, -2, -4, -2, -5]"
38,9,False,1308,358,2,9,[1065],[723],[-1],[5],"[581, 798, 432, 520, 1009]","[581, 798, 432, 520, 1009]","[269, 74, 230, -2, -152]","[29, 27, -35, -10, 0]","[1503, 609, 1164, 859, 742, 349, 806, 1132, 698, 1016, 1126, 656, 968, 515, 758, 1199]","[38, 36, 280, 133, 102, 285, 618, 666, 553, 427, 371, 612, 622, 646, 658, 607]","[5, 2, 4, 3, 0, -3, 5, 5, 4, 4, 0, 5, 5, 4, 5, 2]","[-2, -5, -3, -4, -5, -4, -1, -1, -3, -4, -5, -1, -2, -3, -2, -5]"
39,9,False,1205,391,-9,-3,[1032],[823],[-2],[5],"[686, 818, 528, 523, 929]","[686, 818, 528, 523, 929]","[307, 74, 299, 58, -183]","[69, 61, -15, 10, 20]","[1263, 919, 762, 300, 906, 1232, 778, 1096, 1126, 756, 1068, 595, 858, 1239]","[220, 53, 2, 188, 598, 646, 493, 347, 271, 592, 582, 586, 618, 507]","[5, 3, 1, -2, 5, 5, 4, 4, 0, 5, 5, 4, 5, 2]","[-3, -4, -5, -5, -1, -1, -3, -4, -5, -1, -2, -3, -2, -5]"
40,9,False,1110,353,-9,-4,[],[],[],[],"[806, 838, 648, 550, 849]","[806, 838, 648, 550, 849]","[321, 74, 346, 118, -199]","[109, 81, 5, 30, 40]","[1363, 271, 1006, 1332, 858, 1176, 1126, 856, 1168, 675, 958, 1279, 832, 963, 674, 659, 1000]","[160, 88, 578, 626, 433, 267, 171, 572, 542, 526, 578, 407, 595, 617, 692, 608, 617]","[5, -1, 5, 5, 4, 4, 0, 5, 5, 4, 5, 2, 5, 4, 5, 5, 2]","[-3, -5, -1, -1, -3, -4, -5, -1, -2, -3, -2, -5, -2, -3, 0, -3, -5]"
41,9,False,963,239,-7,-6,[],[],[],[],"[926, 858, 787, 600, 769]","[926, 858, 787, 600, 769]","[312, 74, 368, 168, -199]","[130, 101, 25, 50, 60]","[1463, 1106, 1432, 938, 1256, 1126, 956, 1268, 755, 1058, 1319, 932, 1043, 774, 759, 1040]","[100, 558, 606, 373, 187, 71, 552, 502, 466, 538, 307, 549, 557, 692, 548, 517]","[5, 5, 5, 4, 4, 0, 5, 5, 4, 5, 2, 5, 4, 5, 5, 2]","[-3, -1, -1, -3, -4, -5, -1, -2, -3, -2, -5, -3, -3, 0, -3, -5]"
42,9,False,873,173,-9,0,[],[],[],[],"[1036, 876, 923, 660, 689]","[1036, 876, 923, 660, 689]","[260, 45, 340, 188, -200]","[130, 101, 25, 50, 60]","[1206, 1532, 1018, 1336, 1056, 1368, 835, 1158, 1354, 1032, 1123, 874, 859, 1080, 996, 945, 889, 677, 767]","[538, 577, 313, 107, 532, 462, 406, 498, 207, 489, 495, 692, 488, 417, 696, 697, 624, 639, 696]","[5, 5, 4, 4, 5, 5, 4, 5, 1, 5, 4, 5, 5, 2, -4, 3, -1, 0, 0]","[-1, -2, -3, -4, -1, -2, -3, -2, -5, -3, -4, 0, -3, -5, -3, -4, -5, -5, -5]"
43,9,False,770,279,0,9,[808],[298],[0],[5],"[1111, 871, 1035, 720, 589]","[1111, 871, 1035, 720, 589]","[168, -15, 268, 171, -205]","[101, 72, 5, 30, 28]","[1306, 1098, 1411, 1156, 1468, 915, 1258, 1374, 1132, 1196, 974, 956, 1120, 916, 1005, 869, 677, 767]","[505, 253, 27, 507, 422, 346, 458, 107, 429, 415, 692, 428, 317, 634, 601, 524, 539, 596]","[5, 4, 3, 5, 5, 4, 5, 1, 5, 3, 5, 4, 2, -4, 3, -1, 0, 0]","[-2, -3, -4, -2, -2, -3, -2, -5, -3, -4, 0, -3, -5, -4, -5, -5, -5, -5]"
44,9,False,617,219,-8,-5,[808],[398],[0],[5],"[1147, 847, 1114, 779, 500]","[1147, 847, 1114, 779, 500]","[68, -58, 176, 148, -190]","[61, 32, -15, 10, -8]","[1406, 1178, 1256, 995, 1358, 1392, 1220, 1256, 1074, 1036, 1155, 836, 1059, 849, 677, 767]","[465, 193, 467, 286, 418, 7, 369, 330, 676, 368, 217, 554, 501, 424, 439, 496]","[5, 4, 5, 4, 5, 0, 4, 3, 5, 4, 1, -4, 2, -1, 0, 0]","[-2, -3, -2, -3, -2, -5, -3, -5, -1, -3, -5, -4, -5, -5, -5, -5]"
45,9,False,490,179,-9,1,[808],[498],[0],[5],"[1143, 807, 1154, 819, 420]","[1143, 807, 1154, 819, 420]","[-32, -98, 76, 108, -158]","[21, -8, -19, -10, -28]","[1506, 1258, 1356, 1075, 1458, 1300, 1290, 1174, 1116, 1175, 756, 1099, 814, 677, 767, 1137, 860, 1101, 756, 518]","[425, 133, 427, 212, 378, 309, 230, 656, 308, 117, 474, 401, 324, 339, 396, 729, 676, 587, 609, 657]","[5, 4, 5, 4, 5, 4, 1, 5, 4, 1, -4, 2, -2, 0, 0, -3, -1, -3, -3, -1]","[-2, -3, -2, -4, -2, -3, -5, -1, -3, -5, -4, -5, -5, -5, -5, -4, -5, -4, -4, -5]"
46,9,False,395,226,0,9,[],[],[],[],"[1099, 748, 1154, 357]","[1099, 748, 1154, 357]","[-132, -132, -24, -115]","[-19, -45, -19, -48]","[1338, 1456, 1155, 1380, 1295, 1274, 1196, 1195, 676, 1139, 774, 677, 767, 1069, 840, 1041, 696, 498]","[53, 387, 132, 249, 130, 636, 248, 17, 394, 301, 224, 239, 296, 649, 576, 507, 529, 557]","[4, 5, 4, 4, 0, 5, 4, 1, -4, 2, -2, 0, 0, -4, -1, -3, -3, -1]","[-4, -2, -4, -3, -5, -1, -3, -5, -4, -5, -5, -5, -5, -4, -5, -4, -4, -5]"
47,9,False,391,287,-8,5,[],[],[],[],"[1021, 688, 1117, 317, 980]","[1021, 688, 1117, 317, 980]","[-201, -132, -104, -35, -20]","[-39, -45, 1, -48, -1]","[1235, 1460, 1269, 1374, 1276, 596, 1165, 734, 677, 767, 989, 820, 981, 636, 478, 1060, 753, 1134, 400, 988]","[52, 178, 30, 604, 183, 314, 201, 124, 139, 196, 569, 476, 427, 449, 457, 755, 698, 623, 655, 823]","[4, 4, -2, 5, 4, -4, 1, -2, 0, 0, -4, -1, -3, -3, -1, -4, -1, -5, 2, -5]","[-4, -4, -5, -2, -4, -4, -5, -5, -5, -5, -4, -5, -4, -4, -5, -3, -5, 0, -5, -2]"
48,9,False,405,398,8,5,[],[],[],[],"[921, 629, 1052, 315, 958]","[921, 629, 1052, 315, 958]","[-232, -99, -160, 65, -52]","[-33, -25, 41, -28, -1]","[1474, 1356, 516, 1185, 694, 677, 767, 909, 800, 901, 576, 458, 980, 733, 1034, 440, 888]","[564, 103, 244, 101, 24, 39, 96, 489, 376, 347, 369, 357, 695, 598, 623, 555, 783]","[5, 4, -4, 1, -2, 0, 0, -4, -1, -4, -3, -1, -4, -1, -5, 2, -5]","[-2, -4, -3, -5, -5, -5, -5, -4, -5, -4, -4, -5, -3, -5, 0, -5, -2]"
49,8,False,574,335,9,-4,[],[],[],[],"[821, 589, 972, 353, 918]","[821, 589, 972, 353, 918]","[-243, -59, -200, 165, -72]","[-13, -5, 81, 11, 1]","[1427, 436, 1187, 829, 780, 821, 438, 900, 713, 934, 480, 788]","[23, 184, 1, 409, 276, 267, 257, 635, 498, 623, 455, 743]","[3, -4, 0, -4, -1, -4, -1, -4, -1, -5, 2, -5]","[-4, -3, -5, -4, -5, -4, -5, -3, -5, 0, -5, -2]"
50,8,False,666,245,3,-9,[],[],[],[],"[721, 565, 872, 427, 878]","[721, 565, 872, 427, 878]","[-234, -16, -221, 251, -92]","[7, 15, 120, 51, 21]","[356, 749, 741, 741, 418, 820, 693, 834, 520, 688, 777, 614, 981, 418, 891]","[124, 329, 176, 187, 157, 575, 398, 604, 355, 703, 654, 594, 534, 542, 675]","[-4, -4, -2, -4, -1, -4, -1, -5, 2, -5, -4, -1, -2, 2, -3]","[-3, -4, -5, -4, -5, -3, -5, -1, -5, -2, -4, -5, -5, -5, -4]"
51,7,False,829,189,9,-1,[],[],[],[],"[621, 560, 772, 534, 838]","[621, 560, 772, 534, 838]","[-205, 44, -222, 320, -97]","[27, 35, 140, 84, 41]","[276, 669, 701, 402, 740, 673, 734, 560, 588, 697, 614, 941, 458, 831]","[58, 249, 76, 57, 515, 298, 584, 255, 663, 574, 494, 434, 442, 589]","[-4, -4, -2, 0, -4, -1, -5, 2, -5, -4, 0, -2, 2, -3]","[-4, -4, -5, -5, -3, -5, -1, -5, -2, -4, -5, -5, -5, -5]"
52,7,False,883,188,9,2,[],[],[],[],"[539, 579, 672, 654, 789]","[539, 579, 672, 654, 789]","[-178, 74, -223, 346, -117]","[27, 35, 140, 84, 30]","[589, 660, 653, 634, 600, 488, 635, 614, 901, 498, 771, 620, 635, 782, 640, 841]","[169, 455, 198, 564, 155, 617, 494, 394, 334, 342, 489, 667, 639, 681, 629, 707]","[-4, -4, -1, -5, 2, -5, -3, 0, -2, 2, -3, 1, 3, 2, 0, -1]","[-4, -3, -5, -1, -5, -3, -4, -5, -5, -5, -5, -5, -4, -5, -5, -5]"
53,7,False,1045,264,4,8,[],[],[],[],"[459, 599, 572, 774, 729]","[459, 599, 572, 774, 729]","[-156, 74, -224, 329, -144]","[7, 15, 109, 64, -7]","[509, 580, 633, 534, 640, 388, 575, 614, 861, 538, 722, 640, 695, 822, 640, 821]","[89, 395, 98, 544, 55, 557, 414, 294, 234, 242, 389, 567, 559, 581, 529, 607]","[-4, -4, -1, -5, 2, -5, -3, 0, -2, 2, -2, 1, 3, 2, 0, -1]","[-4, -3, -5, -1, -5, -3, -4, -5, -5, -5, -5, -5, -4, -5, -5, -5]"
54,7,False,1048,366,7,-6,[1079],[439],[-1],[5],"[397, 619, 472, 888, 655]","[397, 619, 472, 888, 655]","[-116, 74, -205, 286, -161]","[-13, -5, 69, 44, -27]","[434, 500, 434, 302, 515, 614, 840, 581, 682, 660, 765, 862, 660, 801]","[9, 329, 510, 497, 321, 194, 134, 142, 289, 467, 479, 481, 429, 507]","[-3, -4, -5, -4, -3, 0, -1, 3, -2, 1, 4, 2, 1, -1]","[-4, -4, -2, -3, -5, -5, -5, -5, -5, -5, -4, -5, -5, -5]"
55,7,False,1207,271,8,-4,[1059],[539],[-1],[5],"[350, 639, 390, 980, 575]","[350, 639, 390, 980, 575]","[-67, 74, -166, 224, -161]","[-33, -24, 29, 24, -47]","[420, 334, 222, 473, 614, 820, 641, 642, 683, 845, 902, 680, 791, 518, 749, 608, 988, 733]","[249, 470, 437, 221, 94, 34, 51, 189, 367, 399, 381, 329, 407, 632, 607, 770, 637, 638]","[-4, -5, -4, -2, 0, -1, 3, -2, 2, 4, 2, 1, 0, 4, 4, 5, 3, 2]","[-4, -2, -3, -5, -5, -5, -4, -5, -5, -4, -5, -5, -5, -4, -4, -2, -4, -5]"
56,7,False,1240,259,0,0,[],[],[],[],"[325, 659, 323, 503]","[325, 659, 323, 503]","[-7, 74, -112, -143]","[-53, -24, -11, -67]","[340, 234, 142, 442, 612, 723, 925, 942, 710, 791, 598, 829, 708, 1048, 773]","[169, 427, 377, 121, 89, 267, 319, 281, 229, 307, 552, 527, 730, 557, 538]","[-4, -5, -4, -1, -1, 2, 4, 2, 2, 0, 4, 4, 5, 3, 2]","[-4, -3, -3, -5, -5, -5, -4, -5, -5, -5, -4, -4, -2, -4, -5]"
57,7,False,1335,352,6,7,[],[],[],[],"[328, 679, 284, 445, 253]","[328, 679, 284, 445, 253]","[73, 84, -32, -95, 60]","[-36, -4, -31, -57, 10]","[264, 149, 62, 432, 763, 1005, 982, 750, 791, 678, 909, 808, 1108, 813, 408, 769, 395, 568, 336]","[89, 367, 299, 21, 167, 239, 181, 129, 207, 472, 447, 690, 477, 438, 639, 617, 787, 656, 659]","[-3, -4, -4, 0, 2, 4, 2, 2, 0, 4, 4, 5, 3, 2, 5, 5, 5, 5, 5]","[-4, -3, -4, -5, -5, -4, -5, -5, -5, -4, -4, -2, -4, -5, 0, -2, -2, -1, -2]"
58,7,False,1309,208,-8,-4,[],[],[],[],"[368, 704, 282, 414, 292]","[368, 704, 282, 414, 292]","[173, 104, 68, -15, 171]","[4, 36, -31, -17, 30]","[204, 78, 803, 1085, 1022, 802, 791, 758, 989, 908, 1168, 855, 508, 869, 495, 668, 436]","[9, 290, 67, 159, 81, 30, 107, 392, 367, 650, 397, 338, 639, 577, 747, 636, 619]","[-3, -3, 2, 4, 2, 3, 0, 4, 4, 5, 3, 3, 5, 5, 5, 5, 5]","[-4, -4, -5, -4, -5, -4, -5, -4, -4, -2, -4, -5, 0, -2, -2, -1, -2]"
59,7,False,1325,372,4,8,[1340],[375],[1],[5],"[444, 744, 320, 415, 372]","[444, 744, 320, 415, 372]","[254, 124, 168, 65, 271]","[44, 76, -22, 23, 50]","[41, 1165, 799, 838, 1069, 1008, 1228, 915, 608, 969, 595, 768, 536]","[192, 79, 7, 320, 287, 610, 317, 238, 639, 537, 707, 616, 579]","[-1, 4, 1, 4, 4, 5, 3, 3, 5, 5, 5, 5, 5]","[-5, -4, -5, -3, -4, -2, -4, -5, 0, -2, -2, -1, -2]"
60,7,False,1386,350,0,9,[1340],[475],[0],[5],"[551, 784, 398, 447, 485]","[551, 784, 398, 447, 485]","[319, 137, 262, 145, 349]","[84, 116, -2, 63, 70]","[50, 1245, 918, 1149, 1108, 1288, 975, 708, 1069, 695, 868, 636, 584, 893, 467, 551, 518]","[92, 17, 260, 225, 570, 237, 144, 639, 497, 667, 596, 539, 592, 600, 754, 591, 672]","[2, 4, 4, 4, 5, 3, 3, 5, 5, 5, 5, 5, 5, 5, 5, 5, 5]","[-5, -3, -3, -3, -2, -4, -4, 0, -2, -2, -1, -2, -1, -2, 0, -1, -1]"
61,7,False,1239,333,-8,-4,[1340],[575],[0],[5],"[678, 824, 509, 511, 626]","[678, 824, 509, 511, 626]","[361, 137, 336, 213, 401]","[121, 136, 18, 103, 90]","[114, 998, 1229, 1208, 1367, 1035, 808, 1169, 795, 968, 736, 684, 993, 567, 651, 618]","[9, 200, 165, 530, 157, 64, 635, 457, 627, 576, 499, 572, 560, 754, 571, 652]","[4, 4, 4, 5, 4, 3, 5, 5, 5, 5, 5, 5, 5, 5, 5, 5]","[-3, -3, -3, -2, -4, -4, -1, -2, -2, -1, -2, -1, -2, 0, -1, -1]"
62,7,False,1084,280,-9,-3,[1321],[675],[-1],[5],"[818, 864, 645, 591, 786]","[818, 864, 645, 591, 786]","[354, 117, 366, 248, 405]","[121, 136, 18, 111, 90]","[1078, 1309, 1308, 1447, 908, 1269, 895, 1068, 836, 784, 1093, 667, 751, 718, 848, 935, 657, 632, 793]","[140, 105, 490, 77, 615, 417, 587, 556, 459, 552, 520, 754, 551, 632, 683, 692, 695, 634, 706]","[4, 4, 5, 4, 5, 5, 5, 5, 5, 5, 5, 5, 5, 5, 5, 4, 4, 3, 4]","[-3, -3, -2, -4, -1, -2, -2, -1, -2, -1, -2, 0, -1, -1, -1, -4, -3, -4, -3]"
63,7,False,1003,256,0,0,[1289],[775],[-2],[5],"[940, 890, 784, 671, 928]","[940, 890, 784, 671, 928]","[303, 60, 348, 248, 357]","[101, 106, -2, 91, 65]","[1158, 1389, 1408, 1008, 1369, 995, 1168, 936, 884, 1193, 767, 851, 818, 948, 1015, 737, 692, 873]","[80, 45, 450, 595, 377, 547, 528, 419, 532, 480, 735, 531, 612, 663, 612, 635, 554, 638]","[4, 4, 5, 5, 5, 5, 5, 5, 5, 5, 5, 5, 5, 5, 4, 4, 3, 4]","[-3, -3, -2, -1, -2, -2, -2, -2, -1, -2, -1, -1, -1, -1, -4, -3, -4, -4]"
64,7,False,933,325,-1,9,[967],[337],[-4],[3],"[1035, 893, 904, 751, 1046]","[1035, 893, 904, 751, 1046]","[229, 0, 303, 228, 284]","[73, 66, -22, 71, 25]","[1238, 1508, 1108, 1469, 1095, 1268, 1036, 984, 1293, 867, 951, 918, 1048, 1095, 817, 752, 953]","[20, 404, 575, 337, 487, 488, 379, 512, 440, 715, 511, 592, 639, 532, 575, 474, 558]","[4, 5, 5, 5, 5, 5, 5, 5, 5, 5, 5, 5, 5, 4, 4, 3, 4]","[-3, -3, -1, -2, -3, -2, -2, -1, -2, -1, -1, -1, -2, -4, -3, -4, -4]"
65,7,False,801,233,-7,-6,[887],[403],[-4],[4],"[1099, 869, 1001, 827, 1130]","[1099, 869, 1001, 827, 1130]","[138, -60, 236, 193, 189]","[33, 26, -42, 51, -15]","[1208, 1195, 1368, 1136, 1084, 1393, 967, 1051, 1018, 1148, 1175, 897, 812, 1033, 1121, 921, 1010, 797, 1026]","[555, 427, 448, 339, 492, 400, 695, 491, 572, 599, 452, 515, 394, 478, 672, 714, 627, 639, 668]","[5, 5, 5, 5, 5, 5, 5, 5, 5, 5, 4, 4, 3, 4, 2, -1, 3, 0, -3]","[-1, -3, -2, -2, -1, -2, -1, -1, -1, -2, -4, -3, -4, -4, -5, -5, -4, -5, -5]"
66,7,False,648,141,-9,-1,[816],[483],[-3],[4],"[1123, 828, 1070, 886, 1174]","[1123, 828, 1070, 886, 1174]","[38, -101, 156, 147, 85]","[-7, -14, -60, 31, -40]","[1308, 1295, 1468, 1236, 1184, 1493, 1067, 1151, 1118, 1248, 1235, 977, 872, 1113, 1156, 901, 1070, 797, 966]","[535, 367, 408, 299, 472, 358, 675, 471, 552, 559, 372, 455, 314, 398, 572, 614, 547, 539, 568]","[5, 5, 5, 5, 5, 5, 5, 5, 5, 5, 3, 4, 3, 4, 1, -1, 3, 0, -3]","[-1, -3, -2, -2, -1, -3, -1, -1, -1, -2, -4, -3, -4, -4, -5, -5, -4, -5, -5]"
67,7,False,468,142,-9,2,[756],[563],[-3],[4],"[1110, 768, 1103, 926, 1175]","[1110, 768, 1103, 926, 1175]","[-42, -121, 76, 107, -15]","[-23, -34, -40, 31, -40]","[1408, 1382, 1336, 1284, 1167, 1251, 1218, 1348, 1295, 1057, 932, 1187, 1176, 881, 1127, 797, 906, 1128, 834, 1112, 923, 1164]","[515, 307, 258, 452, 655, 451, 532, 519, 292, 395, 234, 318, 472, 514, 450, 439, 468, 744, 742, 603, 702, 699]","[5, 4, 5, 5, 5, 5, 5, 5, 3, 4, 3, 3, 1, -1, 2, 0, -3, -4, -1, -3, -2, -5]","[-1, -3, -3, -1, -1, -1, -1, -2, -4, -3, -4, -4, -5, -5, -5, -5, -5, -3, -5, -4, -5, -3]"
68,7,False,381,266,2,9,[696],[643],[-3],[4],"[1071, 708, 1111, 953, 1144]","[1071, 708, 1111, 953, 1144]","[-102, -101, 16, 87, -82]","[-3, -33, 0, 51, -20]","[1508, 1462, 1436, 1384, 1267, 1351, 1318, 1445, 1351, 1137, 992, 1247, 1178, 861, 1167, 797, 846, 1048, 814, 1052, 883, 1064]","[487, 247, 198, 414, 635, 429, 493, 463, 197, 328, 154, 238, 372, 414, 350, 339, 385, 684, 642, 523, 602, 639]","[5, 4, 5, 5, 5, 5, 5, 4, 2, 4, 3, 3, 0, -1, 2, 0, -3, -4, -1, -3, -2, -5]","[-2, -3, -3, -2, -1, -2, -2, -3, -5, -4, -4, -4, -5, -5, -5, -5, -4, -3, -5, -4, -5, -3]"
69,7,False,392,302,0,0,[],[],[],[],"[1011, 1096, 973, 1090]","[1011, 1096, 973, 1090]","[-143, -44, 63, -142]","[17, 40, 53, 0]","[1529, 1484, 1367, 1451, 1418, 1525, 1391, 1217, 1052, 1307, 1178, 841, 1202, 787, 786, 968, 794, 992, 843, 964]","[138, 374, 605, 389, 453, 403, 97, 248, 74, 157, 272, 314, 250, 239, 305, 624, 542, 443, 502, 579]","[4, 5, 5, 5, 5, 4, 2, 4, 3, 3, 0, -1, 1, -1, -3, -4, -1, -3, -2, -5]","[-3, -2, -2, -2, -2, -3, -5, -4, -4, -5, -5, -5, -5, -5, -4, -3, -5, -4, -5, -3]"
70,7,False,351,263,0,0,[],[],[],[],"[934, 1058, 979, 1012, 894]","[934, 1058, 979, 1012, 894]","[-175, -99, 23, -188, -20]","[37, 80, 53, 20, 20]","[1467, 1518, 1293, 1360, 1162, 812, 1222, 767, 726, 888, 774, 932, 803, 864, 943, 1030, 923, 1022, 848]","[565, 413, 168, 57, 172, 214, 150, 139, 225, 564, 442, 363, 402, 519, 669, 611, 769, 661, 673]","[5, 5, 3, 2, -1, -2, 1, -1, -3, -4, -1, -3, -2, -5, -5, -5, -5, -5, -5]","[-2, -2, -4, -5, -5, -5, -5, -5, -4, -3, -5, -4, -5, -3, -3, 0, -1, -1, -1]"
71,7,False,409,309,0,0,[],[],[],[],"[854, 998, 970, 918, 874]","[854, 998, 970, 918, 874]","[-192, -139, -17, -218, -40]","[57, 119, 53, 40, 40]","[1353, 1127, 772, 1225, 747, 666, 808, 754, 855, 763, 764, 843, 930, 823, 922, 748]","[88, 72, 114, 50, 39, 145, 504, 342, 283, 302, 459, 609, 605, 735, 636, 653]","[3, -2, -2, 0, -1, -3, -4, -1, -4, -2, -5, -5, -5, -5, -5, -5]","[-4, -5, -5, -5, -5, -4, -3, -5, -4, -5, -3, -3, -1, -2, -2, -1]"
72,7,False,433,259,2,-9,[],[],[],[],"[768, 923, 947, 818, 846]","[768, 923, 947, 818, 846]","[-212, -188, -59, -248, -66]","[56, 119, 33, 40, 40]","[1413, 732, 606, 728, 734, 775, 723, 664, 743, 830, 723, 822, 648, 822, 966, 981, 848, 873]","[5, 14, 65, 444, 242, 203, 202, 399, 549, 585, 695, 596, 633, 715, 662, 765, 672, 644]","[3, -2, -3, -4, -1, -4, -2, -5, -5, -5, -5, -5, -5, -3, -4, -3, -5, -3]","[-5, -5, -4, -3, -5, -4, -5, -3, -3, -1, -2, -2, -1, -4, -3, -5, -1, -5]"
73,7,False,544,178,9,1,[],[],[],[],"[668, 827, 900, 699, 803]","[668, 827, 900, 699, 803]","[-232, -240, -119, -277, -106]","[16, 99, -7, 20, 20]","[648, 699, 695, 683, 564, 643, 730, 623, 722, 548, 762, 886, 921, 748, 813]","[384, 142, 123, 102, 339, 489, 565, 655, 556, 613, 635, 602, 665, 652, 544]","[-4, -2, -4, -2, -5, -5, -5, -5, -5, -5, -3, -4, -3, -5, -3]","[-3, -5, -4, -5, -3, -3, -1, -2, -2, -1, -4, -3, -5, -1, -5]"
74,7,False,724,234,9,0,[],[],[],[],"[568, 712, 830, 579, 743]","[568, 712, 830, 579, 743]","[-232, -271, -170, -283, -138]","[-17, 78, -47, 0, 0]","[568, 659, 615, 643, 464, 543, 630, 523, 622, 448, 702, 806, 861, 648, 753]","[324, 42, 43, 2, 279, 429, 545, 615, 516, 576, 555, 542, 565, 632, 444]","[-4, -2, -4, -2, -5, -5, -5, -5, -5, -5, -3, -4, -3, -5, -3]","[-3, -5, -4, -5, -3, -3, -1, -2, -2, -2, -4, -3, -5, -1, -5]"
75,7,False,815,150,0,0,[],[],[],[],"[468, 592, 745, 459, 675]","[468, 592, 745, 459, 675]","[-212, -279, -206, -264, -158]","[-37, 38, -79, -20, -20]","[488, 378, 450, 530, 423, 522, 348, 642, 726, 801, 548, 699, 644, 706, 868, 633, 784]","[264, 219, 369, 525, 575, 476, 536, 475, 482, 465, 601, 344, 653, 663, 683, 586, 602]","[-4, -4, -4, -5, -5, -5, -5, -3, -4, -3, -5, -2, 2, -2, 0, 1, 0]","[-3, -3, -3, -1, -2, -2, -2, -4, -3, -5, -2, -5, -5, -5, -5, -5, -5]"
76,7,False,963,188,8,5,[],[],[],[],"[383, 472, 645, 353, 595]","[383, 472, 645, 353, 595]","[-172, -263, -222, -221, -160]","[-57, -2, -99, -27, -39]","[408, 298, 370, 430, 323, 422, 248, 582, 646, 754, 448, 659, 684, 666, 868, 653, 784]","[204, 159, 309, 505, 535, 436, 496, 395, 422, 365, 561, 244, 553, 563, 583, 486, 502]","[-4, -4, -4, -5, -5, -5, -5, -3, -4, -2, -5, -2, 2, -2, 0, 1, 0]","[-3, -3, -3, -1, -2, -2, -2, -4, -3, -5, -2, -5, -5, -5, -5, -5, -5]"
77,7,False,986,258,7,-6,[984],[353],[-2],[5],"[316, 366, 546, 269, 523]","[316, 366, 546, 269, 523]","[-96, -204, -198, -141, -127]","[-57, -17, -94, -7, -19]","[328, 218, 290, 330, 223, 322, 148, 522, 566, 714, 348, 619, 724, 626, 868, 673, 784, 420, 502, 688, 395, 623]","[144, 99, 249, 482, 480, 396, 456, 315, 362, 265, 521, 144, 453, 463, 483, 386, 402, 652, 745, 659, 618, 600]","[-4, -4, -4, -5, -5, -5, -5, -3, -4, -2, -5, -2, 2, -2, 0, 1, 0, 3, 5, 5, 5, 3]","[-3, -3, -3, -2, -3, -2, -2, -4, -3, -5, -2, -5, -5, -5, -5, -5, -5, -4, -2, -2, -2, -5]"
78,7,False,1145,191,9,3,[941],[453],[-3],[5],"[288, 296, 471, 228, 475]","[288, 296, 471, 228, 475]","[4, -104, -138, -22, -67]","[-20, 3, -54, 33, 21]","[248, 138, 210, 230, 136, 222, 48, 462, 486, 674, 248, 579, 764, 602, 868, 693, 784, 480, 602, 788, 495, 683]","[73, 39, 189, 442, 420, 356, 406, 235, 302, 165, 481, 44, 353, 363, 383, 286, 302, 572, 705, 619, 578, 503]","[-4, -4, -4, -5, -4, -5, -5, -3, -4, -2, -5, -2, 2, -1, 0, 1, 0, 3, 5, 5, 5, 3]","[-4, -3, -3, -2, -3, -2, -3, -4, -3, -5, -2, -5, -5, -5, -5, -5, -5, -4, -2, -2, -2, -4]"
79,7,False,1194,228,1,9,[881],[538],[-3],[4],"[300, 266, 422, 234, 453]","[300, 266, 422, 234, 453]","[104, -2, -59, 98, 9]","[20, 23, -14, 73, 61]","[130, 130, 56, 122, 402, 406, 634, 148, 804, 582, 868, 713, 793, 540, 702, 888, 595, 743]","[129, 402, 360, 315, 144, 234, 65, 428, 253, 263, 283, 186, 202, 492, 665, 579, 538, 423]","[-4, -5, -4, -5, -3, -4, -2, -5, 2, -1, 0, 1, 1, 3, 5, 5, 5, 3]","[-3, -2, -3, -3, -5, -4, -5, -3, -5, -5, -5, -5, -5, -4, -2, -2, -2, -4]"
80,7,False,1103,273,0,0,[819],[618],[-4],[4],"[352, 280, 406, 289, 463]","[352, 280, 406, 289, 463]","[204, 109, 21, 213, 89]","[60, 43, 26, 112, 101]","[50, 30, 22, 348, 326, 66, 844, 567, 868, 738, 813, 607, 802, 988, 695, 803, 437, 401, 547, 383, 568]","[53, 352, 255, 44, 154, 368, 153, 163, 183, 86, 102, 412, 625, 539, 498, 343, 588, 694, 563, 604, 572]","[-4, -5, -5, -2, -4, -4, 2, 0, 0, 2, 1, 4, 5, 5, 5, 3, 5, 5, 4, 5, 4]","[-4, -3, -3, -5, -4, -3, -5, -5, -5, -5, -5, -4, -2, -2, -2, -4, -2, -2, -3, -2, -3]"
81,7,False,1019,323,0,0,[739],[698],[-4],[4],"[442, 334, 420, 385, 503]","[442, 334, 420, 385, 503]","[289, 209, 101, 311, 153]","[100, 63, 66, 132, 123]","[246, 884, 567, 868, 833, 687, 902, 1088, 795, 863, 537, 501, 627, 483, 648]","[74, 53, 63, 83, 2, 332, 585, 499, 458, 263, 548, 654, 503, 564, 512]","[-4, 2, 0, 0, 1, 4, 5, 5, 5, 3, 5, 5, 4, 5, 4]","[-4, -5, -5, -5, -5, -4, -2, -2, -2, -4, -2, -2, -3, -2, -3]"
82,7,False,965,317,-9,0,[659],[769],[-4],[3],"[560, 426, 466, 516, 563]","[560, 426, 466, 516, 563]","[334, 278, 161, 365, 193]","[101, 51, 86, 132, 123]","[767, 1002, 1188, 895, 923, 637, 601, 707, 583, 728, 570, 452, 539, 546, 594]","[252, 545, 459, 418, 183, 508, 614, 443, 524, 452, 636, 715, 643, 702, 677]","[4, 5, 5, 5, 3, 5, 5, 4, 5, 4, 2, 3, 5, 5, 1]","[-4, -2, -2, -2, -4, -2, -2, -3, -2, -3, -5, -5, 0, -3, -5]"
83,7,False,850,281,-7,-6,[579],[829],[-4],[3],"[680, 534, 526, 656, 623]","[680, 534, 526, 656, 623]","[335, 307, 182, 373, 195]","[81, 11, 82, 101, 95]","[847, 1102, 1288, 995, 983, 737, 701, 787, 683, 808, 610, 512, 639, 646, 614]","[172, 490, 401, 378, 103, 468, 574, 383, 484, 392, 536, 615, 630, 642, 577]","[4, 5, 5, 5, 3, 5, 5, 4, 5, 4, 2, 3, 5, 5, 1]","[-4, -3, -3, -2, -4, -2, -2, -3, -2, -3, -5, -5, -1, -3, -5]"
84,7,False,781,255,3,9,[806],[278],[0],[5],"[800, 654, 586, 796, 683]","[800, 654, 586, 796, 683]","[310, 313, 197, 352, 191]","[61, -27, 62, 61, 55]","[927, 1202, 1372, 1095, 1043, 837, 801, 867, 783, 888, 650, 572, 739, 746, 634]","[92, 430, 341, 338, 23, 428, 534, 323, 444, 332, 436, 518, 610, 582, 477]","[4, 5, 4, 5, 3, 5, 5, 4, 5, 4, 2, 3, 5, 5, 1]","[-4, -3, -3, -2, -4, -2, -2, -3, -2, -3, -5, -4, -1, -3, -5]"
85,7,False,736,155,-4,-8,[806],[378],[0],[5],"[905, 770, 646, 917, 743]","[905, 770, 646, 917, 743]","[263, 296, 197, 304, 171]","[41, -47, 42, 21, 15]","[1007, 1289, 1452, 1195, 937, 901, 947, 883, 968, 690, 632, 839, 846, 654, 870, 740, 653, 777, 790]","[12, 370, 281, 298, 388, 494, 263, 404, 272, 336, 438, 590, 522, 377, 642, 657, 590, 724, 719]","[4, 4, 4, 5, 5, 5, 4, 5, 4, 2, 3, 5, 5, 1, 1, 2, 1, -3, 3]","[-4, -3, -3, -2, -2, -2, -3, -2, -3, -5, -4, -1, -3, -5, -5, -5, -5, -4, -4]"
86,7,False,617,48,-9,1,[796],[478],[-1],[5],"[988, 870, 706, 1014, 798]","[988, 870, 706, 1014, 798]","[198, 256, 185, 235, 140]","[21, -67, 22, -19, -25]","[1369, 1525, 1295, 1037, 1001, 1027, 983, 1048, 730, 692, 939, 932, 674, 890, 780, 673, 717, 850]","[310, 201, 258, 348, 454, 203, 364, 212, 236, 344, 570, 462, 277, 542, 557, 490, 644, 639]","[4, 3, 5, 5, 5, 4, 5, 4, 2, 3, 5, 4, 1, 1, 2, 1, -3, 3]","[-3, -4, -2, -2, -2, -3, -2, -3, -5, -5, -1, -3, -5, -5, -5, -5, -4, -4]"
87,7,False,462,120,-3,9,[776],[578],[-1],[5],"[1042, 952, 766, 1082, 838]","[1042, 952, 766, 1082, 838]","[138, 216, 185, 171, 120]","[21, -67, 22, -39, -45]","[1449, 1395, 1137, 1101, 1107, 1083, 1128, 770, 752, 1039, 1012, 694, 910, 815, 693, 657, 910, 1016, 953, 754, 1059, 847]","[247, 218, 308, 401, 143, 324, 152, 136, 244, 550, 402, 177, 442, 457, 390, 564, 547, 707, 636, 642, 751, 729]","[4, 5, 5, 5, 4, 5, 4, 2, 3, 5, 4, 1, 1, 1, 1, -3, 3, -4, -1, -2, -4, -2]","[-4, -2, -2, -3, -3, -2, -3, -5, -5, -1, -3, -5, -5, -5, -5, -4, -5, -4, -5, -5, -4, -5]"
88,7,False,510,190,9,2,[],[],[],[],"[1079, 1022, 1129, 878]","[1079, 1022, 1129, 878]","[92, 181, 111, 116]","[41, -28, -37, -28]","[1529, 1495, 1237, 1197, 1187, 1183, 1208, 810, 812, 1139, 1092, 714, 930, 835, 713, 597, 951, 936, 933, 714, 979, 807]","[167, 176, 268, 341, 66, 284, 76, 36, 144, 513, 342, 77, 342, 357, 290, 484, 447, 627, 536, 542, 671, 629]","[4, 5, 5, 4, 4, 5, 4, 2, 3, 5, 4, 1, 1, 1, 1, -3, 2, -4, -1, -2, -4, -2]","[-4, -3, -2, -3, -4, -2, -4, -5, -5, -2, -3, -5, -5, -5, -5, -4, -5, -4, -5, -5, -4, -5]"
89,7,False,642,201,9,-3,[],[],[],[],"[1093, 1077, 1152, 914]","[1093, 1077, 1152, 914]","[32, 137, 51, 96]","[58, 12, -17, -8]","[1337, 1277, 1283, 871, 1239, 1172, 950, 855, 733, 537, 991, 856, 913, 674, 899, 767]","[218, 281, 244, 44, 473, 279, 242, 257, 190, 404, 347, 547, 436, 442, 591, 529]","[5, 4, 5, 2, 5, 4, 1, 1, 1, -3, 2, -4, -1, -2, -4, -2]","[-3, -3, -2, -5, -2, -4, -5, -5, -5, -4, -5, -4, -5, -5, -4, -5]"
90,7,False,687,189,0,0,[],[],[],[],"[1083, 1109, 1149, 934, 1102]","[1083, 1109, 1149, 934, 1102]","[-28, 77, -9, 76, -60]","[58, 52, 3, 12, -1]","[1437, 1357, 1383, 1339, 1252, 970, 875, 753, 477, 1027, 776, 893, 634, 819, 727, 1068, 1034, 1087, 904, 1094]","[158, 221, 185, 433, 199, 142, 157, 90, 324, 247, 467, 336, 342, 511, 429, 660, 555, 709, 631, 763]","[5, 4, 5, 5, 4, 1, 1, 1, -3, 1, -4, -1, -2, -4, -2, -3, -4, -5, -3, -4]","[-3, -3, -3, -2, -4, -5, -5, -5, -4, -5, -4, -5, -5, -4, -5, -5, -3, -2, -5, -4]"
91,7,False,742,252,0,0,[],[],[],[],"[1050, 1118, 1122, 954, 1055]","[1050, 1118, 1122, 954, 1055]","[-79, 17, -69, 56, -116]","[58, 92, 23, 32, -1]","[1533, 1437, 1474, 1439, 1332, 985, 895, 417, 1047, 696, 873, 594, 748, 687, 1008, 954, 987, 844, 1014]","[98, 161, 125, 380, 119, 42, 57, 231, 147, 387, 236, 242, 431, 329, 560, 495, 669, 531, 683]","[4, 4, 4, 5, 4, 0, 1, -3, 1, -4, -1, -2, -3, -2, -3, -4, -5, -3, -4]","[-3, -3, -3, -3, -4, -5, -5, -5, -5, -4, -5, -5, -4, -5, -5, -3, -2, -5, -4]"
92,7,False,891,256,8,-4,[],[],[],[],"[1000, 1100, 1072, 960, 988]","[1000, 1100, 1072, 960, 988]","[-139, -63, -149, 16, -176]","[38, 103, 23, 32, -9]","[1517, 1524, 1406, 359, 1067, 616, 853, 554, 688, 647, 948, 874, 887, 791, 945, 1051, 1148, 1094, 975, 1047]","[93, 320, 39, 131, 47, 307, 136, 142, 351, 229, 466, 435, 629, 431, 603, 764, 617, 687, 661, 705]","[4, 4, 3, -2, 1, -4, -1, -2, -3, -2, -3, -4, -5, -2, -3, -2, -1, -4, -2, -1]","[-4, -3, -4, -5, -5, -4, -5, -5, -4, -5, -5, -3, -2, -5, -4, -5, -5, -3, -5, -5]"
93,7,False,918,336,-5,8,[979],[359],[-1],[5],"[919, 1045, 984, 945, 894]","[919, 1045, 984, 945, 894]","[-208, -156, -230, -44, -241]","[-2, 83, 3, 12, -29]","[319, 536, 833, 514, 628, 607, 888, 794, 787, 751, 885, 1011, 1128, 1014, 935, 1027]","[31, 227, 36, 42, 271, 129, 366, 375, 589, 331, 523, 664, 517, 622, 561, 605]","[-2, -4, -1, -2, -3, -2, -3, -4, -5, -2, -3, -2, -1, -4, -2, -1]","[-5, -4, -5, -5, -4, -5, -5, -3, -2, -5, -4, -5, -5, -4, -5, -5]"
94,7,False,1018,224,7,-7,[959],[459],[-1],[5],"[814, 956, 869, 905, 777]","[814, 956, 869, 905, 777]","[-259, -234, -294, -104, -286]","[-42, 63, -17, -8, -49]","[456, 568, 567, 828, 714, 687, 711, 825, 971, 1108, 934, 895, 1007]","[147, 191, 29, 266, 314, 549, 231, 443, 564, 417, 542, 461, 505]","[-4, -3, -2, -3, -4, -5, -2, -3, -2, -1, -4, -2, -1]","[-4, -4, -5, -5, -4, -2, -5, -4, -5, -5, -4, -5, -5]"
95,7,False,972,159,0,0,[939],[559],[-1],[5],"[694, 841, 731, 841, 649]","[694, 841, 731, 841, 649]","[-287, -290, -330, -157, -306]","[-80, 43, -37, -28, -69]","[378, 508, 768, 634, 587, 671, 765, 931, 1088, 854, 855, 987, 888, 992, 963, 1026, 871]","[67, 111, 166, 234, 509, 131, 363, 464, 317, 462, 361, 405, 691, 624, 624, 631, 610]","[-3, -3, -3, -4, -5, -2, -3, -2, -1, -4, -2, -1, 2, 0, 3, 4, 3]","[-4, -4, -5, -4, -2, -5, -4, -5, -5, -4, -5, -5, -5, -5, -4, -4, -5]"
96,7,False,938,176,0,0,[919],[659],[-1],[5],"[574, 706, 591, 761, 512]","[574, 706, 591, 761, 512]","[-292, -322, -339, -196, -298]","[-100, 23, -56, -48, -75]","[448, 708, 554, 487, 631, 705, 891, 1068, 774, 815, 967, 928, 992, 1023, 1096, 931]","[31, 66, 154, 469, 31, 283, 364, 217, 382, 261, 305, 591, 524, 544, 551, 510]","[-3, -3, -4, -5, -2, -3, -2, -1, -4, -2, -1, 2, 0, 3, 3, 3]","[-4, -5, -4, -2, -5, -4, -5, -5, -4, -5, -5, -5, -5, -4, -4, -5]"
97,6,False,1079,185,0,0,[889],[759],[-2],[5],"[454, 566, 451, 670, 394]","[454, 566, 451, 670, 394]","[-251, -308, -301, -196, -246]","[-99, 23, -36, -33, -55]","[479, 387, 645, 851, 694, 775, 947, 968, 992, 1083, 1156, 972, 585, 684, 587, 805, 518]","[74, 417, 203, 264, 302, 161, 205, 491, 424, 464, 471, 410, 650, 680, 599, 623, 570]","[-3, -5, -3, -2, -4, -2, -1, 2, 0, 3, 3, 2, 3, 2, 3, 5, 3]","[-4, -3, -4, -5, -4, -5, -5, -5, -5, -4, -4, -5, -4, -5, -4, -3, -5]"
98,6,False,1151,89,0,-9,[849],[859],[-2],[5],"[362, 446, 339, 590, 304]","[362, 446, 339, 590, 304]","[-170, -244, -216, -157, -152]","[-59, 43, 4, 7, -15]","[297, 585, 811, 625, 735, 927, 1008, 992, 1143, 1216, 1012, 645, 724, 647, 905, 578]","[357, 123, 164, 222, 61, 105, 391, 324, 384, 391, 310, 570, 580, 519, 563, 470]","[-4, -3, -2, -3, -2, -1, 2, 0, 3, 3, 2, 3, 2, 3, 5, 3]","[-3, -4, -5, -4, -5, -5, -5, -5, -4, -4, -5, -4, -5, -4, -3, -5]"
99,6,False,1058,69,-8,4,[],[],[],[],"[306, 356, 263, 527, 255]","[306, 356, 263, 527, 255]","[-70, -161, -115, -104, -45]","[-19, 63, 44, 47, 25]","[217, 525, 789, 565, 907, 1048, 992, 1203, 1276, 1052, 705, 764, 707, 1004, 638]","[297, 31, 64, 142, 5, 291, 224, 290, 311, 210, 490, 480, 439, 503, 370]","[-4, -3, -1, -3, -1, 2, 0, 3, 3, 2, 3, 2, 3, 4, 3]","[-3, -5, -5, -4, -5, -5, -5, -5, -4, -5, -4, -5, -4, -3, -5]"
100,6,False,943,175,3,9,[],[],[],[],"[290, 302, 232, 489, 253]","[290, 302, 232, 489, 253]","[30, -61, 5, -44, 75]","[21, 75, 84, 87, 65]","[137, 505, 1088, 992, 1263, 1336, 1092, 765, 804, 767, 1084, 698, 451, 494, 395, 659, 369]","[226, 62, 191, 124, 190, 217, 110, 410, 380, 359, 443, 289, 563, 712, 551, 598, 551]","[-4, -3, 2, 0, 3, 3, 2, 3, 2, 3, 4, 3, 5, 5, 5, 5, 4]","[-4, -4, -5, -5, -5, -5, -5, -4, -5, -4, -3, -4, -3, -2, -3, -1, -3]"
101,6,False,1084,245,8,5,[],[],[],[],"[314, 288, 250, 475, 297]","[314, 288, 250, 475, 297]","[130, 39, 125, 16, 185]","[61, 75, 121, 120, 105]","[62, 1128, 992, 1323, 1383, 1132, 825, 844, 827, 1164, 758, 551, 594, 495, 759, 449]","[146, 91, 24, 90, 117, 10, 330, 280, 279, 383, 209, 503, 672, 491, 568, 491]","[-3, 2, 0, 3, 2, 2, 3, 2, 3, 4, 3, 5, 5, 5, 5, 4]","[-4, -5, -5, -5, -5, -5, -4, -5, -4, -3, -4, -3, -2, -3, -2, -3]"
102,6,False,1010,295,-9,3,[],[],[],[],"[375, 313, 311, 482, 381]","[375, 313, 311, 482, 381]","[209, 119, 213, 56, 263]","[81, 55, 121, 120, 112]","[2, 1423, 885, 884, 887, 1244, 818, 651, 694, 595, 859, 529, 438, 386, 377, 560, 416]","[66, 17, 250, 180, 199, 323, 129, 443, 632, 431, 528, 431, 617, 779, 677, 690, 632]","[-3, 2, 3, 2, 3, 4, 3, 5, 5, 5, 5, 4, 5, 4, 5, 5, 3]","[-4, -5, -4, -5, -4, -3, -4, -3, -2, -3, -2, -3, -2, -3, -2, -1, -4]"
103,6,False,913,299,-8,-4,[],[],[],[],"[455, 363, 399, 502, 483]","[455, 363, 399, 502, 483]","[249, 179, 267, 76, 301]","[80, 15, 101, 100, 92]","[964, 932, 947, 1324, 878, 751, 794, 695, 959, 609, 538, 466, 477, 660, 476]","[170, 80, 119, 263, 49, 383, 592, 371, 488, 371, 577, 719, 637, 670, 552]","[4, 3, 3, 4, 3, 5, 5, 5, 5, 4, 5, 4, 5, 5, 3]","[-4, -5, -4, -3, -4, -3, -2, -3, -2, -3, -2, -3, -2, -1, -4]"
104,6,False,753,209,-8,-5,[],[],[],[],"[555, 434, 501, 522, 603]","[555, 434, 501, 522, 603]","[272, 221, 301, 96, 316]","[60, -25, 74, 65, 72]","[1044, 1007, 1404, 851, 894, 795, 1059, 689, 638, 546, 577, 760, 536]","[90, 39, 203, 323, 549, 311, 448, 311, 537, 659, 597, 650, 472]","[4, 3, 4, 5, 5, 5, 5, 4, 5, 4, 5, 5, 3]","[-4, -4, -3, -3, -3, -3, -2, -3, -2, -3, -2, -1, -4]"
105,6,False,739,198,0,0,[],[],[],[],"[655, 515, 621, 559, 723]","[655, 515, 621, 559, 723]","[275, 250, 313, 116, 307]","[40, -65, 34, 25, 52]","[1112, 1484, 951, 994, 895, 1159, 769, 738, 626, 677, 860, 596, 601, 540, 567, 572, 649]","[10, 135, 263, 489, 251, 408, 251, 497, 599, 557, 630, 392, 584, 698, 669, 686, 640]","[3, 4, 5, 5, 5, 5, 4, 5, 4, 5, 5, 3, 0, 3, 1, 0, 0]","[-4, -4, -3, -3, -3, -2, -3, -2, -3, -2, -1, -4, -5, -5, -5, -5, -5]"
106,6,False,597,276,-4,9,[647],[319],[-2],[5],"[755, 615, 741, 599, 830]","[755, 615, 741, 599, 830]","[258, 261, 301, 121, 275]","[20, -90, -6, -15, 14]","[1034, 1094, 995, 1259, 849, 838, 706, 777, 960, 656, 601, 600, 587, 572, 649]","[203, 429, 191, 368, 191, 457, 539, 517, 610, 312, 484, 598, 569, 586, 540]","[4, 5, 5, 5, 4, 5, 4, 5, 5, 3, 0, 3, 1, 0, 0]","[-3, -3, -3, -2, -3, -2, -3, -2, -1, -4, -5, -5, -5, -5, -5]"
107,6,False,496,178,-7,-7,[607],[419],[-2],[5],"[840, 715, 842, 639, 923]","[840, 715, 842, 639, 923]","[241, 272, 287, 141, 243]","[20, -90, -23, -30, 6]","[1114, 1184, 1084, 1359, 929, 938, 786, 877, 1060, 716, 601, 660, 607, 572, 649, 799, 725, 798, 648, 886]","[143, 369, 131, 328, 131, 417, 479, 477, 590, 232, 384, 498, 469, 486, 440, 657, 662, 737, 721, 728]","[4, 4, 4, 5, 4, 5, 4, 5, 5, 3, 0, 3, 1, 0, 0, -4, 1, -4, -2, -4]","[-3, -3, -3, -2, -3, -2, -3, -2, -1, -4, -5, -5, -5, -5, -5, -3, -5, -3, -5, -3]"
108,6,False,398,86,0,0,[581],[519],[-1],[5],"[920, 815, 942, 695, 1003]","[920, 815, 942, 695, 1003]","[229, 283, 273, 173, 215]","[40, -65, -3, -10, 26]","[1194, 1264, 1164, 1459, 1009, 1038, 866, 977, 1160, 776, 601, 702, 627, 572, 649, 719, 745, 718, 608, 806]","[83, 309, 71, 281, 71, 377, 419, 426, 560, 152, 284, 398, 369, 386, 340, 597, 562, 677, 621, 668]","[4, 4, 4, 5, 4, 5, 4, 5, 5, 3, 0, 2, 1, 0, 0, -4, 1, -4, -2, -4]","[-3, -3, -3, -3, -3, -2, -3, -3, -2, -4, -5, -5, -5, -5, -5, -3, -5, -3, -5, -3]"
