,HP,Power up,Player x,Player y,Player speed_x,Player speed_y,Player bullet x,Player bullet y,Player bullet speed_x,Player bullet speed_y,Enemy x,Enemy y,Enemy speed_x,Enemy speed_y,Enemy bullet x,Enemy bullet y,Enemy bullet speed_x,Enemy bullet speed_y,Humidity,Temperature,Skin conductance,Relative blood volume,Accelerations
0,10,False,761,413,0,9,[796],[437],[0],[5],"[488, 1041, 732, 700, 1013]","[488, 1041, 732, 700, 1013]","[185, 202, 87, -220, -419]","[27, 69, -7, 136, 78]",[],[],[],[],40.9,24.5,41146.0,"[28679.0, 28903.0, 30231.0, 31191.0, 32856.0, 33608.0, 33592.0, 34136.0, 33368.0, 33592.0, 33352.0, 33608.0, 32824.0, 32679.0, 33000.0, 32247.0, 31671.0, 32071.0, 31895.0, 32103.0]",[]
1,10,False,796,372,3,-9,[796],[537],[0],[5],"[566, 1103, 768, 608, 833]","[566, 1103, 768, 608, 833]","[262, 145, 118, -183, -424]","[35, 69, -8, 148, 71]",[],[],[],[],40.9,24.5,41306.0,"[25670.0, 25286.0, 24726.0, 24966.0, 25254.0, 25286.0, 25542.0, 25958.0, 26726.0, 27030.0, 26870.0, 27846.0, 27782.0, 28246.0, 28310.0, 28630.0, 28182.0, 27798.0, 27286.0, 26262.0]",[]
2,10,False,822,192,-1,-9,[],[],[],[],"[667, 1136, 528, 653, 706]","[667, 1136, 528, 653, 706]","[300, 57, -153, -432, -23]","[22, 45, 140, 65, -2]","[700, 1142, 613, 795, 744]","[641, 763, 722, 764, 698]","[4, -3, 0, 2, -2]","[-3, -4, -5, -5, -5]",40.9,24.5,41146.0,"[30183.0, 30727.0, 30135.0, 30391.0, 30215.0, 30167.0, 29543.0, 29271.0, 29063.0, 29239.0, 29239.0, 29207.0, 28630.0, 28743.0, 28566.0, 28871.0, 29575.0, 29063.0, 29495.0, 29367.0]",[]
3,10,False,776,194,-6,7,[],[],[],[],"[768, 1129, 467, 473, 686]","[768, 1129, 467, 473, 686]","[285, -42, -132, -410, -45]","[7, -7, 93, 31, -39]","[780, 1082, 613, 835, 704]","[581, 683, 622, 664, 598]","[4, -3, 0, 2, -2]","[-3, -4, -5, -5, -5]",40.9,24.5,41146.0,"[30183.0, 30727.0, 30135.0, 30391.0, 30215.0, 30167.0, 29543.0, 29271.0, 29063.0, 29239.0, 29239.0, 29207.0, 28630.0, 28743.0, 28566.0, 28871.0, 29575.0, 29063.0, 29495.0, 29367.0]",[]
4,10,False,769,221,6,-7,[],[],[],[],"[862, 1082, 412, 307, 661]","[862, 1082, 412, 307, 661]","[242, -137, -84, -363, -48]","[-20, -52, 48, -12, -39]","[860, 1022, 613, 875, 668]","[513, 603, 522, 564, 498]","[4, -3, 0, 2, -1]","[-4, -4, -5, -5, -5]",40.9,24.5,41546.0,"[30103.0, 30615.0, 30471.0, 30903.0, 31287.0, 30359.0, 29751.0, 30423.0, 30471.0, 29511.0, 29735.0, 30039.0, 30919.0, 30903.0, 30695.0, 30855.0, 31159.0, 30743.0, 30791.0, 31319.0]",[]
5,10,False,832,178,0,0,[],[],[],[],"[932, 1000, 378, 167, 623]","[932, 1000, 378, 167, 623]","[169, -223, -34, -276, -65]","[-12, -75, 14, -51, -73]","[940, 962, 613, 915, 648, 864, 1110, 498, 395, 769]","[433, 523, 422, 464, 398, 551, 681, 716, 734, 623]","[4, -3, 0, 2, -1, -2, -1, 2, 3, 3]","[-4, -4, -5, -5, -5, -5, -5, -5, -4, -4]",40.9,24.5,41130.0,"[31447.0, 30375.0, 30135.0, 30375.0, 29655.0, 29975.0, 28983.0, 28775.0, 28198.0, 28550.0, 28214.0, 28086.0, 28326.0, 27718.0, 27798.0, 27590.0, 27238.0, 27414.0, 26822.0, 27494.0]",[]
6,10,False,877,169,9,-3,[],[],[],[],"[980, 889, 364, 70, 583]","[980, 889, 364, 70, 583]","[111, -299, 10, -174, -68]","[-8, -91, -46, -89, -71]","[1012, 902, 613, 955, 628, 824, 1090, 538, 455, 829]","[353, 443, 322, 364, 298, 451, 581, 616, 654, 543]","[3, -3, 0, 2, -1, -2, -1, 2, 3, 3]","[-4, -4, -5, -5, -5, -5, -5, -5, -4, -4]",40.9,24.5,41162.0,"[31175.0, 31783.0, 32599.0, 32711.0, 33736.0, 34200.0, 33544.0, 33192.0, 32583.0, 32872.0, 33240.0, 32856.0, 32936.0, 32519.0, 31303.0, 30759.0, 30919.0, 30887.0, 31383.0, 32295.0]",[]
7,10,False,913,166,0,0,[],[],[],[],"[1003, 749, 372, 17, 551]","[1003, 749, 372, 17, 551]","[52, -325, 89, -33, -27]","[9, -85, -68, -62, -22]","[1072, 842, 613, 995, 608, 784, 1070, 578, 515, 889, 987, 875, 422, 131, 630]","[273, 363, 222, 264, 198, 351, 481, 516, 574, 460, 599, 630, 732, 714, 575]","[3, -3, 0, 2, -1, -2, -1, 2, 3, 3, -5, 2, 1, 5, 2]","[-4, -4, -5, -5, -5, -5, -5, -5, -4, -5, -2, -5, -5, -3, -5]",40.9,24.5,41498.0,"[29255.0, 29879.0, 29863.0, 30295.0, 30903.0, 31159.0, 30871.0, 30423.0, 29879.0, 28358.0, 28422.0, 28518.0, 28502.0, 29271.0, 28695.0, 28422.0, 29271.0, 28646.0, 28454.0, 29159.0]",[]
8,10,False,913,166,0,0,[],[],[],[],"[1003, 609, 416, 30, 542]","[1003, 609, 416, 30, 542]","[10, -301, 170, 136, 26]","[58, -38, -44, -32, 27]","[1132, 782, 613, 1035, 602, 744, 1050, 618, 575, 949, 887, 915, 442, 231, 670]","[193, 283, 122, 164, 98, 251, 381, 416, 494, 360, 551, 530, 632, 654, 475]","[3, -3, 0, 2, 0, -2, -1, 2, 3, 3, -5, 2, 1, 5, 2]","[-4, -4, -5, -5, -5, -5, -5, -5, -4, -5, -3, -5, -5, -3, -5]",40.9,24.5,41370.0,"[33160.0, 32215.0, 30759.0, 30471.0, 30103.0, 29207.0, 28182.0, 28582.0, 27686.0, 27110.0, 27510.0, 27350.0, 27462.0, 26758.0, 27414.0, 27302.0, 27590.0, 27270.0, 27078.0, 25894.0]",[]
9,10,False,922,163,0,0,[],[],[],[],"[987, 495, 491, 104, 550]","[987, 495, 491, 104, 550]","[-5, -224, 262, 279, 72]","[88, -6, -29, -28, 47]","[1192, 722, 613, 1075, 704, 1030, 658, 635, 1009, 793, 955, 476, 331, 710]","[113, 203, 22, 64, 151, 281, 316, 414, 260, 491, 430, 532, 594, 375]","[3, -3, 0, 2, -2, -1, 2, 3, 3, -4, 2, 2, 5, 2]","[-4, -4, -5, -5, -5, -5, -5, -4, -5, -3, -5, -5, -3, -5]",40.9,24.5,41226.0,"[25894.0, 26518.0, 26390.0, 26534.0, 26438.0, 26710.0, 27606.0, 27270.0, 27750.0, 27286.0, 26918.0, 28118.0, 28182.0, 27670.0, 28102.0, 27846.0, 27366.0, 26054.0, 25542.0, 25062.0]",[]
10,8,False,956,161,0,0,[],[],[],[],"[965, 404, 597, 230, 581]","[965, 404, 597, 230, 581]","[-52, -156, 315, 387, 129]","[109, 39, 6, -9, 98]","[1252, 662, 664, 709, 695, 713, 995, 516, 431, 750, 962, 585, 614, 247, 679]","[14, 103, 51, 216, 334, 431, 330, 432, 534, 275, 556, 531, 621, 624, 545]","[3, -3, -2, 3, 3, -4, 2, 2, 5, 2, -3, 3, 4, 5, 4]","[-5, -5, -5, -5, -4, -3, -5, -5, -3, -5, -4, -4, -4, -2, -4]",40.9,24.5,41642.0,"[34408.0, 34200.0, 33816.0, 33112.0, 32311.0, 32407.0, 32199.0, 31447.0, 31703.0, 31287.0, 30695.0, 30391.0, 29975.0, 29607.0, 29223.0, 29127.0, 29543.0, 28951.0, 29383.0, 28679.0]",[]
11,7,False,931,322,-1,9,[],[],[],[],"[926, 349, 717, 397, 628]","[926, 349, 717, 397, 628]","[-75, -60, 346, 470, 153]","[107, 66, 57, 37, 135]","[602, 769, 755, 633, 556, 531, 790, 902, 645, 694, 347, 759]","[3, 116, 254, 371, 332, 474, 175, 458, 451, 541, 584, 465]","[-3, 3, 3, -4, 2, 5, 2, -3, 3, 4, 5, 4]","[-5, -5, -4, -3, -5, -3, -5, -5, -4, -4, -2, -4]",40.9,24.5,41562.0,"[25430.0, 25542.0, 24998.0, 25302.0, 25990.0, 26790.0, 26806.0, 27702.0, 29367.0, 29719.0, 31367.0, 32183.0, 33160.0, 34088.0, 33624.0, 34760.0, 35256.0, 35304.0, 36680.0, 36889.0]",[]
12,6,False,938,457,0,0,[981],[524],[0],[5],"[884, 338, 845, 590, 688]","[884, 338, 845, 590, 688]","[-106, 33, 323, 509, 161]","[131, 90, 61, 74, 131]","[829, 815, 553, 596, 631, 830, 711, 774, 447, 839, 982, 403, 852, 559, 760]","[16, 174, 311, 232, 414, 75, 371, 461, 544, 385, 697, 587, 658, 600, 707]","[3, 3, -4, 2, 5, 2, 4, 4, 5, 4, 3, 3, 2, 2, 5]","[-5, -4, -3, -5, -3, -5, -4, -4, -2, -4, -5, -4, -5, -5, 0]",40.9,24.5,41482.0,"[32039.0, 32343.0, 32663.0, 31911.0, 31895.0, 31463.0, 31079.0, 30295.0, 29591.0, 29015.0, 28727.0, 28711.0, 27910.0, 28198.0, 28646.0, 28727.0, 28118.0, 27686.0, 27350.0, 27238.0]",[]
13,6,False,1022,342,2,-9,[981],[624],[0],[5],"[821, 352, 953, 774, 737]","[821, 352, 953, 774, 737]","[-157, 81, 258, 494, 146]","[88, 84, 34, 29, 117]","[875, 473, 636, 731, 791, 854, 547, 919, 1042, 463, 892, 599, 860]","[94, 234, 132, 354, 291, 381, 504, 305, 597, 507, 558, 500, 707]","[3, -4, 2, 5, 4, 4, 5, 4, 3, 3, 2, 2, 5]","[-4, -4, -5, -3, -4, -4, -2, -4, -5, -4, -5, -5, 0]",40.9,24.5,41578.0,"[33784.0, 33896.0, 33832.0, 33368.0, 32343.0, 32183.0, 33032.0, 33304.0, 33848.0, 33160.0, 32535.0, 32103.0, 30871.0, 29911.0, 29351.0, 28711.0, 27798.0, 28470.0, 28534.0, 28470.0]",[]
14,5,False,1003,162,-4,-9,[],[],[],[],"[740, 383, 954, 777]","[740, 383, 954, 777]","[-198, 122, 454, 101]","[43, 72, 23, 98]","[946, 398, 676, 831, 871, 934, 647, 1102, 523, 932, 643, 960]","[14, 154, 32, 294, 211, 301, 464, 497, 427, 458, 400, 689]","[4, -3, 2, 5, 4, 4, 5, 3, 3, 2, 3, 5]","[-4, -4, -5, -3, -4, -4, -2, -5, -4, -5, -5, -1]",40.9,24.5,41146.0,"[28614.0, 28054.0, 28006.0, 27782.0, 27910.0, 27094.0, 26454.0, 26678.0, 26294.0, 25878.0, 25398.0, 24742.0, 24998.0, 24533.0, 24165.0, 24069.0, 24117.0, 24293.0, 25126.0, 24614.0]",[]
15,4,False,845,86,-9,-1,[],[],[],[],"[640, 434, 1108, 797, 254]","[640, 434, 1108, 797, 254]","[-217, 166, 370, 60, 72]","[1, 57, 12, 65, 20]","[338, 931, 1014, 747, 1150, 583, 972, 703, 1060, 856, 532, 1039, 887, 371]","[74, 234, 221, 424, 397, 347, 358, 300, 669, 726, 649, 567, 721, 597]","[-3, 5, 4, 5, 2, 3, 2, 3, 5, 4, 5, 2, 3, 4]","[-4, -3, -4, -2, -5, -4, -5, -5, -1, -4, -2, -5, -5, -3]",40.9,24.5,41242.0,"[27750.0, 28598.0, 29543.0, 30807.0, 30935.0, 31399.0, 31959.0, 32039.0, 31815.0, 31207.0, 31367.0, 31271.0, 31255.0, 31223.0, 31175.0, 31255.0, 30807.0, 30999.0, 29927.0, 29079.0]",[]
16,3,False,753,236,-3,9,[],[],[],[],"[541, 494, 1222, 799, 288]","[541, 494, 1222, 799, 288]","[-197, 184, 247, 18, 130]","[-53, 18, 3, 24, 41]","[1031, 1094, 847, 1190, 643, 1002, 1160, 917, 632, 1079, 947, 451]","[174, 141, 384, 297, 267, 258, 632, 646, 609, 467, 621, 537]","[5, 4, 5, 2, 3, 1, 5, 3, 5, 2, 3, 4]","[-3, -4, -2, -5, -4, -5, -2, -4, -2, -5, -5, -3]",40.9,24.5,41274.0,"[25254.0, 26166.0, 25254.0, 26038.0, 25734.0, 26438.0, 25990.0, 26390.0, 26966.0, 27222.0, 26934.0, 27062.0, 27542.0, 28214.0, 28070.0, 29015.0, 28935.0, 29319.0, 29799.0, 29719.0]",[]
17,3,False,679,416,-4,9,[728],[454],[-2],[5],"[462, 563, 1283, 788, 343]","[462, 563, 1283, 788, 343]","[-147, 227, 126, -1, 195]","[-44, 18, -3, -1, 56]","[1131, 1174, 947, 1230, 703, 1022, 1260, 977, 732, 1100, 1007, 531, 541, 614, 1268, 782, 407]","[114, 61, 344, 197, 187, 158, 592, 566, 569, 367, 521, 477, 715, 684, 621, 780, 654]","[5, 4, 5, 2, 3, 1, 5, 3, 5, 1, 3, 4, 0, 5, -3, -5, 5]","[-3, -4, -2, -5, -4, -5, -2, -4, -2, -5, -5, -3, -5, -2, -4, -2, 0]",40.9,24.5,41226.0,"[29879.0, 29655.0, 29495.0, 29399.0, 29255.0, 29703.0, 28743.0, 28598.0, 28502.0, 27670.0, 27062.0, 26886.0, 27046.0, 26470.0, 26374.0, 26262.0, 26294.0, 25622.0, 24822.0, 24774.0]",[]
18,3,False,628,283,-5,-8,[688],[554],[-2],[5],"[410, 656, 1308, 780, 431]","[410, 656, 1308, 780, 431]","[-57, 267, 40, -3, 292]","[-14, 29, 39, -12, 84]","[1231, 1047, 1264, 763, 1042, 1353, 1037, 832, 1120, 1054, 611, 541, 714, 1208, 682, 507]","[54, 304, 97, 107, 58, 535, 486, 529, 267, 421, 417, 615, 644, 541, 740, 654]","[5, 5, 1, 3, 1, 4, 3, 5, 1, 2, 4, 0, 5, -3, -5, 5]","[-3, -2, -5, -4, -5, -3, -4, -2, -5, -5, -3, -5, -2, -4, -2, 0]",40.9,24.5,41626.0,"[25878.0, 26662.0, 28086.0, 27926.0, 28550.0, 29095.0, 30039.0, 30423.0, 31143.0, 31271.0, 32391.0, 33000.0, 33192.0, 32824.0, 33224.0, 33304.0, 33608.0, 33176.0, 33224.0, 33112.0]",[]
19,3,False,467,197,-9,-3,[],[],[],[],"[394, 1291, 765, 549]","[394, 1291, 765, 549]","[20, -66, -7, 346]","[24, 57, -29, 94]","[1147, 823, 1433, 1097, 932, 1140, 1094, 691, 541, 814, 1129, 582, 607]","[264, 27, 467, 402, 489, 167, 321, 357, 515, 600, 461, 700, 654]","[5, 3, 4, 3, 5, 1, 2, 4, 0, 5, -4, -5, 5]","[-2, -4, -4, -5, -2, -5, -5, -3, -5, -3, -4, -2, 0]",40.9,24.5,41178.0,"[28727.0, 27606.0, 27270.0, 26646.0, 26182.0, 26006.0, 26502.0, 25654.0, 25798.0, 26262.0, 26262.0, 26390.0, 25638.0, 26054.0, 26262.0, 26550.0, 26806.0, 26070.0, 26054.0, 26022.0]",[]
20,3,False,341,284,1,9,[],[],[],[],"[416, 1233, 753, 689, 101]","[416, 1233, 753, 689, 101]","[129, -155, 3, 401, 139]","[52, 85, -6, 117, 25]","[1247, 1489, 1148, 1032, 1160, 1134, 771, 541, 904, 1049, 482, 707, 443, 1238, 766, 578, 137]","[224, 379, 302, 449, 67, 221, 297, 415, 540, 381, 642, 654, 626, 627, 657, 601, 710]","[5, 2, 2, 5, 1, 2, 4, 0, 4, -4, -5, 5, 0, -5, -2, -1, 1]","[-2, -5, -5, -2, -5, -5, -3, -5, -3, -4, -3, 0, -5, -2, -5, -5, -5]",40.9,24.5,41114.0,"[33288.0, 33992.0, 34264.0, 33928.0, 33944.0, 32824.0, 32519.0, 32391.0, 32423.0, 31447.0, 31639.0, 31127.0, 31575.0, 30919.0, 31447.0, 30919.0, 30599.0, 30279.0, 30999.0, 31303.0]",[]
21,3,False,396,402,0,0,[],[],[],[],"[475, 1141, 749, 834, 179]","[475, 1141, 749, 834, 179]","[212, -246, 15, 392, 290]","[66, 103, 12, 149, 9]","[1347, 1508, 1188, 1132, 1174, 851, 541, 984, 969, 383, 807, 443, 1138, 726, 558, 157]","[184, 279, 202, 404, 121, 237, 315, 480, 301, 582, 642, 526, 587, 557, 501, 610]","[5, 0, 2, 5, 2, 4, 0, 4, -4, -4, 5, 0, -5, -2, -1, 1]","[-2, -5, -5, -3, -5, -3, -5, -3, -4, -3, -1, -5, -2, -5, -5, -5]",40.9,24.5,41578.0,"[30375.0, 30087.0, 29543.0, 29751.0, 29831.0, 29543.0, 29335.0, 29111.0, 28711.0, 29303.0, 29223.0, 29623.0, 28903.0, 28470.0, 27958.0, 27462.0, 26950.0, 27430.0, 26358.0, 26758.0]",[]
22,2,False,406,340,0,-9,[],[],[],[],"[566, 1018, 749, 975, 305]","[566, 1018, 749, 975, 305]","[258, -329, 30, 358, 358]","[64, 97, 9, 137, -20]","[1447, 1493, 1222, 1232, 1199, 931, 541, 1064, 889, 303, 907, 1038, 686, 538, 177, 514, 1073, 744, 918, 298]","[144, 179, 102, 344, 21, 177, 215, 409, 233, 522, 622, 547, 457, 401, 510, 734, 708, 735, 784, 758]","[5, -2, 1, 5, 1, 4, 0, 4, -4, -4, 5, -5, -2, -1, 1, -5, -5, -5, -4, 2]","[-2, -5, -5, -3, -5, -3, -5, -4, -3, -3, -1, -2, -5, -5, -5, -2, -2, 0, -3, -5]",40.9,24.5,41770.0,"[30695.0, 30167.0, 30183.0, 29863.0, 30423.0, 30551.0, 30231.0, 30087.0, 29127.0, 29079.0, 28054.0, 27686.0, 27830.0, 27030.0, 26854.0, 26582.0, 25542.0, 25238.0, 24886.0, 24694.0]",[]
23,2,False,411,330,0,0,[],[],[],[],"[658, 863, 749, 1095, 450]","[658, 863, 749, 1095, 450]","[247, -400, 0, 290, 407]","[23, 87, -8, 74, -72]","[1432, 1242, 1317, 1011, 541, 1134, 809, 223, 1007, 938, 646, 518, 197, 414, 973, 644, 838, 338]","[92, 2, 284, 117, 115, 329, 173, 462, 602, 507, 357, 301, 410, 694, 668, 715, 724, 658]","[-4, 1, 4, 4, 0, 3, -4, -4, 5, -5, -2, -1, 1, -5, -5, -5, -4, 2]","[-4, -5, -3, -3, -5, -4, -3, -3, -1, -2, -5, -5, -5, -2, -2, -1, -3, -5]",40.9,24.5,41242.0,"[25510.0, 26006.0, 26470.0, 26566.0, 27462.0, 28743.0, 30311.0, 30471.0, 32343.0, 32599.0, 33416.0, 34344.0, 34904.0, 35112.0, 35096.0, 35096.0, 34920.0, 34840.0, 34264.0, 33656.0]",[]
24,2,False,415,338,0,0,[502],[432],[3],[4],"[742, 686, 730, 1179, 610]","[742, 686, 730, 1179, 610]","[227, -431, -27, 181, 443]","[-21, 47, -24, 28, -105]","[1344, 1397, 1091, 541, 1194, 729, 143, 1107, 838, 606, 498, 217, 314, 873, 544, 758, 378]","[35, 224, 57, 15, 243, 113, 402, 582, 467, 257, 201, 310, 651, 628, 695, 664, 558]","[-5, 4, 4, 0, 3, -4, -4, 5, -5, -2, -1, 1, -5, -5, -5, -4, 2]","[-2, -3, -3, -5, -5, -3, -3, -1, -2, -5, -5, -5, -3, -2, -1, -3, -5]",40.9,24.5,41562.0,"[29703.0, 29143.0, 29511.0, 28743.0, 28182.0, 27654.0, 27750.0, 27158.0, 26902.0, 26278.0, 25894.0, 25958.0, 26054.0, 25926.0, 26406.0, 25686.0, 26566.0, 26278.0, 26774.0, 26534.0]",[]
25,2,False,583,263,9,-3,[562],[512],[3],[4],"[814, 506, 710, 1215, 770]","[814, 506, 710, 1215, 770]","[184, -421, -47, 47, 420]","[-30, 3, -40, -14, -115]","[1477, 1234, 649, 63, 1207, 738, 566, 478, 248, 219, 773, 444, 678, 418, 764, 636, 757, 1161, 568]","[158, 143, 53, 342, 544, 427, 157, 101, 210, 591, 588, 670, 604, 458, 656, 692, 613, 739, 667]","[4, 2, -4, -4, 5, -5, -2, -1, 2, -4, -5, -5, -4, 2, -1, -4, -1, -3, -4]","[-4, -5, -3, -3, -2, -2, -5, -5, -5, -3, -2, -2, -3, -5, -5, -4, -5, -4, -3]",40.9,24.5,41114.0,"[29655.0, 30679.0, 31159.0, 31287.0, 32215.0, 32423.0, 33096.0, 32936.0, 32263.0, 32359.0, 31127.0, 30887.0, 30391.0, 30519.0, 30759.0, 30295.0, 30919.0, 29783.0, 30119.0, 29639.0]",[]
26,1,False,719,335,0,0,[],[],[],[],"[874, 335, 1203, 921]","[874, 335, 1203, 921]","[150, -375, -57, 376]","[-49, -57, -56, -124]","[1256, 1307, 526, 458, 288, 139, 673, 344, 598, 458, 744, 558, 737, 1101, 488]","[43, 504, 57, 1, 110, 531, 548, 630, 544, 358, 556, 612, 513, 659, 607]","[1, 5, -2, -1, 2, -4, -5, -5, -4, 2, -1, -3, -1, -3, -4]","[-5, -2, -5, -5, -5, -3, -2, -2, -3, -5, -5, -4, -5, -4, -3]",40.9,24.5,41402.0,"[25894.0, 24870.0, 24646.0, 24341.0, 23221.0, 21669.0, 21461.0, 20645.0, 19860.0, 20036.0, 21797.0, 23173.0, 25942.0, 27846.0, 29703.0, 30439.0, 32247.0, 32167.0, 32103.0, 32055.0]",[]
27,0,False,768,323,5,-8,[],[],[],[],"[914, 194, 1151, 1053, 698]","[914, 194, 1151, 1053, 698]","[107, -275, -141, 340, 7]","[-57, -69, -68, -107, -6]","[1407, 328, 59, 573, 244, 518, 498, 724, 498, 1041, 408, 924, 343, 1196, 1002, 768]","[453, 10, 458, 508, 585, 484, 258, 456, 532, 579, 532, 655, 702, 734, 580, 720]","[5, 2, -4, -5, -5, -4, 2, -1, -3, -3, -4, -2, 5, -3, -4, 2]","[-3, -5, -4, -2, -3, -3, -5, -5, -4, -4, -4, -5, -3, -4, -4, -5]",40.8,24.5,41178.0,"[25334.0, 24261.0, 24405.0, 23925.0, 24582.0, 25766.0, 26518.0, 27094.0, 27542.0, 28598.0, 28983.0, 29623.0, 29175.0, 28486.0, 28807.0, 28502.0, 28614.0, 28486.0, 28022.0, 27750.0]",[]
28,0,False,848,236,9,-4,[],[],[],[],"[939, 104, 1076, 1168, 698]","[939, 104, 1076, 1168, 698]","[86, -135, -191, 287, 15]","[-22, -28, -64, -76, 22]","[1488, 473, 160, 438, 553, 704, 438, 981, 344, 884, 443, 1136, 922, 808]","[393, 468, 525, 424, 158, 356, 452, 499, 452, 555, 642, 654, 500, 620]","[4, -5, -4, -4, 3, -1, -3, -3, -3, -2, 5, -3, -4, 2]","[-3, -2, -3, -3, -5, -5, -4, -4, -4, -5, -3, -4, -4, -5]",40.8,24.5,41098.0,"[26118.0, 25910.0, 25798.0, 25798.0, 25062.0, 25062.0, 25174.0, 24854.0, 24501.0, 24389.0, 24533.0, 25142.0, 24614.0, 25270.0, 26150.0, 27702.0, 28198.0, 30919.0, 31399.0, 33560.0]",[]
29,0,False,949,181,8,5,[],[],[],[],"[959, 68, 982, 1259, 698]","[959, 68, 982, 1259, 698]","[66, -6, -223, 206, 45]","[14, -4, -50, -51, 25]","[373, 88, 358, 613, 684, 378, 921, 296, 844, 543, 1076, 842, 848]","[420, 448, 352, 60, 256, 372, 419, 355, 455, 582, 574, 420, 520]","[-5, -3, -4, 3, -1, -3, -3, -2, -2, 5, -3, -4, 2]","[-3, -4, -4, -4, -5, -4, -4, -5, -5, -3, -4, -4, -5]",40.8,24.5,41514.0,"[32263.0, 32904.0, 31575.0, 31175.0, 31351.0, 31143.0, 31063.0, 31655.0, 31527.0, 30519.0, 29975.0, 29655.0, 28839.0, 28550.0, 27494.0, 26694.0, 26758.0, 26262.0, 25606.0, 24501.0]",[]
30,0,False,968,297,0,0,[1008],[357],[1],[5],"[965, 91, 882, 1309, 711]","[965, 91, 882, 1309, 711]","[33, 159, -245, 99, 74]","[64, 22, -12, -1, 36]","[273, 43, 278, 664, 318, 861, 274, 804, 643, 1016, 762, 888, 1001, 192, 1018, 1204, 745]","[360, 351, 272, 156, 276, 339, 255, 355, 522, 494, 340, 420, 542, 587, 570, 578, 654]","[-5, -1, -4, -1, -3, -3, 0, -2, 5, -3, -4, 2, 0, 4, 0, -5, 0]","[-3, -5, -4, -5, -5, -4, -5, -5, -3, -4, -4, -5, -5, -4, -5, -2, -5]",40.8,24.5,41242.0,"[24614.0, 24325.0, 24646.0, 24982.0, 25398.0, 24838.0, 24598.0, 24806.0, 25734.0, 26070.0, 26582.0, 28246.0, 28646.0, 30231.0, 30743.0, 31559.0, 33048.0, 33048.0, 33976.0, 34488.0]",[]
31,-1,False,1003,244,0,0,[1012],[457],[0],[5],"[965, 176, 764, 1318, 731]","[965, 176, 764, 1318, 731]","[26, 306, -273, 2, 91]","[109, 38, 17, 49, 63]","[187, 35, 210, 649, 277, 801, 274, 764, 743, 956, 682, 1001, 272, 1018, 1104, 745]","[300, 251, 192, 56, 176, 259, 155, 255, 462, 414, 260, 442, 518, 470, 538, 554]","[-4, 0, -3, 0, -2, -3, 0, -2, 5, -3, -4, 0, 4, 0, -5, 0]","[-3, -5, -4, -5, -5, -4, -5, -5, -3, -4, -4, -5, -3, -5, -2, -5]",40.8,24.5,41658.0,"[30903.0, 30519.0, 30471.0, 29895.0, 29511.0, 29463.0, 28278.0, 27958.0, 27158.0, 27110.0, 26582.0, 25750.0, 24758.0, 24501.0, 24565.0, 23349.0, 23205.0, 22533.0, 22357.0, 22405.0]",[]
32,-1,False,1011,239,0,0,[1012],[557],[0],[5],"[961, 309, 651, 1285, 767]","[961, 309, 651, 1285, 767]","[-4, 393, -251, -126, 93]","[104, 44, 45, 61, 43]","[107, 56, 150, 237, 741, 301, 724, 843, 896, 610, 1001, 352, 1018, 1004, 745, 994, 335, 750, 1335, 829]","[240, 151, 112, 76, 179, 55, 155, 402, 331, 180, 342, 458, 370, 498, 454, 644, 652, 599, 585, 734]","[-4, 2, -3, -2, -3, 2, -2, 5, -3, -3, 0, 4, 0, -5, 0, -1, 5, 1, -2, 3]","[-3, -5, -4, -5, -4, -5, -5, -3, -5, -4, -5, -3, -5, -2, -5, -5, -1, -5, -5, -4]",40.8,24.5,41146.0,"[22037.0, 21893.0, 21285.0, 21733.0, 21541.0, 22565.0, 22325.0, 21797.0, 21589.0, 22069.0, 21925.0, 21957.0, 23125.0, 22933.0, 22597.0, 22533.0, 22405.0, 21701.0, 21813.0, 22197.0]",[]
33,-3,False,1011,239,0,0,[],[],[],[],"[467, 531, 1200, 787]","[467, 531, 1200, 787]","[452, -256, -251, 65]","[39, 46, 82, 8]","[27, 115, 93, 681, 684, 943, 836, 550, 432, 904, 745, 974, 435, 770, 1295, 889]","[180, 65, 18, 99, 55, 342, 231, 100, 398, 458, 354, 544, 629, 499, 485, 654]","[-4, 4, -2, -3, -2, 5, -3, -3, 4, -5, 0, -1, 5, 1, -2, 3]","[-3, -4, -5, -4, -5, -3, -5, -4, -3, -2, -5, -5, -2, -5, -5, -4]",40.9,24.5,41562.0,"[28566.0, 29079.0, 29575.0, 29351.0, 29671.0, 30103.0, 31127.0, 31559.0, 30983.0, 30807.0, 31303.0, 30439.0, 30423.0, 30871.0, 29911.0, 29575.0, 29271.0, 28646.0, 27142.0, 26710.0]",[]
34,-4,False,1011,239,0,0,[],[],[],[],"[647, 425, 1069, 800]","[647, 425, 1069, 800]","[460, -227, -347, 27]","[13, 40, 66, -13]","[197, 621, 776, 490, 512, 804, 745, 954, 535, 790, 1255, 949]","[1, 19, 131, 20, 338, 418, 254, 444, 589, 399, 385, 574]","[5, -3, -3, -3, 4, -5, 0, -1, 5, 1, -2, 3]","[-3, -4, -5, -4, -3, -2, -5, -5, -2, -5, -5, -4]",40.9,24.5,41562.0,"[22245.0, 22581.0, 22997.0, 22741.0, 23669.0, 23957.0, 23973.0, 24565.0, 24598.0, 25686.0, 27110.0, 28791.0, 29335.0, 30551.0, 31367.0, 32231.0, 32872.0, 33240.0, 34440.0, 35336.0]",[]
35,-4,False,1011,239,0,0,[],[],[],[],"[827, 333, 901, 795, 524]","[827, 333, 901, 795, 524]","[455, -176, -420, -14, 34]","[9, 7, 62, -36, -36]","[716, 592, 704, 745, 934, 635, 810, 1208, 1009, 711, 560, 1042, 844, 635]","[31, 278, 378, 154, 344, 549, 299, 285, 494, 570, 627, 597, 662, 724]","[-3, 4, -5, 0, -1, 5, 1, -3, 3, 1, 5, -3, 0, 3]","[-5, -3, -2, -5, -5, -2, -5, -5, -4, -5, -2, -4, -5, -4]",40.9,24.5,41578.0,"[22805.0, 23061.0, 23173.0, 23045.0, 23461.0, 24021.0, 24582.0, 24149.0, 24341.0, 25046.0, 25318.0, 26038.0, 26982.0, 27798.0, 27798.0, 27974.0, 27286.0, 26598.0, 25558.0, 25238.0]",[]
