,HP,Power up,Player x,Player y,Player speed_x,Player speed_y,Player bullet x,Player bullet y,Player bullet speed_x,Player bullet speed_y,Enemy x,Enemy y,Enemy speed_x,Enemy speed_y,Enemy bullet x,Enemy bullet y,Enemy bullet speed_x,Enemy bullet speed_y
0,10,False,667,273,4,-8,[],[],[],[],"[694, 674, 226, 762, 939]","[694, 674, 226, 762, 939]","[27, 102, 19, 54, 310]","[90, 127, 75, 22, 25]",[],[],[],[]
1,10,False,765,113,5,-8,[],[],[],[],"[694, 714, 248, 782, 1046]","[694, 714, 248, 782, 1046]","[47, 122, 139, 61, 275]","[121, 147, 95, 42, 45]",[],[],[],[]
2,10,False,765,113,0,0,[],[],[],[],"[709, 754, 317, 797, 1136]","[709, 754, 317, 797, 1136]","[47, 122, 227, 41, 200]","[121, 142, 95, 42, 45]","[739, 784, 348, 842, 1112]","[658, 708, 704, 692, 689]","[-1, 0, 2, 0, -3]","[-5, -5, -5, -5, -5]"
3,10,False,765,113,0,0,[],[],[],[],"[709, 789, 410, 797, 1184]","[709, 789, 410, 797, 1184]","[27, 90, 279, 1, 92]","[101, 102, 56, 22, 25]","[719, 784, 388, 842, 1052]","[558, 608, 604, 592, 589]","[-1, 0, 2, 0, -3]","[-5, -5, -5, -5, -5]"
4,10,False,765,113,0,0,[],[],[],[],"[709, 809, 520, 777, 1186]","[709, 809, 520, 777, 1186]","[7, 50, 311, -39, -28]","[62, 62, 16, 2, 5]","[699, 784, 428, 842, 992]","[458, 508, 504, 492, 489]","[-1, 0, 2, 0, -3]","[-5, -5, -5, -5, -5]"
5,10,False,765,113,0,0,[],[],[],[],"[696, 809, 640, 742, 1141]","[696, 809, 640, 742, 1141]","[-13, 10, 320, -66, -139]","[22, 22, -24, -18, -15]","[679, 784, 468, 842, 932, 744, 844, 581, 851, 1140]","[358, 408, 404, 392, 389, 677, 701, 678, 629, 664]","[-1, 0, 2, 0, -3, 0, 0, 1, 2, -4]","[-5, -5, -5, -5, -5, -5, -5, -5, -5, -4]"
6,10,False,765,113,0,0,[],[],[],[],"[676, 794, 760, 702, 1055]","[676, 794, 760, 702, 1055]","[-33, -30, 305, -86, -237]","[-18, -18, -55, -38, -35]","[659, 784, 514, 842, 872, 744, 844, 601, 891, 1060]","[258, 308, 304, 292, 289, 577, 601, 578, 529, 584]","[-1, 0, 3, 0, -3, 0, 0, 1, 2, -4]","[-5, -5, -5, -5, -5, -5, -5, -5, -5, -4]"
7,10,False,765,113,0,0,[],[],[],[],"[656, 774, 863, 662, 938]","[656, 774, 863, 662, 938]","[-21, -50, 287, -83, -292]","[-36, -38, -55, -38, -35]","[639, 784, 574, 842, 812, 744, 844, 621, 931, 980, 714, 822, 863, 727, 1002]","[158, 208, 204, 192, 189, 477, 501, 478, 429, 504, 726, 747, 679, 642, 655]","[-1, 0, 3, 0, -3, 0, 0, 1, 2, -4, 0, -1, 0, 0, -3]","[-5, -5, -5, -5, -5, -5, -5, -5, -5, -4, -5, -5, -5, -5, -4]"
8,9,False,765,113,0,0,[],[],[],[],"[646, 754, 963, 626, 806]","[646, 754, 963, 626, 806]","[19, -36, 269, -43, -304]","[-16, -37, -35, -14, -15]","[619, 784, 634, 842, 744, 844, 641, 970, 900, 714, 802, 863, 727, 942]","[58, 108, 104, 92, 377, 401, 378, 329, 424, 626, 647, 579, 542, 575]","[-1, 0, 3, 0, 0, 0, 1, 1, -4, 0, -1, 0, 0, -3]","[-5, -5, -5, -5, -5, -5, -5, -5, -4, -5, -5, -5, -5, -4]"
9,9,False,765,113,0,0,[],[],[],[],"[651, 734, 1053, 606, 677]","[651, 734, 1053, 606, 677]","[59, -16, 231, -3, -290]","[4, -17, -15, 26, 19]","[784, 694, 744, 844, 661, 990, 820, 714, 782, 863, 727, 882]","[8, 4, 277, 301, 278, 229, 344, 526, 547, 479, 442, 495]","[0, 3, 0, 0, 1, 1, -4, 0, -1, 0, 0, -3]","[-5, -5, -5, -5, -5, -5, -4, -5, -5, -5, -5, -4]"
10,9,False,765,113,0,0,[],[],[],[],"[671, 719, 1124, 605, 557]","[671, 719, 1124, 605, 557]","[97, 4, 175, 37, -251]","[24, 3, 23, 66, 59]","[744, 844, 681, 1010, 740, 714, 762, 863, 727, 822, 687, 762, 999, 680, 706]","[177, 201, 178, 129, 264, 426, 447, 379, 342, 415, 618, 647, 621, 545, 551]","[0, 0, 1, 1, -4, 0, -1, 0, 0, -3, 0, -1, -5, 2, 0]","[-5, -5, -5, -5, -4, -5, -5, -5, -5, -4, -5, -5, -3, -5, -5]"
11,8,False,765,113,0,0,[],[],[],[],"[709, 719, 1172, 619, 461]","[709, 719, 1172, 619, 461]","[117, 24, 114, 77, -190]","[44, 23, 63, 88, 79]","[844, 701, 1030, 660, 714, 742, 863, 727, 762, 687, 742, 899, 720, 706]","[101, 78, 29, 184, 326, 347, 279, 242, 335, 518, 547, 561, 445, 451]","[0, 1, 1, -4, 0, -1, 0, 0, -3, 0, -1, -5, 2, 0]","[-5, -5, -5, -4, -5, -5, -5, -5, -4, -5, -5, -3, -5, -5]"
12,8,False,669,59,-9,-3,[],[],[],[],"[749, 719, 1189, 639, 392]","[749, 719, 1189, 639, 392]","[117, 24, 14, 97, -130]","[44, 23, 63, 88, 79]","[844, 580, 714, 722, 863, 727, 702, 687, 722, 801, 760, 706, 778, 744, 1205, 709, 472]","[1, 104, 226, 247, 179, 142, 255, 418, 447, 501, 345, 351, 686, 668, 641, 659, 646]","[0, -4, 0, -1, 0, 0, -3, 0, -1, -4, 2, 0, 0, -1, -3, 3, 1]","[-5, -4, -5, -5, -5, -5, -4, -5, -5, -3, -5, -5, -5, -5, -4, -4, -5]"
13,8,False,537,115,-5,7,[],[],[],[],"[782, 719, 1160, 659, 340]","[782, 719, 1160, 659, 340]","[87, 4, -103, 97, -78]","[24, 3, 43, 68, 59]","[500, 714, 702, 863, 727, 642, 687, 702, 721, 800, 706, 778, 724, 1145, 769, 492]","[24, 126, 147, 79, 42, 175, 318, 347, 441, 245, 251, 586, 568, 561, 579, 546]","[-4, 0, -1, 0, 0, -3, 0, -1, -4, 2, 0, 0, -1, -3, 3, 1]","[-4, -5, -5, -5, -5, -4, -5, -5, -3, -5, -5, -5, -5, -4, -4, -5]"
14,8,False,480,229,0,0,[],[],[],[],"[800, 703, 1088, 679, 311]","[800, 703, 1088, 679, 311]","[47, -16, -203, 87, -18]","[4, -17, 23, 48, 39]","[714, 682, 582, 687, 682, 641, 840, 706, 778, 704, 1085, 829, 512]","[26, 47, 95, 218, 247, 381, 145, 151, 486, 468, 481, 499, 446]","[0, -1, -3, 0, -1, -4, 2, 0, 0, -1, -3, 3, 1]","[-5, -5, -4, -5, -5, -3, -5, -5, -5, -5, -4, -4, -5]"
15,8,False,480,229,0,0,[],[],[],[],"[800, 683, 978, 699, 306]","[800, 683, 978, 699, 306]","[7, -36, -287, 67, 42]","[-16, -37, 3, 28, 19]","[522, 687, 662, 561, 880, 706, 778, 684, 1025, 889, 532, 735, 738, 1018, 635, 345]","[15, 118, 147, 321, 45, 51, 386, 368, 401, 410, 346, 687, 614, 649, 672, 625]","[-3, 0, -1, -4, 2, 0, 0, -1, -3, 3, 1, -5, -1, -5, -4, 0]","[-4, -5, -5, -3, -5, -5, -5, -5, -4, -5, -5, -2, -5, -2, -3, -5]"
16,8,False,436,239,-9,1,[],[],[],[],"[783, 657, 841, 716, 325]","[783, 657, 841, 716, 325]","[-33, -51, -346, 47, 102]","[-36, -57, -17, 8, -1]","[687, 642, 481, 778, 664, 954, 942, 533, 635, 718, 918, 555, 345]","[18, 47, 261, 286, 268, 321, 310, 246, 647, 514, 609, 612, 525]","[0, -1, -4, 0, -1, -4, 2, 0, -5, -1, -5, -4, 0]","[-5, -5, -3, -5, -5, -4, -5, -5, -2, -5, -2, -3, -5]"
17,8,False,319,288,0,0,[],[],[],[],"[757, 627, 683, 716, 372]","[757, 627, 683, 716, 372]","[-45, -31, -356, 47, 181]","[-36, -37, -14, 8, -1]","[401, 778, 644, 874, 982, 533, 535, 698, 818, 475, 345, 797, 632, 744, 701, 364]","[201, 186, 168, 241, 210, 146, 607, 414, 569, 552, 425, 642, 613, 645, 709, 685]","[-4, 0, -1, -4, 2, 0, -5, -1, -5, -4, 0, -2, -5, -5, -5, -3]","[-3, -5, -5, -4, -5, -5, -2, -5, -2, -3, -5, -5, -3, -2, -2, -4]"
18,8,False,412,310,0,0,[],[],[],[],"[737, 612, 540, 734, 451]","[737, 612, 540, 734, 451]","[-25, 9, -314, 67, 261]","[-12, 3, 26, 28, 19]","[321, 778, 624, 794, 1022, 533, 435, 678, 718, 395, 345, 757, 547, 644, 601, 304]","[141, 86, 68, 161, 110, 46, 567, 314, 529, 492, 325, 542, 553, 605, 669, 588]","[-4, 0, -1, -4, 2, 0, -5, -1, -5, -4, 0, -2, -4, -5, -5, -3]","[-3, -5, -5, -4, -5, -5, -2, -5, -2, -3, -5, -5, -3, -2, -2, -5]"
19,8,False,421,311,9,1,[],[],[],[],"[717, 612, 418, 754, 560]","[717, 612, 418, 754, 560]","[-5, 49, -246, 87, 325]","[28, 43, 66, 48, 39]","[241, 714, 1047, 335, 658, 618, 315, 345, 717, 467, 544, 501, 244]","[81, 81, 10, 522, 214, 489, 432, 225, 442, 493, 565, 629, 488]","[-4, -4, 1, -5, -1, -5, -4, 0, -2, -4, -5, -5, -3]","[-3, -4, -5, -3, -5, -2, -3, -5, -5, -3, -2, -2, -5]"
20,8,False,556,314,0,0,[],[],[],[],"[713, 632, 327, 782, 689]","[713, 632, 327, 782, 689]","[15, 89, -156, 101, 365]","[68, 83, 87, 68, 59]","[158, 634, 235, 638, 518, 235, 345, 677, 387, 444, 401, 194, 711, 568, 494, 750, 561]","[21, 1, 462, 114, 449, 355, 125, 342, 433, 525, 589, 388, 546, 531, 562, 629, 604]","[-5, -4, -5, -1, -5, -4, 0, -2, -4, -5, -5, -2, -2, -4, 2, -2, -2]","[-3, -4, -3, -5, -2, -4, -5, -5, -3, -2, -2, -5, -5, -4, -5, -5, -5]"
21,8,False,579,329,7,6,[],[],[],[],"[713, 667, 275, 822, 829]","[713, 667, 275, 822, 829]","[35, 129, -56, 101, 377]","[88, 121, 107, 76, 79]","[141, 618, 418, 155, 345, 637, 307, 344, 301, 154, 658, 502, 534, 710, 521]","[402, 14, 404, 275, 25, 242, 373, 469, 537, 288, 446, 451, 462, 529, 504]","[-4, -1, -5, -4, 0, -2, -4, -5, -5, -2, -3, -3, 2, -2, -2]","[-3, -5, -3, -4, -5, -5, -3, -3, -3, -5, -5, -4, -5, -5, -5]"
22,7,False,651,373,9,4,[],[],[],[],"[713, 707, 264, 852, 966]","[713, 707, 264, 852, 966]","[35, 130, 38, 81, 343]","[88, 121, 107, 56, 79]","[61, 318, 75, 597, 227, 244, 201, 114, 442, 574, 670, 481, 718, 688, 339, 892, 896]","[342, 344, 195, 142, 313, 409, 477, 188, 371, 362, 429, 404, 647, 674, 685, 743, 730]","[-4, -5, -4, -2, -4, -5, -5, -2, -3, 2, -2, -2, -3, -5, 4, 0, -5]","[-3, -3, -4, -5, -3, -3, -3, -5, -4, -5, -5, -5, -4, -3, -4, -5, -2]"
23,7,False,732,426,1,9,[],[],[],[],"[713, 747, 284, 867, 1077]","[713, 747, 284, 867, 1077]","[15, 110, 105, 41, 263]","[68, 101, 74, 16, 41]","[218, 11, 557, 147, 144, 110, 74, 382, 614, 630, 441, 658, 588, 419, 892, 796]","[284, 115, 42, 253, 349, 417, 88, 291, 262, 329, 304, 567, 614, 605, 643, 690]","[-5, -3, -2, -4, -5, -4, -2, -3, 2, -2, -2, -3, -5, 4, 0, -5]","[-3, -4, -5, -3, -3, -3, -5, -4, -5, -5, -5, -4, -3, -4, -5, -2]"
24,7,False,738,462,0,0,[],[],[],[],"[708, 777, 330, 867, 1151]","[708, 777, 330, 867, 1151]","[-5, 82, 165, 1, 163]","[48, 76, 34, -24, 1]","[120, 67, 63, 30, 322, 654, 590, 401, 598, 488, 499, 892, 696]","[224, 193, 289, 357, 211, 162, 229, 204, 487, 554, 525, 543, 650]","[-4, -4, -4, -4, -3, 2, -2, -2, -3, -5, 4, 0, -5]","[-3, -3, -3, -3, -4, -5, -5, -5, -4, -3, -4, -5, -2]"
25,7,False,738,462,0,0,[],[],[],[],"[688, 793, 399, 847, 1184]","[688, 793, 399, 847, 1184]","[-25, 42, 218, -39, 51]","[28, 36, -6, -63, -33]","[40, 262, 694, 550, 361, 538, 408, 579, 892, 596, 842, 767, 448, 835, 1098]","[164, 131, 62, 129, 104, 407, 494, 445, 443, 610, 708, 696, 722, 732, 757]","[-4, -3, 2, -2, -2, -3, -4, 4, 0, -5, 5, -3, 4, -4, -5]","[-3, -4, -5, -5, -5, -4, -3, -4, -5, -2, -2, -4, -3, -3, -1]"
26,7,False,738,462,0,0,[],[],[],[],"[668, 793, 484, 812, 1168]","[668, 793, 484, 812, 1168]","[-45, 2, 255, -79, -69]","[8, -4, -46, -83, -53]","[202, 510, 328, 478, 328, 659, 892, 496, 942, 707, 528, 755, 998]","[51, 29, 4, 327, 434, 365, 343, 570, 667, 601, 662, 672, 737]","[-3, -2, -1, -3, -4, 4, 0, -5, 5, -3, 4, -4, -5]","[-4, -5, -5, -4, -3, -4, -5, -2, -3, -5, -3, -3, -1]"
27,7,False,738,462,0,0,[],[],[],[],"[648, 774, 584, 772, 1114]","[648, 774, 584, 772, 1114]","[-25, -18, 292, -99, -149]","[8, -21, -49, -83, -53]","[418, 248, 739, 892, 396, 1025, 647, 608, 675, 898, 716, 812, 584, 839, 1139]","[247, 374, 285, 243, 530, 607, 501, 602, 597, 709, 695, 725, 699, 654, 697]","[-3, -4, 4, 0, -5, 4, -3, 4, -4, -5, 1, -2, 0, 0, -5]","[-4, -3, -4, -5, -2, -3, -5, -3, -4, -2, -5, -5, -5, -5, -2]"
28,7,False,738,462,0,0,[],[],[],[],"[636, 754, 701, 732, 1033]","[636, 754, 701, 732, 1033]","[15, -4, 327, -81, -201]","[28, -1, -29, -52, -33]","[358, 168, 819, 892, 296, 1096, 587, 688, 595, 798, 736, 772, 584, 839, 1039]","[156, 314, 207, 143, 475, 530, 401, 542, 517, 669, 595, 625, 599, 554, 657]","[-3, -4, 4, 0, -5, 3, -3, 4, -4, -5, 1, -2, 0, 0, -5]","[-5, -3, -3, -5, -3, -4, -5, -3, -4, -2, -5, -5, -5, -5, -2]"
29,7,False,738,462,0,0,[],[],[],[],"[639, 751, 821, 692, 933]","[639, 751, 821, 692, 933]","[55, 16, 339, -61, -234]","[48, 19, -9, -12, -2]","[298, 88, 899, 892, 196, 1144, 545, 768, 518, 698, 756, 732, 596, 839, 939]","[56, 238, 147, 43, 415, 436, 301, 482, 437, 629, 495, 525, 499, 454, 617]","[-3, -4, 4, 0, -5, 2, -2, 4, -3, -5, 1, -2, 1, 0, -5]","[-5, -4, -3, -5, -3, -5, -5, -3, -4, -2, -5, -5, -5, -5, -2]"
30,7,False,738,462,0,0,[],[],[],[],"[659, 751, 941, 662, 833]","[659, 751, 941, 662, 833]","[95, 36, 327, -35, -247]","[68, 39, 11, 28, 38]","[14, 979, 110, 1154, 505, 848, 458, 598, 776, 692, 616, 839, 839, 595, 846, 887, 640, 863]","[158, 87, 355, 336, 201, 422, 357, 589, 395, 425, 399, 354, 577, 671, 652, 587, 680, 644]","[-3, 4, -4, 0, -2, 4, -3, -5, 1, -2, 1, 0, -5, -4, 3, 1, -5, -5]","[-4, -3, -3, -5, -5, -3, -4, -2, -5, -5, -5, -5, -2, -3, -4, -5, 2, 0]"
31,7,False,738,462,0,0,[],[],[],[],"[697, 758, 1057, 645, 733]","[697, 758, 1057, 645, 733]","[121, 56, 292, 5, -240]","[74, 59, 31, 68, 75]","[1059, 30, 1130, 465, 928, 398, 498, 796, 652, 636, 839, 739, 515, 906, 907, 540, 763]","[27, 295, 237, 101, 362, 277, 549, 295, 325, 299, 254, 537, 600, 572, 487, 720, 644]","[4, -4, -3, -2, 4, -3, -5, 1, -2, 1, 0, -5, -4, 3, 1, -5, -5]","[-3, -3, -4, -5, -3, -4, -2, -5, -5, -5, -5, -2, -4, -4, -5, 2, 0]"
32,7,False,871,468,0,0,[],[],[],[],"[737, 776, 1150, 645, 633]","[737, 776, 1150, 645, 633]","[121, 47, 215, 25, -233]","[54, 53, 31, 88, 75]","[1054, 425, 1008, 342, 398, 816, 612, 656, 839, 639, 435, 966, 927, 440, 663, 776, 818, 1097, 730, 759]","[170, 1, 302, 187, 509, 195, 225, 199, 154, 493, 520, 476, 387, 760, 644, 743, 717, 655, 612, 706]","[-5, -2, 4, -2, -5, 1, -2, 1, 0, -5, -4, 3, 1, -5, -5, 1, 0, -5, 5, 4]","[-2, -5, -3, -5, -2, -5, -5, -5, -5, -3, -4, -5, -5, 2, 0, -5, -5, -2, -2, 3]"
33,7,False,871,468,0,0,[],[],[],[],"[775, 776, 1204, 645, 533]","[775, 776, 1204, 645, 533]","[97, 7, 101, 25, -226]","[14, 13, 11, 83, 55]","[954, 1088, 308, 298, 836, 572, 676, 839, 539, 374, 1026, 947, 340, 563, 796, 818, 997, 830, 848]","[150, 242, 87, 469, 95, 125, 99, 54, 433, 440, 376, 287, 785, 627, 643, 617, 615, 572, 762]","[-5, 4, -1, -5, 1, -2, 1, 0, -5, -3, 3, 1, -5, -5, 1, 0, -5, 5, 5]","[0, -3, -5, -2, -5, -5, -5, -5, -3, -4, -5, -5, 1, -1, -5, -5, -2, -2, 2]"
34,7,False,902,453,5,-8,[],[],[],[],"[795, 759, 1208, 645, 434]","[795, 759, 1208, 645, 434]","[57, -24, -19, 25, -199]","[-26, -21, -9, 63, 35]","[854, 1168, 198, 532, 439, 314, 1086, 967, 257, 463, 816, 818, 897, 930, 948]","[163, 182, 422, 25, 373, 353, 276, 187, 760, 607, 543, 517, 575, 532, 800]","[-5, 4, -5, -2, -5, -3, 3, 1, 0, -5, 1, 0, -5, 5, 5]","[2, -3, -3, -5, -3, -5, -5, -5, -5, -1, -5, -5, -2, -2, 1]"
35,7,False,795,311,-8,-5,[],[],[],[],"[798, 739, 1166, 645, 354]","[798, 739, 1166, 645, 354]","[17, -44, -139, 25, -156]","[-64, -41, -20, 43, 15]","[764, 1248, 108, 339, 273, 1146, 987, 322, 363, 836, 818, 797, 1030, 1048, 825, 867, 1176, 606, 545]","[213, 122, 362, 313, 253, 176, 87, 687, 587, 443, 417, 535, 492, 812, 692, 682, 599, 612, 644]","[-4, 4, -4, -5, -2, 3, 1, 4, -5, 1, 0, -5, 5, 5, -1, 3, -4, -3, 4]","[3, -3, -3, -3, -5, -5, -5, -3, -1, -5, -5, -2, -2, 0, -5, -4, -4, -4, -3]"
36,6,False,657,297,-9,3,[],[],[],[],"[786, 705, 1080, 645, 295]","[786, 705, 1080, 645, 295]","[-23, -64, -239, 25, -96]","[-84, -61, -20, 23, -5]","[1328, 28, 249, 250, 1188, 402, 263, 856, 818, 697, 1130, 1148, 805, 927, 1096, 558, 625]","[62, 302, 253, 153, 76, 627, 565, 343, 317, 495, 446, 796, 592, 602, 520, 518, 584]","[4, -4, -4, -1, 2, 4, -5, 1, 0, -5, 5, 5, -1, 3, -4, -2, 4]","[-3, -3, -3, -5, -5, -3, -2, -5, -5, -2, -3, -2, -5, -4, -3, -5, -3]"
37,6,False,576,340,-9,-1,[],[],[],[],"[766, 665, 961, 645, 262]","[766, 665, 961, 645, 262]","[-41, -63, -301, 45, -10]","[-84, -61, 0, 23, -5]","[1408, 169, 245, 482, 163, 876, 818, 597, 1226, 1209, 785, 987, 1016, 530, 705, 781, 692, 1036, 660, 360]","[2, 193, 53, 553, 525, 243, 217, 455, 386, 717, 492, 510, 460, 418, 524, 670, 660, 570, 644, 670]","[4, -4, 0, 4, -5, 1, 0, -5, 4, 1, -1, 3, -4, -1, 4, -4, -4, -2, -2, 4]","[-3, -3, -5, -4, -2, -5, -5, -2, -3, -5, -5, -5, -3, -5, -3, -3, -3, -5, -5, -3]"
38,6,False,477,307,0,0,[],[],[],[],"[746, 639, 821, 663, 274]","[746, 639, 821, 663, 274]","[-21, -23, -315, 85, 107]","[-52, -23, 40, 43, 15]","[89, 555, 63, 896, 818, 497, 1306, 1202, 765, 1041, 936, 510, 785, 701, 612, 990, 620, 440]","[133, 473, 485, 143, 117, 415, 326, 617, 392, 410, 400, 318, 457, 610, 581, 470, 544, 610]","[-4, 3, -5, 1, 0, -5, 4, -2, -1, 2, -4, -1, 4, -4, -4, -3, -2, 4]","[-3, -4, -2, -5, -5, -2, -3, -5, -5, -5, -3, -5, -4, -3, -4, -5, -5, -3]"
39,6,False,477,307,0,0,[],[],[],[],"[726, 628, 681, 695, 328]","[726, 628, 681, 695, 328]","[-1, 17, -303, 111, 207]","[-12, 17, 80, 63, 35]","[9, 615, 916, 818, 397, 1386, 1149, 745, 1081, 856, 490, 865, 621, 532, 930, 580, 520]","[73, 393, 43, 17, 375, 257, 528, 292, 310, 340, 218, 377, 550, 501, 371, 444, 532]","[-4, 3, 1, 0, -5, 4, -3, -1, 2, -4, -1, 4, -4, -4, -3, -2, 4]","[-3, -4, -5, -5, -2, -4, -4, -5, -5, -3, -5, -4, -3, -4, -4, -5, -4]"
40,6,False,477,307,0,0,[],[],[],[],"[726, 632, 559, 735, 420]","[726, 632, 559, 735, 420]","[19, 57, -264, 131, 297]","[28, 57, 119, 83, 55]","[668, 297, 1453, 1073, 715, 1121, 776, 468, 945, 541, 452, 870, 540, 598, 681, 603, 614, 644, 462]","[300, 335, 177, 453, 192, 210, 280, 118, 297, 490, 421, 291, 344, 452, 542, 541, 613, 681, 615]","[2, -5, 3, -4, -2, 2, -4, -2, 4, -4, -4, -3, -2, 3, -4, -3, -5, -5, 4]","[-5, -2, -4, -3, -5, -5, -3, -5, -4, -3, -4, -4, -5, -4, -4, -4, -1, -2, -3]"
41,6,False,477,307,0,0,[],[],[],[],"[726, 652, 455, 775, 546]","[726, 652, 455, 775, 546]","[39, 97, -202, 148, 366]","[68, 97, 139, 103, 75]","[708, 197, 1501, 993, 675, 1155, 696, 428, 1012, 461, 372, 810, 500, 658, 601, 543, 514, 544, 542]","[200, 287, 81, 393, 92, 110, 220, 18, 217, 430, 341, 211, 244, 372, 462, 461, 593, 641, 555]","[2, -5, 2, -4, -2, 1, -4, -2, 3, -4, -4, -3, -2, 3, -4, -3, -5, -5, 4]","[-5, -3, -5, -3, -5, -5, -3, -5, -4, -3, -4, -4, -5, -4, -4, -4, -1, -2, -3]"
