,HP,Power up,Player x,Player y,Player speed_x,Player speed_y,Player bullet x,Player bullet y,Player bullet speed_x,Player bullet speed_y,Enemy x,Enemy y,Enemy speed_x,Enemy speed_y,Enemy bullet x,Enemy bullet y,Enemy bullet speed_x,Enemy bullet speed_y,Humidity,Temperature,Skin conductance,Relative blood volume,Accelerations
0,10,False,641,303,0,0,[],[],[],[],"[978, 1281, 304, 1044, 1015]","[978, 1281, 304, 1044, 1015]","[-101, -198, 6, 171, 403]","[57, 58, 114, 11, 53]",[],[],[],[],41.3,24.5,41546.0,"[15139.0, 15043.0, 15507.0, 15651.0, 15059.0, 15331.0, 15507.0, 14915.0, 15379.0, 15011.0, 15251.0, 15363.0, 14771.0, 15107.0, 14819.0, 15667.0, 15507.0, 15331.0, 15203.0, 15187.0]",[]
1,10,False,641,303,0,0,[],[],[],[],"[918, 1176, 313, 1092, 1155]","[918, 1176, 313, 1092, 1155]","[-132, -259, 96, 110, 346]","[42, 41, 141, 68, 56]",[],[],[],[],41.3,24.5,41226.0,"[15363.0, 14899.0, 14819.0, 15635.0, 14755.0, 15283.0, 14755.0, 14787.0, 14899.0, 15363.0, 15427.0, 15155.0, 14627.0, 15459.0, 14979.0, 15315.0, 14979.0, 14867.0, 15571.0, 14899.0]",[]
2,10,False,641,303,0,0,[],[],[],[],"[849, 1049, 361, 1115, 1263]","[849, 1049, 361, 1115, 1263]","[-183, -329, 189, 37, 238]","[9, 48, 115, 67, 27]","[916, 1101, 393, 1128, 1230]","[719, 789, 681, 684, 782]","[-1, -5, 1, -3, -3]","[-5, -2, -5, -4, -4]",41.3,24.5,41258.0,"[14899.0, 14819.0, 15011.0, 15267.0, 14611.0, 15283.0, 14771.0, 15027.0, 14851.0, 14995.0, 15555.0, 15267.0, 15763.0, 14931.0, 14851.0, 14867.0, 15283.0, 15043.0, 15203.0, 14899.0]",[]
3,10,False,641,303,0,0,[],[],[],[],"[756, 894, 438, 1095, 1324]","[756, 894, 438, 1095, 1324]","[-234, -399, 235, -67, 132]","[-34, 16, 100, 27, 11]","[896, 1001, 413, 1068, 1170]","[619, 749, 581, 604, 702]","[-1, -5, 1, -3, -3]","[-5, -2, -5, -4, -4]",41.2,24.5,41226.0,"[15171.0, 14771.0, 15251.0, 15363.0, 14979.0, 14915.0, 15251.0, 15315.0, 15379.0, 14739.0, 15507.0, 15459.0, 15171.0, 15075.0, 15187.0, 15187.0, 15075.0, 15235.0, 15107.0, 15667.0]",[]
4,10,False,641,303,0,0,[],[],[],[],"[656, 716, 533, 1041, 1339]","[656, 716, 533, 1041, 1339]","[-231, -439, 278, -155, -2]","[-59, -39, 46, 3, -26]","[862, 901, 433, 1008, 1110]","[519, 709, 481, 524, 622]","[-2, -5, 1, -3, -3]","[-5, -2, -5, -4, -4]",41.2,24.5,41274.0,"[15635.0, 14947.0, 15139.0, 14899.0, 15395.0, 14835.0, 15107.0, 15315.0, 15331.0, 15955.0, 15939.0, 15075.0, 15123.0, 15011.0, 15427.0, 15443.0, 15171.0, 15235.0, 15139.0, 15539.0]",[]
5,10,False,641,303,0,0,[],[],[],[],"[556, 520, 633, 952, 1304]","[556, 520, 633, 952, 1304]","[-214, -455, 296, -248, -117]","[-73, -69, 10, 7, -60]","[822, 801, 453, 948, 1050, 593, 705, 534, 973, 1281]","[419, 669, 381, 444, 542, 679, 699, 699, 708, 747]","[-2, -5, 1, -3, -3, -5, -2, -2, -5, -5]","[-5, -2, -5, -4, -4, -3, -5, -5, -1, -3]",41.2,24.5,41290.0,"[15107.0, 15299.0, 14883.0, 15395.0, 15555.0, 15427.0, 14979.0, 15283.0, 14739.0, 15379.0, 15267.0, 14547.0, 14931.0, 15283.0, 15779.0, 15715.0, 15667.0, 15059.0, 15427.0, 14739.0]",[]
6,10,False,641,303,0,0,[],[],[],[],"[469, 338, 733, 832, 1221]","[469, 338, 733, 832, 1221]","[-184, -407, 274, -302, -247]","[-100, -79, -31, -8, -103]","[782, 701, 490, 888, 990, 500, 665, 494, 873, 1181]","[319, 629, 281, 364, 462, 619, 599, 599, 688, 687]","[-2, -5, 2, -3, -3, -4, -2, -2, -5, -5]","[-5, -2, -5, -4, -4, -3, -5, -5, -1, -3]",41.2,24.5,41498.0,"[15011.0, 14483.0, 15443.0, 15443.0, 15539.0, 15139.0, 15507.0, 15795.0, 14979.0, 15123.0, 14883.0, 15379.0, 15139.0, 15619.0, 15203.0, 15827.0, 15203.0, 14995.0, 15027.0, 15011.0]",[]
7,10,False,641,303,0,0,[],[],[],[],"[392, 181, 833, 692, 1089]","[392, 181, 833, 692, 1089]","[-129, -327, 265, -312, -340]","[-90, -76, -39, -12, -109]","[742, 601, 530, 828, 930, 420, 625, 454, 773, 1081, 473, 330, 828, 743, 1174]","[219, 589, 181, 284, 382, 559, 499, 499, 668, 627, 574, 670, 722, 686, 655]","[-2, -5, 2, -3, -3, -4, -2, -2, -5, -5, 0, 4, 0, -5, -3]","[-5, -2, -5, -4, -4, -3, -5, -5, -1, -3, -5, -4, -5, -2, -5]",41.2,24.5,41402.0,"[15555.0, 15027.0, 15571.0, 15139.0, 15107.0, 15315.0, 15699.0, 14867.0, 15219.0, 14819.0, 15331.0, 15363.0, 15139.0, 15603.0, 15379.0, 15875.0, 15571.0, 15939.0, 15155.0, 15299.0]",[]
8,10,False,641,303,0,0,[],[],[],[],"[345, 74, 933, 567, 933]","[345, 74, 933, 567, 933]","[-45, -161, 253, -259, -387]","[-55, -55, -28, -10, -56]","[702, 501, 570, 768, 851, 340, 585, 414, 673, 981, 473, 410, 828, 643, 1114]","[119, 549, 81, 204, 302, 499, 399, 399, 643, 567, 474, 590, 622, 630, 555]","[-2, -5, 2, -3, -4, -4, -2, -2, -5, -5, 0, 4, 0, -5, -3]","[-5, -2, -5, -4, -4, -3, -5, -5, -2, -3, -5, -4, -5, -3, -5]",41.2,24.5,41274.0,"[16115.0, 15571.0, 15107.0, 14579.0, 14163.0, 14019.0, 14259.0, 14051.0, 14883.0, 14867.0, 15123.0, 15955.0, 15459.0, 15635.0, 15347.0, 14595.0, 14403.0, 14771.0, 14547.0, 15283.0]",[]
9,10,False,641,303,0,0,[],[],[],[],"[336, 34, 1018, 466, 758]","[336, 34, 1018, 466, 758]","[42, 2, 218, -194, -413]","[-20, 2, -8, 11, -29]","[662, 401, 708, 771, 260, 545, 376, 573, 881, 473, 490, 828, 547, 1054]","[19, 509, 124, 222, 425, 299, 299, 603, 507, 374, 510, 522, 570, 455]","[-2, -5, -3, -4, -4, -2, -1, -5, -5, 0, 4, 0, -4, -3]","[-5, -2, -4, -4, -4, -5, -5, -2, -3, -5, -4, -5, -3, -5]",41.2,24.5,41274.0,"[16115.0, 15571.0, 15107.0, 14579.0, 14163.0, 14019.0, 14259.0, 14051.0, 14883.0, 14867.0, 15123.0, 15955.0, 15459.0, 15635.0, 15347.0, 14595.0, 14403.0, 14771.0, 14547.0, 15283.0]",[]
10,10,False,641,303,0,0,[],[],[],[],"[366, 58, 1084, 394, 593]","[366, 58, 1084, 394, 593]","[157, 164, 174, -124, -377]","[17, 34, 2, 33, -7]","[301, 644, 691, 183, 505, 356, 473, 781, 473, 570, 828, 467, 994, 443, 160, 978, 579, 686]","[461, 44, 142, 345, 199, 199, 563, 447, 274, 430, 422, 510, 356, 523, 560, 638, 607, 593]","[-5, -4, -4, -3, -2, -1, -5, -5, 0, 4, 0, -4, -3, 3, 4, -4, 4, -5]","[-3, -4, -4, -4, -5, -5, -2, -3, -5, -4, -5, -3, -4, -5, -4, -4, -3, -1]",41.100004,24.5,41290.0,"[14963.0, 14883.0, 15539.0, 15187.0, 14835.0, 15587.0, 15027.0, 15651.0, 15555.0, 15411.0, 15491.0, 15043.0, 15011.0, 15235.0, 15363.0, 15363.0, 15187.0, 15059.0, 15107.0, 15203.0]",[]
11,9,False,641,303,0,0,[],[],[],[],"[436, 147, 1127, 357, 442]","[436, 147, 1127, 357, 442]","[228, 303, 111, -36, -319]","[63, 86, 31, 33, 15]","[201, 611, 123, 465, 336, 373, 681, 493, 828, 387, 934, 503, 240, 898, 659, 586]","[401, 62, 265, 99, 99, 523, 387, 174, 322, 450, 276, 423, 480, 558, 547, 564]","[-5, -4, -3, -2, -1, -5, -5, 1, 0, -4, -3, 3, 4, -4, 4, -5]","[-3, -4, -4, -5, -5, -2, -3, -5, -5, -3, -4, -5, -4, -4, -3, -2]",41.100004,24.5,41402.0,"[15459.0, 15827.0, 15443.0, 15651.0, 14739.0, 14819.0, 14739.0, 14851.0, 15395.0, 15875.0, 15203.0, 14819.0, 14691.0, 14675.0, 15331.0, 15283.0, 15555.0, 15315.0, 14947.0, 15683.0]",[]
12,8,False,641,303,0,0,[],[],[],[],"[533, 284, 1149, 350, 318]","[533, 284, 1149, 350, 318]","[293, 411, 40, 42, -253]","[93, 106, 54, 29, 33]","[107, 63, 273, 513, 828, 307, 874, 563, 320, 818, 739, 486, 532, 310, 1160, 425, 430]","[341, 176, 483, 74, 222, 390, 196, 323, 400, 478, 487, 524, 584, 635, 678, 628, 564]","[-4, -3, -5, 1, 0, -4, -3, 3, 4, -4, 4, -5, 0, 5, -3, 3, 2]","[-3, -5, -2, -5, -5, -3, -4, -5, -4, -4, -3, -2, -5, -3, -4, -5, -5]",41.100004,24.5,41386.0,"[15523.0, 15203.0, 15523.0, 14947.0, 14851.0, 15299.0, 14899.0, 15235.0, 14931.0, 15171.0, 15683.0, 15283.0, 15763.0, 15715.0, 15667.0, 15411.0, 15171.0, 14787.0, 15155.0, 14691.0]",[]
13,7,False,641,303,0,0,[],[],[],[],"[633, 444, 1139, 379, 216]","[633, 444, 1139, 379, 216]","[289, 446, -52, 136, -204]","[90, 93, 56, 9, 31]","[27, 23, 173, 828, 227, 814, 400, 738, 819, 386, 532, 410, 1100, 485, 470]","[281, 76, 443, 122, 320, 116, 320, 398, 427, 484, 484, 575, 598, 528, 464]","[-4, -2, -5, 0, -4, -3, 4, -4, 4, -5, 0, 5, -3, 3, 2]","[-3, -5, -2, -5, -4, -4, -4, -4, -3, -2, -5, -3, -4, -5, -5]",41.100004,24.5,41178.0,"[15667.0, 15363.0, 15123.0, 15331.0, 15027.0, 14947.0, 15651.0, 15571.0, 15811.0, 15651.0, 15443.0, 15011.0, 14931.0, 15315.0, 14723.0, 14883.0, 15203.0, 14803.0, 15011.0, 15507.0]",[]
14,6,False,641,303,0,0,[],[],[],[],"[733, 624, 1080, 428, 143]","[733, 624, 1080, 428, 143]","[282, 458, -170, 165, -114]","[52, 75, 34, -14, 27]","[73, 828, 147, 754, 480, 899, 286, 532, 510, 1040, 545, 510]","[403, 22, 240, 36, 240, 364, 444, 384, 515, 518, 428, 364]","[-5, 0, -4, -3, 4, 4, -5, 0, 5, -3, 3, 2]","[-2, -5, -4, -4, -4, -4, -2, -5, -3, -4, -5, -5]",41.100004,24.5,41290.0,"[15283.0, 15603.0, 15203.0, 14947.0, 16227.0, 15507.0, 15251.0, 15139.0, 14755.0, 14947.0, 14515.0, 14387.0, 14995.0, 15235.0, 14979.0, 15635.0, 15795.0, 15651.0, 16099.0, 15139.0]",[]
15,5,False,641,303,0,0,[],[],[],[],"[833, 792, 986, 488, 109]","[833, 792, 986, 488, 109]","[265, 423, -237, 195, -6]","[24, 46, 14, -3, 33]","[81, 560, 979, 186, 532, 610, 980, 550, 779, 693, 1037, 490, 281]","[160, 160, 284, 392, 284, 455, 438, 264, 581, 635, 655, 560, 617]","[-3, 4, 4, -5, 0, 5, -3, 2, 0, 1, -4, 1, 5]","[-4, -4, -4, -3, -5, -3, -4, -5, -5, -5, -4, -5, 0]",41.100004,24.5,41226.0,"[15251.0, 14835.0, 14835.0, 15379.0, 14851.0, 14707.0, 15235.0, 14883.0, 15043.0, 15379.0, 15011.0, 15747.0, 15011.0, 15747.0, 15171.0, 14995.0, 15571.0, 15315.0, 15523.0, 15139.0]",[]
16,5,False,641,303,0,0,[],[],[],[],"[919, 944, 864, 566, 114]","[919, 944, 864, 566, 114]","[226, 368, -311, 215, 80]","[-10, 15, -23, -5, 48]","[21, 640, 1059, 103, 538, 703, 920, 590, 779, 713, 957, 510, 381]","[80, 80, 204, 332, 184, 395, 358, 164, 481, 535, 575, 460, 617]","[-3, 4, 4, -4, 1, 4, -3, 2, 0, 1, -4, 1, 5]","[-4, -4, -4, -3, -5, -3, -4, -5, -5, -5, -4, -5, 0]",41.100004,24.5,41226.0,"[15251.0, 14835.0, 14835.0, 15379.0, 14851.0, 14707.0, 15235.0, 14883.0, 15043.0, 15379.0, 15011.0, 15747.0, 15011.0, 15747.0, 15171.0, 14995.0, 15571.0, 15315.0, 15523.0, 15139.0]",[]
17,5,False,641,303,0,0,[],[],[],[],"[988, 1073, 724, 649, 157]","[988, 1073, 724, 649, 157]","[163, 322, -322, 260, 185]","[-9, -4, 0, 10, 71]","[1125, 23, 558, 783, 860, 641, 779, 733, 877, 530, 481, 958, 1015, 824, 616, 228]","[124, 270, 84, 335, 278, 64, 381, 435, 495, 360, 617, 630, 711, 659, 584, 620]","[3, -4, 1, 4, -3, 3, 0, 1, -4, 1, 5, -4, -4, 0, -3, 5]","[-4, -4, -5, -3, -4, -5, -5, -5, -4, -5, 0, -3, -3, -5, -4, -1]",41.100004,24.5,41194.0,"[15187.0, 14515.0, 13859.0, 13011.0, 14163.0, 15971.0, 16099.0, 17060.0, 17284.0, 15747.0, 14435.0, 13779.0, 13587.0, 12755.0, 12867.0, 13779.0, 14867.0, 15971.0, 16564.0, 16211.0]",[]
18,5,False,641,303,0,0,[],[],[],[],"[1033, 1176, 588, 749, 245]","[1033, 1176, 588, 749, 245]","[128, 249, -297, 284, 309]","[34, 39, 31, 65, 101]","[1185, 863, 800, 779, 753, 797, 550, 581, 878, 935, 824, 556, 328]","[44, 275, 198, 281, 335, 415, 260, 617, 570, 651, 559, 504, 600]","[3, 4, -3, 0, 1, -4, 1, 5, -4, -4, 0, -3, 5]","[-4, -3, -4, -5, -5, -4, -5, 0, -3, -3, -5, -4, -1]",41.100004,24.5,41258.0,"[15795.0, 15811.0, 15555.0, 15219.0, 15443.0, 15059.0, 14499.0, 14739.0, 15123.0, 14515.0, 15315.0, 15107.0, 15299.0, 15571.0, 15123.0, 15427.0, 15443.0, 14915.0, 14691.0, 14515.0]",[]
19,5,False,641,303,0,0,[],[],[],[],"[1062, 1249, 472, 849, 383]","[1062, 1249, 472, 849, 383]","[80, 181, -236, 281, 418]","[71, 67, 46, 119, 121]","[943, 720, 779, 773, 717, 570, 681, 798, 855, 824, 496, 428]","[215, 118, 181, 235, 335, 160, 617, 510, 591, 459, 423, 580]","[4, -4, 0, 1, -4, 1, 5, -4, -4, 0, -3, 5]","[-3, -4, -5, -5, -4, -5, 0, -3, -3, -5, -5, -1]",41.100004,24.5,41242.0,"[14499.0, 15139.0, 15283.0, 15635.0, 14963.0, 15619.0, 15843.0, 14915.0, 14995.0, 14723.0, 14947.0, 14691.0, 15475.0, 14931.0, 15027.0, 15283.0, 15267.0, 15955.0, 15267.0, 14835.0]",[]
20,4,False,641,303,0,0,[],[],[],[],"[1075, 1296, 383, 949, 555]","[1075, 1296, 383, 949, 555]","[23, 88, -161, 273, 479]","[91, 89, 61, 152, 144]","[1023, 640, 779, 793, 606, 781, 718, 775, 824, 436, 528, 1012, 1217, 508, 839, 514]","[155, 38, 81, 135, 60, 617, 450, 531, 359, 323, 560, 634, 691, 602, 578, 641]","[4, -4, 0, 1, 2, 5, -4, -4, 0, -3, 5, -5, -4, 0, -3, 4]","[-3, -4, -5, -5, -5, 0, -3, -3, -5, -5, -1, -2, -3, -5, -4, -3]",41.100004,24.5,41226.0,"[15283.0, 15443.0, 14931.0, 15219.0, 14851.0, 15555.0, 15331.0, 15171.0, 15683.0, 15283.0, 15171.0, 15139.0, 15331.0, 15459.0, 15011.0, 15043.0, 15683.0, 15843.0, 15043.0, 15811.0]",[]
21,4,False,641,303,0,0,[],[],[],[],"[1059, 1300, 329, 1045, 745]","[1059, 1300, 329, 1045, 745]","[-23, -5, -65, 244, 508]","[116, 89, 62, 175, 149]","[1103, 813, 881, 638, 695, 824, 386, 628, 912, 1137, 508, 779, 594]","[95, 35, 609, 390, 471, 259, 223, 540, 594, 631, 502, 498, 581]","[4, 1, 5, -4, -4, 0, -2, 5, -5, -4, 0, -3, 4]","[-3, -5, -1, -3, -3, -5, -5, -1, -2, -3, -5, -4, -3]",41.100004,24.5,41194.0,"[15139.0, 14995.0, 15155.0, 14995.0, 15235.0, 14755.0, 14755.0, 14995.0, 14915.0, 14899.0, 15379.0, 15027.0, 15395.0, 15235.0, 15011.0, 15299.0, 14995.0, 15555.0, 15043.0, 15635.0]",[]
22,3,False,641,303,0,0,[],[],[],[],"[1028, 1264, 311, 1120, 935]","[1028, 1264, 311, 1120, 935]","[-101, -129, 13, 182, 482]","[93, 65, 92, 158, 121]","[1183, 981, 615, 824, 346, 728, 812, 1057, 508, 719, 674, 1063, 1304, 352, 1108, 866]","[35, 589, 411, 159, 123, 520, 554, 571, 402, 418, 518, 705, 754, 690, 756, 774]","[4, 5, -4, 0, -2, 5, -5, -4, 0, -3, 4, -3, -3, 0, -3, -3]","[-3, -1, -3, -5, -5, -1, -2, -3, -5, -4, -4, -4, -5, -5, -4, -4]",41.100004,24.5,41178.0,"[14899.0, 14931.0, 14787.0, 14899.0, 14819.0, 15491.0, 15107.0, 15411.0, 14947.0, 14851.0, 15331.0, 14595.0, 14755.0, 14787.0, 15267.0, 15379.0, 15315.0, 14819.0, 15059.0, 15043.0]",[]
23,2,False,641,303,0,0,[],[],[],[],"[959, 1177, 318, 1163, 1096]","[959, 1177, 318, 1163, 1096]","[-174, -251, 76, 83, 368]","[65, 29, 66, 121, 85]","[1081, 535, 824, 306, 828, 712, 977, 508, 754, 1003, 1244, 352, 1048, 806]","[569, 351, 59, 23, 500, 514, 511, 302, 438, 625, 654, 590, 676, 694]","[5, -4, 0, -2, 5, -5, -4, 0, 4, -3, -3, 0, -3, -3]","[-1, -3, -5, -5, -1, -2, -3, -5, -4, -4, -5, -5, -4, -4]",41.100004,24.5,41402.0,"[16211.0, 16307.0, 15411.0, 15123.0, 14915.0, 14547.0, 14371.0, 14163.0, 15251.0, 15059.0, 16147.0, 15923.0, 16404.0, 15507.0, 16035.0, 15459.0, 15059.0, 15427.0, 15219.0, 14979.0]",[]
