,HP,Power up,Player x,Player y,Player speed_x,Player speed_y,Player bullet x,Player bullet y,Player bullet speed_x,Player bullet speed_y,Enemy x,Enemy y,Enemy speed_x,Enemy speed_y,Enemy bullet x,Enemy bullet y,Enemy bullet speed_x,Enemy bullet speed_y,Humidity,Temperature,Skin conductance,Relative blood volume,Accelerations
0,10,False,924,230,-7,6,[],[],[],[],"[1318, 1050, 911, 752, 390]","[1318, 1050, 911, 752, 390]","[71, 467, -137, 564, 189]","[83, 41, 34, -6, -20]",[],[],[],[],41.7,24.2,41162.0,"[22917.0, 21973.0, 22149.0, 21829.0, 21685.0, 21733.0, 21733.0, 21477.0, 21749.0, 21589.0, 21861.0, 22485.0, 22229.0, 21973.0, 22069.0, 22565.0, 22357.0, 23237.0, 23445.0, 23317.0]",[]
1,10,False,809,346,0,0,[],[],[],[],"[1319, 1214, 844, 972, 474]","[1319, 1214, 844, 972, 474]","[-15, 391, -146, 553, 278]","[106, 55, 88, 44, -2]",[],[],[],[],41.7,24.2,41146.0,"[45803.0, 44634.0, 44186.0, 43018.0, 41322.0, 39817.0, 38841.0, 36905.0, 35256.0, 33608.0, 32455.0, 31751.0, 30551.0, 29991.0, 29655.0, 28390.0, 28727.0, 28182.0, 27782.0, 27734.0]",[]
2,10,False,744,275,-5,-8,[],[],[],[],"[1278, 1343, 783, 1171, 588]","[1278, 1343, 783, 1171, 588]","[-142, 291, -151, 491, 312]","[89, 40, 117, 60, -15]","[1300, 1280, 890, 1103, 619]","[731, 727, 626, 594, 731]","[-5, -5, 3, -2, 5]","[-3, -2, -5, -5, -1]",41.7,24.2,41258.0,"[21093.0, 21509.0, 21077.0, 21285.0, 21637.0, 21893.0, 21733.0, 22437.0, 21957.0, 22213.0, 22869.0, 22885.0, 23253.0, 22853.0, 22981.0, 22997.0, 23029.0, 23845.0, 23605.0, 24325.0]",[]
3,10,False,632,128,-5,-7,[],[],[],[],"[1189, 1422, 699, 1335, 708]","[1189, 1422, 699, 1335, 708]","[-250, 159, -204, 379, 313]","[50, 26, 82, 20, -30]","[1200, 1180, 945, 1063, 719]","[671, 687, 526, 494, 701]","[-5, -5, 2, -2, 5]","[-3, -2, -5, -5, -2]",41.7,24.2,41178.0,"[25382.0, 27462.0, 30039.0, 32423.0, 36184.0, 39881.0, 43018.0, 45147.0, 47387.0, 48443.0, 49772.0, 49180.0, 48603.0, 47819.0, 46379.0, 45211.0, 44554.0, 42954.0, 41738.0, 39705.0]",[]
4,10,False,608,176,1,9,[],[],[],[],"[1058, 1438, 599, 1447, 818]","[1058, 1438, 599, 1447, 818]","[-350, 8, -205, 226, 276]","[5, 9, 65, 1, -25]","[1118, 1080, 985, 1023, 819]","[611, 647, 426, 394, 661]","[-4, -5, 2, -2, 5]","[-3, -2, -5, -5, -2]",41.7,24.2,41306.0,"[21397.0, 20965.0, 21381.0, 21125.0, 20356.0, 20292.0, 20180.0, 20244.0, 20629.0, 20837.0, 20260.0, 20581.0, 20452.0, 21573.0, 20693.0, 21013.0, 21013.0, 21013.0, 21413.0, 21893.0]",[]
5,10,False,636,329,0,0,[671],[338],[1],[5],"[886, 1396, 499, 1462, 906]","[886, 1396, 499, 1462, 906]","[-439, -159, -205, 74, 209]","[-47, -11, 41, 3, -67]","[1038, 980, 1025, 983, 919, 1025, 1374, 654, 1386, 862]","[551, 607, 326, 294, 621, 703, 710, 629, 619, 595]","[-4, -5, 2, -2, 5, -3, -5, 0, -5, 0]","[-3, -2, -5, -5, -2, -4, -2, -5, -2, -5]",41.7,24.2,41354.0,"[22165.0, 22869.0, 22885.0, 22549.0, 23077.0, 23685.0, 25382.0, 27190.0, 29831.0, 33000.0, 37129.0, 40793.0, 43882.0, 46347.0, 48219.0, 49035.0, 49308.0, 49324.0, 49180.0, 47915.0]",[]
6,10,False,585,240,0,0,[691],[438],[1],[5],"[692, 1289, 415, 1440, 965]","[692, 1289, 415, 1440, 965]","[-467, -320, -170, -77, 140]","[-81, -35, 18, 9, -72]","[958, 880, 1046, 931, 1019, 965, 1274, 654, 1286, 848]","[491, 567, 226, 194, 581, 623, 670, 529, 579, 495]","[-4, -5, 1, -3, 5, -3, -5, 0, -5, -1]","[-3, -2, -5, -5, -2, -4, -2, -5, -2, -5]",41.7,24.2,41562.0,"[25798.0, 25990.0, 25526.0, 24966.0, 24533.0, 24421.0, 23493.0, 23125.0, 22661.0, 22469.0, 21157.0, 21445.0, 21045.0, 20244.0, 20773.0, 19812.0, 20228.0, 20517.0, 19764.0, 19572.0]",[]
7,10,False,527,200,0,0,[711],[538],[1],[5],"[495, 1122, 350, 1363, 1002]","[495, 1122, 350, 1363, 1002]","[-446, -433, -98, -232, 97]","[-93, -39, 10, 32, -61]","[878, 780, 1064, 871, 1119, 905, 1174, 654, 1186, 828, 623, 1202, 424, 1392, 986]","[431, 527, 126, 94, 524, 543, 630, 429, 539, 395, 661, 677, 683, 642, 615]","[-4, -5, 0, -3, 5, -3, -5, 0, -5, -1, 0, -4, 1, -5, -5]","[-3, -2, -5, -5, -3, -4, -2, -5, -2, -5, -5, -4, -5, -1, -1]",41.7,24.2,41194.0,"[28951.0, 32311.0, 36632.0, 40633.0, 43674.0, 46603.0, 49003.0, 50108.0, 50124.0, 50588.0, 49340.0, 48331.0, 46315.0, 45002.0, 43050.0, 42298.0, 40041.0, 38441.0, 36792.0, 34760.0]",[]
8,10,False,473,264,-1,9,[724],[638],[1],[5],"[324, 926, 323, 1242, 1022]","[324, 926, 323, 1242, 1022]","[-355, -493, -1, -319, 54]","[-72, -11, 36, 76, -16]","[798, 680, 1064, 811, 1199, 845, 1074, 654, 1086, 808, 623, 1122, 444, 1292, 886]","[371, 487, 26, 9, 464, 463, 590, 329, 499, 295, 561, 597, 583, 622, 595]","[-4, -5, 0, -3, 4, -3, -5, 0, -5, -1, 0, -4, 1, -5, -5]","[-3, -2, -5, -4, -3, -4, -2, -5, -2, -5, -5, -4, -5, -1, -1]",41.7,24.2,41306.0,"[32663.0, 31239.0, 29559.0, 29015.0, 28102.0, 27670.0, 26502.0, 26342.0, 26470.0, 25782.0, 26342.0, 25542.0, 25798.0, 24870.0, 25062.0, 24101.0, 24037.0, 23189.0, 22757.0, 22277.0]",[]
9,10,False,470,282,0,0,[744],[738],[1],[5],"[191, 726, 338, 1087, 1026]","[191, 726, 338, 1087, 1026]","[-269, -490, 105, -394, 19]","[-27, -1, 54, 89, 20]","[707, 580, 1279, 785, 974, 654, 986, 788, 623, 1042, 464, 1192, 786]","[311, 447, 401, 383, 550, 229, 459, 195, 461, 517, 483, 602, 575]","[-5, -5, 4, -3, -5, 0, -5, -1, 0, -4, 1, -5, -5]","[-3, -2, -4, -4, -2, -5, -2, -5, -5, -4, -5, -1, -1]",41.7,24.2,41818.0,"[20661.0, 21653.0, 21029.0, 21653.0, 21269.0, 22293.0, 21893.0, 22037.0, 22293.0, 22965.0, 24485.0, 26134.0, 28646.0, 31431.0, 35768.0, 39177.0, 43226.0, 46779.0, 49164.0, 50364.0]",[]
10,8,False,549,300,9,1,[764],[838],[1],[5],"[102, 531, 391, 909, 1019]","[102, 531, 391, 909, 1019]","[-118, -440, 204, -417, -11]","[37, 13, 69, 121, 46]","[480, 1356, 725, 874, 654, 886, 768, 962, 484, 1092, 686, 179, 651, 407, 1020, 993]","[402, 321, 303, 510, 129, 419, 95, 437, 383, 582, 546, 523, 623, 649, 645, 563]","[-5, 3, -3, -5, 0, -5, -1, -4, 1, -5, -5, -1, -5, 1, -5, -4]","[-3, -4, -4, -2, -5, -2, -5, -4, -5, -1, -2, -5, -2, -5, -2, -3]",41.7,24.2,41690.0,"[51292.0, 51212.0, 50124.0, 48715.0, 47515.0, 46475.0, 44682.0, 42410.0, 40729.0, 38729.0, 37737.0, 35144.0, 33352.0, 31703.0, 30503.0, 29591.0, 28278.0, 27590.0, 27078.0, 26822.0]",[]
11,8,False,594,308,0,0,[],[],[],[],"[70, 358, 480, 729, 993]","[70, 358, 480, 729, 993]","[-1, -364, 287, -420, -63]","[92, 50, 80, 133, 85]","[380, 1416, 665, 774, 654, 786, 882, 504, 992, 586, 174, 551, 427, 920, 913]","[342, 241, 223, 470, 29, 379, 359, 283, 562, 506, 423, 583, 549, 605, 503]","[-5, 3, -3, -5, 0, -5, -4, 1, -5, -5, 0, -5, 1, -5, -4]","[-3, -4, -4, -2, -5, -2, -3, -5, -1, -2, -5, -2, -5, -2, -3]",41.600004,24.2,41626.0,"[20933.0, 21317.0, 20805.0, 21029.0, 21541.0, 21173.0, 21157.0, 21973.0, 21573.0, 22197.0, 22549.0, 22069.0, 22597.0, 23205.0, 23317.0, 24934.0, 26294.0, 29239.0, 31703.0, 36152.0]",[]
12,6,False,750,222,7,-6,[],[],[],[],"[84, 219, 596, 558, 949]","[84, 219, 596, 558, 949]","[107, -277, 321, -389, -111]","[118, 37, 74, 116, 114]","[280, 1467, 605, 674, 524, 892, 486, 202, 451, 455, 820, 833, 160, 368, 595, 648, 969]","[282, 144, 143, 427, 183, 542, 466, 323, 543, 449, 565, 443, 629, 648, 745, 732, 639]","[-5, 2, -3, -5, 1, -5, -5, 2, -5, 2, -5, -4, 4, 5, 1, -2, -5]","[-3, -5, -4, -3, -5, -1, -2, -5, -2, -5, -2, -3, -3, -2, -5, -5, -2]",41.600004,24.2,41146.0,"[28038.0, 27558.0, 26726.0, 25798.0, 25286.0, 25462.0, 26070.0, 25270.0, 25622.0, 24854.0, 25238.0, 25158.0, 24149.0, 23781.0, 23349.0, 23461.0, 23189.0, 21813.0, 21509.0, 20885.0]",[]
13,6,False,844,233,2,9,[],[],[],[],"[140, 116, 716, 398, 888]","[140, 116, 716, 398, 888]","[209, -189, 310, -358, -152]","[112, 15, 58, 74, 83]","[191, 1504, 545, 574, 549, 792, 386, 268, 355, 495, 720, 753, 240, 468, 615, 608, 869]","[222, 44, 63, 367, 83, 522, 426, 241, 485, 349, 525, 383, 569, 590, 645, 632, 599]","[-4, 1, -3, -5, 2, -5, -5, 4, -4, 2, -5, -4, 4, 5, 1, -2, -5]","[-3, -5, -4, -3, -5, -1, -2, -4, -3, -5, -2, -3, -3, -3, -5, -5, -2]",41.600004,24.2,41482.0,"[21333.0, 20853.0, 20180.0, 20132.0, 19940.0, 19652.0, 20501.0, 20260.0, 19844.0, 20420.0, 20869.0, 20244.0, 20404.0, 20741.0, 21189.0, 21029.0, 21349.0, 21445.0, 22229.0, 22117.0]",[]
14,6,False,846,323,0,0,[881],[409],[0],[5],"[231, 48, 827, 254, 808]","[231, 48, 827, 254, 808]","[295, -95, 284, -299, -179]","[70, -7, 0, 26, 85]","[111, 474, 692, 286, 353, 275, 535, 620, 673, 320, 568, 635, 568, 769]","[162, 307, 502, 386, 181, 425, 249, 485, 323, 509, 530, 545, 532, 559]","[-4, -5, -5, -5, 5, -4, 2, -5, -4, 4, 5, 1, -2, -5]","[-3, -3, -1, -2, -2, -3, -5, -2, -3, -3, -3, -5, -5, -2]",41.600004,24.2,41482.0,"[49612.0, 48171.0, 46859.0, 44714.0, 43146.0, 40873.0, 39305.0, 37561.0, 35096.0, 33736.0, 31799.0, 30135.0, 28502.0, 27366.0, 26806.0, 26566.0, 26198.0, 25862.0, 25942.0, 26086.0]",[]
15,6,False,964,271,9,-1,[881],[509],[0],[5],"[358, 25, 925, 141, 717]","[358, 25, 925, 141, 717]","[372, 12, 241, -212, -202]","[39, -6, -24, -22, 76]","[31, 374, 592, 186, 453, 195, 575, 520, 593, 400, 668, 655, 528, 669, 338, 184, 848, 385, 810]","[102, 247, 482, 346, 141, 357, 149, 445, 263, 449, 470, 445, 432, 519, 662, 601, 718, 760, 626]","[-4, -5, -5, -5, 5, -4, 2, -5, -4, 4, 5, 1, -2, -5, 3, 5, -1, 5, -2]","[-3, -3, -1, -2, -2, -4, -5, -2, -3, -3, -3, -5, -5, -2, -4, -3, -5, -3, -5]",41.600004,24.2,41690.0,"[25558.0, 25366.0, 25670.0, 24710.0, 24598.0, 23909.0, 23621.0, 23141.0, 23445.0, 22741.0, 21733.0, 21397.0, 21381.0, 20901.0, 21157.0, 20885.0, 20292.0, 20276.0, 20677.0, 20645.0]",[]
16,6,False,1126,273,9,1,[881],[609],[0],[5],"[498, 50, 993, 71, 625]","[498, 50, 993, 71, 625]","[388, 158, 157, -107, -207]","[43, -20, -37, -47, 45]","[293, 492, 86, 553, 128, 628, 420, 513, 480, 768, 690, 498, 573, 398, 284, 828, 485, 770]","[187, 458, 306, 120, 277, 50, 405, 201, 389, 410, 345, 332, 460, 582, 541, 618, 700, 526]","[-4, -5, -5, 5, -3, 3, -5, -4, 4, 5, 2, -1, -4, 3, 5, -1, 5, -2]","[-3, -2, -2, -1, -4, -4, -2, -4, -3, -3, -5, -5, -3, -4, -3, -5, -3, -5]",41.600004,24.2,41178.0,"[26662.0, 29095.0, 32952.0, 36824.0, 40665.0, 44170.0, 47803.0, 50092.0, 52028.0, 52124.0, 52204.0, 50892.0, 50028.0, 47755.0, 46827.0, 44618.0, 42298.0, 40489.0, 39193.0, 36600.0]",[]
17,6,False,1242,295,8,5,[881],[709],[0],[5],"[638, 133, 1033, 46, 528]","[638, 133, 1033, 46, 528]","[394, 295, 98, 46, -190]","[32, 5, -58, -76, 47]","[213, 392, 653, 82, 320, 433, 560, 868, 730, 478, 493, 458, 384, 828, 585, 730, 662, 178, 1083, 147, 661]","[127, 418, 110, 180, 361, 121, 329, 350, 245, 232, 400, 502, 485, 518, 640, 426, 722, 614, 726, 760, 740]","[-4, -5, 5, -1, -5, -4, 4, 5, 2, -1, -4, 3, 5, 0, 5, -2, 5, 5, 2, 5, 5]","[-3, -2, 0, -5, -3, -4, -3, -3, -5, -5, -3, -4, -2, -5, -3, -5, -3, 0, -5, -2, -2]",41.600004,24.2,41386.0,"[35000.0, 32551.0, 31223.0, 30023.0, 28823.0, 27174.0, 26934.0, 25990.0, 26134.0, 26230.0, 25382.0, 25990.0, 25894.0, 25078.0, 24982.0, 24662.0, 24565.0, 24565.0, 23653.0, 23349.0]",[]
18,6,False,1324,425,1,9,[881],[809],[0],[5],"[796, 269, 1053, 88, 458]","[796, 269, 1053, 88, 458]","[409, 412, 77, 200, -128]","[51, 48, -61, -57, 68]","[133, 292, 753, 74, 220, 359, 656, 968, 770, 473, 414, 519, 484, 828, 685, 692, 762, 278, 1123, 247, 761]","[66, 378, 110, 80, 301, 41, 269, 308, 145, 132, 325, 422, 445, 418, 580, 326, 662, 614, 626, 720, 700]","[-4, -5, 5, 0, -5, -3, 5, 5, 2, 0, -3, 4, 5, 0, 5, -1, 5, 5, 2, 5, 5]","[-4, -2, 0, -5, -3, -4, -3, -2, -5, -5, -4, -4, -2, -5, -3, -5, -3, 0, -5, -2, -2]",41.600004,24.2,41274.0,"[23477.0, 24485.0, 24565.0, 25782.0, 27654.0, 30151.0, 32583.0, 36584.0, 40905.0, 43994.0, 47259.0, 49388.0, 50732.0, 51404.0, 50924.0, 50588.0, 49164.0, 47563.0, 45515.0, 43578.0]",[]
19,6,False,1309,541,3,9,[],[],[],[],"[950, 447, 1062, 184, 410]","[950, 447, 1062, 184, 410]","[394, 510, 35, 318, -66]","[56, 78, -28, -48, 75]","[192, 853, 138, 756, 1068, 822, 473, 354, 599, 584, 828, 785, 672, 862, 378, 1163, 347, 861]","[338, 110, 241, 219, 268, 45, 32, 242, 342, 405, 318, 523, 226, 603, 614, 526, 680, 660]","[-5, 5, -4, 5, 5, 3, 0, -3, 4, 5, 0, 5, -1, 5, 5, 2, 5, 5]","[-2, 0, -3, -2, -2, -5, -5, -5, -4, -2, -5, -2, -5, -2, 0, -5, -2, -2]",41.600004,24.2,41386.0,"[24806.0, 24293.0, 23781.0, 23781.0, 23189.0, 22357.0, 22149.0, 21701.0, 22117.0, 21845.0, 21189.0, 20901.0, 21093.0, 20933.0, 21173.0, 20885.0, 20965.0, 21461.0, 21685.0, 21941.0]",[]
20,6,False,1272,576,-9,1,[],[],[],[],"[1091, 657, 1054, 324, 387]","[1091, 657, 1054, 324, 387]","[361, 574, -19, 425, 3]","[63, 109, -23, -19, 72]","[92, 953, 58, 856, 1168, 319, 679, 684, 828, 885, 652, 962, 478, 1203, 447, 961, 1076, 597, 1111, 330, 557]","[298, 113, 181, 179, 228, 142, 262, 365, 218, 483, 126, 563, 614, 426, 640, 620, 706, 617, 593, 688, 808]","[-5, 5, -4, 5, 5, -1, 4, 5, 0, 5, -1, 5, 5, 2, 5, 5, 4, 5, 0, 5, 5]","[-2, 1, -3, -2, -2, -5, -4, -2, -5, -2, -5, -2, 0, -5, -2, -2, -4, -1, -5, 0, 0]",41.600004,24.2,41162.0,"[21909.0, 21797.0, 21989.0, 21909.0, 22997.0, 23189.0, 22949.0, 23765.0, 23301.0, 24085.0, 24085.0, 24437.0, 24614.0, 25574.0, 27846.0, 29607.0, 32984.0, 36424.0, 40905.0, 44106.0]",[]
21,6,False,1245,576,9,3,[1195],[654],[-4],[3],"[1212, 877, 1031, 504, 397]","[1212, 877, 1031, 504, 397]","[296, 586, -62, 511, 79]","[72, 136, 4, 11, 69]","[1053, 956, 1268, 322, 759, 784, 828, 985, 646, 1062, 578, 1243, 547, 1061, 1156, 697, 1130, 430, 657]","[133, 139, 188, 42, 198, 325, 118, 443, 26, 523, 614, 326, 600, 580, 626, 597, 493, 688, 808]","[5, 5, 5, 1, 4, 5, 0, 5, 0, 5, 5, 2, 5, 5, 4, 5, 1, 5, 5]","[1, -2, -2, -5, -3, -2, -5, -2, -5, -2, 0, -5, -2, -2, -4, -1, -5, 0, 0]",41.600004,24.2,41178.0,"[25958.0, 26134.0, 25766.0, 25878.0, 25734.0, 25686.0, 25782.0, 25366.0, 25430.0, 24998.0, 24918.0, 24598.0, 24469.0, 23589.0, 22933.0, 23317.0, 22213.0, 21989.0, 22229.0, 21685.0]",[]
22,6,False,1413,576,5,8,[],[],[],[],"[1304, 985, 704, 434]","[1304, 985, 704, 434]","[205, -123, 516, 131]","[48, 32, 40, 49]","[1153, 1056, 1368, 839, 884, 836, 1085, 1162, 678, 1295, 647, 1161, 1236, 797, 1150, 530, 757, 1310, 1060, 1104, 700, 513]","[158, 100, 157, 138, 285, 18, 403, 483, 614, 226, 567, 540, 546, 577, 393, 688, 808, 771, 677, 674, 630, 806]","[5, 5, 5, 4, 5, 1, 5, 5, 5, 3, 5, 5, 4, 5, 1, 5, 5, 0, 2, 5, 5, 5]","[2, -1, -1, -3, -2, -5, -2, -2, 0, -5, -1, -2, -4, -1, -5, 0, 0, -5, -5, 2, -2, -1]",41.600004,24.2,41434.0,"[24758.0, 24565.0, 25670.0, 26310.0, 28518.0, 30823.0, 33624.0, 37545.0, 41386.0, 45243.0, 48107.0, 50460.0, 51964.0, 51916.0, 51788.0, 50396.0, 50076.0, 48043.0, 46619.0, 44122.0]",[]
23,6,False,1418,576,-1,9,[],[],[],[],"[1350, 913, 898, 485]","[1350, 913, 898, 485]","[72, -195, 475, 174]","[17, 44, 54, 1]","[1253, 1156, 1468, 921, 984, 1185, 1262, 778, 1355, 747, 1261, 1316, 897, 1170, 630, 857, 1310, 1100, 1204, 800, 613]","[198, 80, 137, 78, 256, 363, 443, 614, 143, 547, 500, 466, 557, 293, 688, 808, 671, 577, 714, 590, 786]","[5, 5, 5, 5, 5, 5, 5, 5, 3, 5, 5, 4, 5, 1, 5, 5, 0, 2, 5, 5, 5]","[2, -1, -1, -3, -1, -2, -2, 0, -4, -1, -2, -4, -1, -5, 0, 0, -5, -5, 2, -2, -1]",41.600004,24.2,41178.0,"[42458.0, 40265.0, 38201.0, 36184.0, 34600.0, 32519.0, 31367.0, 29863.0, 28727.0, 27574.0, 26806.0, 26678.0, 26198.0, 26070.0, 25878.0, 25702.0, 25750.0, 26070.0, 25030.0, 24966.0]",[]
24,5,False,1292,576,-9,0,[],[],[],[],"[1337, 816, 1058, 555]","[1337, 816, 1058, 555]","[-79, -236, 389, 203]","[-23, 35, 31, -49]","[1353, 1256, 1021, 1084, 1285, 1362, 878, 1416, 847, 1361, 1396, 997, 1190, 730, 957, 1140, 1304, 900, 713]","[238, 60, 20, 236, 323, 403, 614, 63, 527, 460, 386, 537, 193, 688, 808, 477, 754, 550, 766]","[5, 5, 5, 5, 5, 5, 5, 4, 5, 5, 4, 5, 1, 5, 5, 2, 5, 5, 5]","[2, -1, -2, -1, -2, -2, 0, -4, -1, -2, -4, -1, -5, 0, 0, -5, 2, -2, -1]",41.600004,24.2,41146.0,"[24742.0, 24197.0, 24565.0, 23957.0, 23445.0, 22597.0, 22421.0, 22245.0, 21701.0, 22021.0, 21109.0, 21525.0, 20965.0, 21445.0, 21541.0, 21989.0, 21557.0, 21301.0, 21429.0, 22053.0]",[]
25,5,False,1165,464,-2,-9,[],[],[],[],"[1268, 703, 1185, 619, 944]","[1268, 703, 1185, 619, 944]","[-211, -273, 293, 189, -48]","[-57, 43, 40, -96, -20]","[1453, 1356, 1184, 1385, 1462, 978, 947, 1461, 1476, 1097, 1215, 830, 1057, 1189, 1404, 1000, 813, 1297, 951, 1202, 701, 1097]","[289, 42, 216, 283, 363, 614, 507, 420, 306, 517, 93, 688, 808, 377, 774, 510, 746, 859, 705, 700, 755, 710]","[5, 5, 5, 5, 5, 5, 5, 5, 4, 5, 2, 5, 5, 3, 5, 5, 5, -5, 5, 5, 5, 5]","[3, 0, -1, -2, -2, 0, -1, -2, -4, -1, -5, 0, 0, -5, 1, -2, -1, 3, 2, 2, -2, 2]",41.7,24.300002,41386.0,"[25750.0, 25430.0, 25398.0, 25110.0, 24069.0, 23829.0, 23669.0, 22677.0, 22565.0, 22693.0, 22085.0, 22053.0, 22245.0, 21541.0, 21525.0, 21381.0, 21573.0, 21829.0, 22197.0, 21429.0]",[]
26,3,False,1033,344,-9,-3,[],[],[],[],"[1147, 583, 1266, 679, 905]","[1147, 583, 1266, 679, 905]","[-327, -280, 169, 176, -99]","[-79, 34, 4, -111, -29]","[1536, 1456, 1284, 1485, 1078, 1047, 930, 1157, 1504, 1100, 913, 1051, 1302, 801, 1197]","[349, 42, 196, 243, 614, 487, 688, 808, 794, 470, 726, 745, 722, 715, 748]","[4, 5, 5, 5, 5, 5, 5, 5, 5, 5, 5, 5, 5, 5, 5]","[3, 0, -1, -2, 0, -1, 0, 0, 1, -2, -1, 2, 1, -2, 1]",41.7,24.300002,41146.0,"[21429.0, 21957.0, 21445.0, 22277.0, 21973.0, 22533.0, 23221.0, 23381.0, 23269.0, 23317.0, 23573.0, 24565.0, 24389.0, 25094.0, 25510.0, 26294.0, 27878.0, 30055.0, 33272.0, 36648.0]",[]
27,3,False,872,409,-6,7,[],[],[],[],"[993, 463, 1304, 739, 847]","[993, 463, 1304, 739, 847]","[-393, -252, 77, 190, -128]","[-85, 64, 22, -85, -13]","[1384, 1178, 1147, 1030, 1257, 1200, 1013, 1151, 1402, 901, 1297, 1087, 597, 1277, 767, 896]","[176, 614, 467, 688, 808, 430, 706, 785, 742, 675, 768, 660, 620, 628, 628, 577]","[5, 5, 5, 5, 5, 5, 5, 5, 5, 5, 5, -2, 4, -5, 1, -2]","[-1, 0, -1, 0, 0, -2, -1, 2, 1, -2, 1, -5, -4, -2, -5, -5]",41.7,24.300002,41290.0,"[28630.0, 27862.0, 27334.0, 26726.0, 26390.0, 26086.0, 26310.0, 26118.0, 26326.0, 26902.0, 25990.0, 26022.0, 26038.0, 25014.0, 24582.0, 24565.0, 24293.0, 23941.0, 23429.0, 23397.0]",[]
28,1,False,748,438,-3,-9,[],[],[],[],"[814, 369, 1304, 800]","[814, 369, 1304, 800]","[-423, -173, -18, 190]","[-86, 79, 61, -39]","[1484, 1278, 1247, 1130, 1357, 1300, 1113, 1251, 1502, 1001, 1397, 1045, 677, 1177]","[156, 614, 447, 688, 807, 390, 686, 825, 762, 635, 788, 560, 540, 588]","[5, 5, 5, 5, 5, 5, 5, 5, 5, 5, 5, -3, 4, -5]","[-1, 0, -1, 0, -1, -2, -1, 2, 1, -2, 1, -5, -4, -2]",41.7,24.300002,41450.0,"[24565.0, 24614.0, 25558.0, 27398.0, 28967.0, 32183.0, 35528.0, 39849.0, 42314.0, 45787.0, 47947.0, 49532.0, 50380.0, 50908.0, 49900.0, 48235.0, 47403.0, 45259.0, 43098.0, 41498.0]",[]
29,1,False,679,263,-5,-8,[],[],[],[],"[636, 311, 1267, 860]","[636, 311, 1267, 860]","[-394, -74, -113, 177]","[-74, 97, 83, -12]","[1378, 1347, 1230, 1457, 1400, 1213, 1351, 1101, 1497, 985, 757, 1077]","[614, 427, 688, 787, 350, 666, 845, 595, 808, 460, 460, 548]","[5, 5, 5, 5, 5, 5, 5, 5, 5, -3, 4, -5]","[0, -1, 0, -1, -2, -1, 1, -2, 1, -5, -4, -2]",41.7,24.300002,41258.0,"[40201.0, 37401.0, 35416.0, 34056.0, 32103.0, 30599.0, 28470.0, 28166.0, 26934.0, 26758.0, 26566.0, 25686.0, 26438.0, 25782.0, 26006.0, 26678.0, 25894.0, 26294.0, 26070.0, 25686.0]",[]
30,1,False,596,302,0,9,[],[],[],[],"[482, 299, 1195, 919, 936]","[482, 299, 1195, 919, 936]","[-320, 50, -195, 152, -8]","[-20, 130, 85, 30, 8]","[1478, 1447, 1330, 1500, 1313, 1451, 1201, 925, 837, 977, 709, 437, 1252, 839, 988]","[603, 390, 688, 305, 646, 858, 545, 360, 380, 508, 517, 635, 604, 532, 659]","[5, 5, 5, 5, 5, 5, 5, -3, 4, -5, 2, 4, -3, -3, -1]","[-1, -2, 0, -3, -1, 0, -3, -5, -4, -2, -5, -4, -4, -4, -5]",41.7,24.300002,41434.0,"[23221.0, 23589.0, 24117.0, 23893.0, 24005.0, 24565.0, 24325.0, 24469.0, 24533.0, 24774.0, 25638.0, 26694.0, 28614.0, 31207.0, 34840.0, 39081.0, 42682.0, 46795.0, 49884.0, 51884.0]",[]
31,1,False,587,482,-1,9,[],[],[],[],"[367, 332, 1095, 959, 916]","[367, 332, 1095, 959, 916]","[-214, 145, -252, 131, -38]","[12, 144, 107, 72, 27]","[1430, 1413, 1293, 865, 908, 877, 749, 517, 1192, 779, 968]","[688, 626, 485, 271, 300, 468, 417, 555, 524, 452, 559]","[5, 5, 4, -3, 3, -5, 2, 4, -3, -3, -1]","[0, -1, -3, -4, -4, -2, -5, -4, -4, -4, -5]",41.8,24.2,41450.0,"[25574.0, 25462.0, 24742.0, 24469.0, 24341.0, 23637.0, 22501.0, 22277.0, 21893.0, 21397.0, 21445.0, 21701.0, 21413.0, 21173.0, 21413.0, 21061.0, 20757.0, 20917.0, 21333.0, 21845.0]",[]
32,0,False,542,377,-5,-8,[],[],[],[],"[291, 397, 968, 990, 889]","[291, 397, 968, 990, 889]","[-128, 228, -334, 67, -76]","[42, 130, 113, 95, 25]","[1530, 1513, 1373, 805, 968, 777, 775, 1124, 719, 948, 412, 432, 1024, 980, 944]","[688, 601, 425, 191, 220, 428, 317, 444, 372, 459, 597, 765, 724, 647, 706]","[5, 5, 4, -3, 3, -5, 1, -4, -3, -1, 5, 2, -5, -5, -1]","[0, -2, -3, -4, -4, -2, -5, -4, -4, -5, -2, -5, -2, 0, -5]",41.8,24.2,41162.0,"[48715.0, 50460.0, 51164.0, 51484.0, 51036.0, 49852.0, 48907.0, 46827.0, 45739.0, 43738.0, 41338.0, 39689.0, 37801.0, 36376.0, 33816.0, 32359.0, 30327.0, 28935.0, 27910.0, 27046.0]",[]
33,0,False,393,392,-6,7,[439],[445],[-3],[4],"[240, 491, 816, 992, 834]","[240, 491, 816, 992, 834]","[-68, 277, -371, -2, -146]","[22, 83, 80, 81, 2]","[1453, 745, 1028, 677, 795, 1044, 659, 928, 512, 472, 924, 880, 920]","[362, 111, 140, 388, 217, 364, 292, 359, 557, 665, 684, 647, 606]","[4, -3, 3, -5, 1, -4, -3, -1, 5, 2, -5, -5, -2]","[-4, -4, -4, -2, -5, -4, -4, -5, -2, -5, -2, 0, -5]",41.8,24.2,41498.0,"[21045.0, 21301.0, 21653.0, 21541.0, 21013.0, 21573.0, 21541.0, 20965.0, 21765.0, 21461.0, 21701.0, 22069.0, 22421.0, 22293.0, 22629.0, 22917.0, 23813.0, 23381.0, 24357.0, 23717.0]",[]
34,0,False,410,447,9,0,[379],[525],[-3],[4],"[218, 603, 655, 962, 755]","[218, 603, 655, 962, 755]","[3, 309, -401, -88, -178]","[17, 46, 43, 54, -46]","[1528, 676, 1088, 577, 815, 964, 596, 908, 612, 512, 824, 780, 880]","[282, 31, 60, 348, 117, 284, 212, 259, 517, 565, 644, 647, 506]","[3, -4, 3, -5, 1, -4, -4, -1, 5, 2, -5, -5, -2]","[-4, -4, -4, -2, -5, -4, -4, -5, -2, -5, -2, 0, -5]",41.8,24.2,41594.0,"[24517.0, 24549.0, 25318.0, 26422.0, 29063.0, 31175.0, 34664.0, 38921.0, 42810.0, 45867.0, 49003.0, 50444.0, 52460.0, 51676.0, 51164.0, 49964.0, 48651.0, 47787.0, 44858.0, 43082.0]",[]
35,-1,False,563,456,0,0,[318],[605],[-4],[4],"[224, 714, 475, 904, 675]","[224, 714, 475, 904, 675]","[71, 291, -417, -138, -182]","[28, -2, 29, 34, -95]","[477, 835, 884, 516, 883, 712, 724, 680, 840, 357, 569, 624, 907, 713]","[308, 17, 204, 132, 159, 477, 604, 647, 406, 595, 752, 712, 697, 649]","[-5, 1, -4, -4, -2, 5, -5, -5, -2, 5, -4, -3, -5, -4]","[-2, -5, -4, -4, -5, -2, -2, 0, -5, -1, -4, -4, 0, -4]",41.8,24.2,41498.0,"[24838.0, 24582.0, 24389.0, 24197.0, 23045.0, 23301.0, 22949.0, 22549.0, 22597.0, 21973.0, 22181.0, 21445.0, 22005.0, 22245.0, 21813.0, 21957.0, 21653.0, 22309.0, 22533.0, 22181.0]",[]
36,-1,False,661,441,9,-4,[],[],[],[],"[814, 306, 826, 595]","[814, 306, 826, 595]","[256, -364, -201, -196]","[-30, -12, 23, -109]","[377, 804, 436, 843, 812, 624, 580, 800, 457, 489, 564, 807, 633]","[268, 144, 52, 59, 437, 564, 647, 306, 575, 672, 630, 697, 569]","[-5, -4, -4, -2, 5, -5, -5, -2, 5, -4, -3, -5, -4]","[-2, -3, -4, -5, -2, -2, 0, -5, -1, -4, -5, 0, -4]",41.8,24.2,41130.0,"[49804.0, 50492.0, 50012.0, 49308.0, 48315.0, 46555.0, 44890.0, 43626.0, 42058.0, 39753.0, 38041.0, 35544.0, 34056.0, 32007.0, 30407.0, 29095.0, 28630.0, 27190.0, 27110.0, 26310.0]",[]
37,-2,False,813,390,0,0,[],[],[],[],"[897, 164, 726, 515, 398]","[897, 164, 726, 515, 398]","[235, -276, -212, -152, 47]","[-61, -11, 44, -88, -13]","[277, 724, 524, 480, 760, 557, 410, 507, 707, 565, 903, 310, 759, 639, 496]","[228, 84, 524, 647, 206, 555, 592, 530, 697, 489, 734, 760, 692, 584, 714]","[-5, -4, -5, -5, -2, 5, -3, -2, -5, -3, 0, 5, -5, 4, 5]","[-2, -3, -2, 0, -5, -1, -4, -5, 0, -4, -5, -1, 0, -4, -3]",41.9,24.2,41498.0,"[23749.0, 24037.0, 24165.0, 24774.0, 24918.0, 24357.0, 24565.0, 24806.0, 24630.0, 24854.0, 25670.0, 25542.0, 26502.0, 27430.0, 28999.0, 31895.0, 34888.0, 39081.0, 42186.0, 46619.0]",[]
38,-3,False,778,430,-8,5,[],[],[],[],"[977, 73, 635, 457, 425]","[977, 73, 635, 457, 425]","[217, -137, -177, -84, 140]","[-37, -1, 54, -27, -8]","[177, 644, 424, 380, 707, 657, 350, 467, 607, 505, 903, 410, 659, 596]","[188, 24, 484, 645, 106, 535, 512, 430, 697, 406, 634, 740, 673, 654]","[-5, -4, -5, -5, -3, 5, -3, -2, -5, -3, 0, 5, -5, 5]","[-2, -3, -2, -1, -5, -1, -4, -5, 0, -5, -5, -1, -1, -3]",41.9,24.2,41402.0,"[26790.0, 26246.0, 25862.0, 25558.0, 25670.0, 25398.0, 25542.0, 25046.0, 25526.0, 25222.0, 24806.0, 23829.0, 23893.0, 23685.0, 22805.0, 22629.0, 22373.0, 21317.0, 21205.0, 21621.0]",[]
39,-5,False,660,519,0,0,[724],[553],[-4],[3],"[1057, 35, 563, 428, 489]","[1057, 35, 563, 428, 489]","[204, -14, -134, -7, 218]","[-17, 38, 63, 12, 26]","[77, 324, 280, 647, 290, 427, 507, 460, 903, 510, 559]","[148, 444, 625, 6, 432, 330, 697, 306, 534, 720, 653]","[-5, -5, -5, -3, -3, -2, -5, -2, 0, 5, -5]","[-2, -2, -1, -5, -4, -5, 0, -5, -5, -1, -1]",41.9,24.2,41514.0,"[21061.0, 20869.0, 21461.0, 21077.0, 20869.0, 21509.0, 21589.0, 21253.0, 21381.0, 21845.0, 22277.0, 22437.0, 22549.0, 23205.0, 22613.0, 23045.0, 23637.0, 23685.0, 23621.0, 23717.0]",[]
40,-5,False,592,374,3,-9,[],[],[],[],"[1117, 51, 514, 430]","[1117, 51, 514, 430]","[141, 144, -70, 55]","[-3, 62, 77, 67]","[224, 180, 230, 387, 407, 420, 903, 610, 459, 998, 155, 667, 453, 572]","[404, 605, 340, 230, 697, 206, 434, 700, 633, 735, 667, 643, 722, 602]","[-5, -5, -3, -2, -5, -2, 0, 5, -5, -5, 4, 3, -1, 2]","[-2, -1, -5, -5, 0, -5, -5, -1, -1, 1, -4, -5, 5, -5]",41.9,24.2,41242.0,"[46923.0, 45163.0, 42570.0, 41146.0, 38793.0, 37353.0, 35256.0, 33256.0, 31559.0, 29655.0, 28855.0, 27430.0, 26630.0, 25798.0, 25862.0, 25862.0, 25094.0, 25254.0, 24742.0, 25062.0]",[]
41,-5,False,697,223,7,-6,[],[],[],[],"[1149, 128, 487, 458]","[1149, 128, 487, 458]","[80, 290, -25, 145]","[16, 83, 92, 98]","[124, 80, 185, 363, 307, 388, 903, 710, 359, 898, 235, 727, 433, 612]","[360, 580, 240, 130, 697, 106, 334, 670, 599, 747, 587, 543, 822, 502]","[-5, -5, -2, -1, -5, -1, 0, 5, -5, -5, 4, 3, -1, 2]","[-3, -2, -5, -5, 0, -5, -5, -2, -2, 0, -4, -5, 5, -5]",41.9,24.2,41242.0,"[20837.0, 20517.0, 21461.0, 21157.0, 21909.0, 21797.0, 22085.0, 22661.0, 22677.0, 22933.0, 23621.0, 23461.0, 23237.0, 23781.0, 24453.0, 24646.0, 24485.0, 26070.0, 26550.0, 29015.0]",[]
42,-5,False,795,223,9,3,[],[],[],[],"[1159, 260, 480, 517, 950]","[1159, 260, 480, 517, 950]","[-5, 384, 13, 197, -29]","[28, 64, 79, 124, -23]","[24, 148, 345, 207, 383, 903, 810, 259, 798, 315, 787, 652, 1155, 279, 537, 558, 977]","[300, 140, 30, 683, 6, 234, 630, 553, 747, 507, 443, 402, 683, 753, 724, 623, 744]","[-5, -1, 0, -5, 0, 0, 5, -5, -5, 4, 3, 2, -5, 4, 2, 2, -3]","[-3, -5, -5, -1, -5, -5, -2, -3, 0, -4, -5, -5, -2, -3, -5, -5, -5]",41.9,24.2,41242.0,"[32487.0, 31399.0, 29639.0, 28214.0, 27206.0, 26502.0, 26294.0, 25958.0, 26246.0, 25766.0, 25766.0, 25734.0, 25622.0, 25030.0, 25174.0, 24742.0, 24790.0, 24021.0, 23141.0, 22933.0]",[]
43,-7,False,877,313,9,3,[],[],[],[],"[1123, 416, 480, 592, 916]","[1123, 416, 480, 592, 916]","[-112, 436, 17, 204, -98]","[15, 21, 43, 115, -62]","[131, 107, 910, 179, 698, 395, 692, 1055, 359, 577, 598, 917]","[40, 663, 590, 490, 747, 427, 302, 643, 693, 624, 523, 644]","[0, -5, 5, -4, -5, 4, 2, -5, 4, 2, 2, -3]","[-5, -1, -2, -4, 0, -4, -5, -2, -3, -5, -5, -5]",42.2,24.300002,41498.0,"[25174.0, 25334.0, 26006.0, 26342.0, 27414.0, 29095.0, 32311.0, 35784.0, 38761.0, 42490.0, 46203.0, 48283.0, 50396.0, 51564.0, 51436.0, 50988.0, 50444.0, 48395.0, 46795.0, 44826.0]",[]
44,-7,False,1014,396,-2,9,[],[],[],[],"[1050, 588, 480, 655, 856]","[1050, 588, 480, 655, 856]","[-201, 471, 49, 183, -153]","[1, -18, 9, 100, -90]","[7, 1010, 115, 598, 475, 734, 955, 439, 617, 638, 860]","[643, 550, 406, 747, 356, 202, 599, 633, 524, 423, 544]","[-5, 5, -2, -5, 4, 3, -5, 4, 2, 2, -2]","[-1, -2, -5, 0, -3, -5, -3, -3, -5, -5, -5]",42.2,24.300002,41226.0,"[25750.0, 24902.0, 24565.0, 24533.0, 24005.0, 23685.0, 23125.0, 22949.0, 22725.0, 22709.0, 22661.0, 22869.0, 22805.0, 22693.0, 22821.0, 22853.0, 22213.0, 22533.0, 22821.0, 22869.0]",[]
45,-8,False,1030,446,5,-8,[1032],[550],[-1],[5],"[948, 764, 493, 715, 776]","[948, 764, 493, 715, 776]","[-255, 445, 58, 166, -193]","[-34, -76, -32, 62, -101]","[91, 498, 555, 794, 855, 519, 657, 683, 820, 1061, 713, 581, 785, 1000]","[306, 729, 296, 113, 539, 573, 424, 323, 444, 589, 721, 718, 691, 693]","[0, -5, 4, 3, -5, 4, 2, 3, -2, -1, 4, 3, 4, 5]","[-5, -1, -3, -4, -3, -3, -5, -5, -5, -5, -3, -4, -4, -1]",42.2,24.300002,41194.0,"[23077.0, 23381.0, 24069.0, 24101.0, 23861.0, 24309.0, 24854.0, 24710.0, 24565.0, 25158.0, 24662.0, 25014.0, 26022.0, 26550.0, 26726.0, 28807.0, 30343.0, 33672.0, 37465.0, 41066.0]",[]
46,-8,False,1138,307,0,0,[1012],[650],[-1],[5],"[823, 924, 513, 774, 685]","[823, 924, 513, 774, 685]","[-317, 408, 69, 147, -211]","[-41, -109, -65, 27, -103]","[112, 398, 635, 857, 755, 599, 710, 743, 780, 1041, 793, 641, 865, 1100]","[206, 701, 236, 33, 479, 513, 324, 224, 344, 489, 661, 638, 611, 654]","[3, -5, 4, 4, -5, 4, 3, 3, -2, -1, 4, 3, 4, 5]","[-5, -2, -3, -4, -3, -3, -5, -4, -5, -5, -3, -4, -4, -2]",42.2,24.300002,41274.0,"[27462.0, 26406.0, 26726.0, 26006.0, 26022.0, 25990.0, 26582.0, 26390.0, 26374.0, 26534.0, 26054.0, 25894.0, 25510.0, 24758.0, 24982.0, 24165.0, 23797.0, 23941.0, 23525.0, 23525.0]",[]
47,-8,False,1246,358,6,7,[],[],[],[],"[682, 539, 814, 589, 1271]","[682, 539, 814, 589, 1271]","[-350, 115, 110, -187, -44]","[-5, -80, 14, -87, -3]","[184, 306, 715, 663, 679, 770, 803, 740, 1021, 873, 701, 945, 1200, 834, 623, 846, 696, 1334]","[133, 650, 176, 419, 453, 230, 144, 244, 389, 601, 558, 531, 614, 611, 726, 739, 572, 788]","[4, -4, 4, -4, 4, 3, 3, -2, -1, 4, 3, 4, 5, 5, 5, 1, 2, 1]","[-3, -3, -3, -3, -3, -4, -4, -5, -5, -3, -4, -4, -2, -3, -2, -5, -5, -5]",42.2,24.300002,41498.0,"[24966.0, 25526.0, 25414.0, 26006.0, 25798.0, 26358.0, 27270.0, 28326.0, 30215.0, 32279.0, 36008.0, 39913.0, 42954.0, 46843.0, 49980.0, 52908.0, 53965.0, 54525.0, 53965.0, 52924.0]",[]
48,-8,False,1315,408,-3,-9,[],[],[],[],"[539, 587, 849, 513, 1226]","[539, 587, 849, 513, 1226]","[-309, 162, 96, -134, -119]","[45, -60, 16, -44, -8]","[284, 246, 799, 583, 759, 830, 863, 707, 1001, 953, 764, 1025, 1300, 934, 723, 872, 753, 1354]","[94, 563, 116, 359, 393, 150, 64, 144, 289, 541, 478, 451, 570, 551, 686, 639, 472, 688]","[5, -2, 5, -4, 4, 3, 3, -1, -1, 4, 4, 4, 5, 5, 5, 2, 3, 1]","[-1, -5, -3, -3, -3, -4, -4, -5, -5, -3, -4, -4, -3, -3, -2, -5, -5, -5]",42.2,24.300002,41386.0,"[25750.0, 25606.0, 25830.0, 25446.0, 25542.0, 24998.0, 24389.0, 24373.0, 23829.0, 23477.0, 22965.0, 22277.0, 22213.0, 22037.0, 21477.0, 21797.0, 21029.0, 21557.0, 21605.0, 21397.0]",[]
49,-8,False,1237,435,-8,5,[],[],[],[],"[419, 647, 881, 460, 1151]","[419, 647, 881, 460, 1151]","[-241, 194, 97, -80, -202]","[77, -28, 16, 2, -2]","[384, 245, 899, 503, 839, 890, 687, 991, 1033, 844, 1105, 1397, 1034, 823, 912, 813, 1374]","[78, 463, 56, 299, 333, 70, 44, 189, 481, 398, 371, 510, 491, 646, 539, 374, 588]","[5, 1, 5, -4, 4, 3, -1, 0, 4, 4, 4, 4, 5, 5, 2, 3, 1]","[0, -5, -3, -3, -3, -4, -5, -5, -3, -4, -4, -3, -3, -2, -5, -4, -5]",42.2,24.300002,41530.0,"[49852.0, 51852.0, 52780.0, 53084.0, 51596.0, 50668.0, 49180.0, 48011.0, 45707.0, 43674.0, 42154.0, 40217.0, 38201.0, 36696.0, 34584.0, 32183.0, 31095.0, 30039.0, 28454.0, 26950.0]",[]
