,HP,Power up,Player x,Player y,Player speed_x,Player speed_y,Player bullet x,Player bullet y,Player bullet speed_x,Player bullet speed_y,Enemy x,Enemy y,Enemy speed_x,Enemy speed_y,Enemy bullet x,Enemy bullet y,Enemy bullet speed_x,Enemy bullet speed_y,Humidity,Temperature,Skin conductance,Relative blood volume,Accelerations
0,10,False,915,47,0,0,[],[],[],[],"[562, 1297, 721, 674, 1001]","[562, 1297, 721, 674, 1001]","[271, 269, -89, 111, -112]","[130, 52, 23, 10, 15]",[],[],[],[],41.3,24.2,41306.0,"[29847.0, 29959.0, 30007.0, 30487.0, 30551.0, 31335.0, 30759.0, 31287.0, 31319.0, 31559.0, 32856.0, 33208.0, 35000.0, 38217.0, 41162.0, 44842.0, 48347.0, 51580.0, 53004.0, 55213.0]",[]
1,10,False,915,47,0,0,[],[],[],[],"[668, 1370, 681, 714, 941]","[668, 1370, 681, 714, 941]","[315, 148, -68, 117, -145]","[154, 62, 39, 47, 17]",[],[],[],[],41.3,24.2,41162.0,"[54621.0, 54157.0, 52588.0, 51436.0, 48971.0, 47707.0, 44554.0, 42906.0, 40681.0, 39145.0, 37273.0, 35256.0, 33480.0, 31639.0, 31479.0, 30823.0, 29767.0, 30055.0, 30055.0, 30647.0]",[]
2,10,False,893,108,-2,9,[],[],[],[],"[788, 1389, 647, 754, 869]","[788, 1389, 647, 754, 869]","[314, 8, -50, 120, -185]","[127, 54, 42, 34, 2]","[800, 1406, 728, 782, 946]","[732, 682, 699, 623, 765]","[2, -3, 2, 0, 0]","[-5, -4, -5, -5, -5]",41.3,24.1,41194.0,"[30375.0, 31271.0, 31719.0, 30871.0, 31559.0, 31287.0, 31751.0, 31367.0, 32103.0, 31831.0, 31943.0, 32808.0, 33976.0, 34616.0, 36969.0, 39737.0, 42810.0, 46731.0, 50364.0, 52060.0]",[]
3,10,False,861,261,3,-9,[908],[274],[-1],[5],"[898, 1349, 607, 791, 774]","[898, 1349, 607, 791, 774]","[276, -133, -60, 91, -235]","[82, 37, 14, 31, -27]","[840, 1346, 768, 782, 946]","[632, 602, 599, 523, 665]","[2, -3, 2, 0, 0]","[-5, -4, -5, -5, -5]",41.3,24.1,41258.0,"[30631.0, 30343.0, 30615.0, 31783.0, 32183.0, 31543.0, 32215.0, 31319.0, 31495.0, 30599.0, 30551.0, 29783.0, 28903.0, 28695.0, 28839.0, 28166.0, 28422.0, 28374.0, 28695.0, 28518.0]",[]
4,10,False,927,90,4,-8,[888],[374],[-1],[5],"[990, 1257, 579, 806, 674]","[990, 1257, 579, 806, 674]","[223, -270, -47, 43, -246]","[36, 16, 2, 18, -72]","[880, 1286, 808, 782, 946]","[532, 522, 499, 423, 565]","[2, -3, 2, 0, 0]","[-5, -4, -5, -5, -5]",41.3,24.1,41274.0,"[28358.0, 27974.0, 28326.0, 28230.0, 28807.0, 29703.0, 29399.0, 29895.0, 30615.0, 29959.0, 30807.0, 30663.0, 30855.0, 31079.0, 31767.0, 31367.0, 32199.0, 32776.0, 33240.0, 34072.0]",[]
5,10,False,1055,36,9,0,[868],[474],[-1],[5],"[1057, 1113, 559, 806, 574]","[1057, 1113, 559, 806, 574]","[146, -390, -23, 8, -247]","[-21, -1, -1, 8, -93]","[920, 1226, 848, 782, 946, 1014, 1268, 654, 850, 753]","[432, 442, 399, 323, 465, 721, 619, 635, 574, 667]","[2, -3, 2, 0, 0, -1, -1, 2, 0, 2]","[-5, -4, -5, -5, -5, -5, -5, -5, -5, -5]",41.3,24.1,41626.0,"[32519.0, 30679.0, 30551.0, 29959.0, 30023.0, 29911.0, 30487.0, 30903.0, 31303.0, 31639.0, 32023.0, 32279.0, 32311.0, 31767.0, 31575.0, 30887.0, 30263.0, 29719.0, 29191.0, 29319.0]",[]
6,10,False,1174,92,8,5,[],[],[],[],"[1083, 930, 539, 474]","[1083, 930, 539, 474]","[43, -460, -11, -222]","[-78, -24, -16, -113]","[960, 1166, 888, 782, 946, 994, 1248, 696, 850, 793]","[332, 362, 299, 223, 365, 621, 519, 535, 474, 567]","[2, -3, 2, 0, 0, -1, -1, 3, 0, 2]","[-5, -4, -5, -5, -5, -5, -5, -5, -5, -5]",41.3,24.1,41306.0,"[31895.0, 31415.0, 31799.0, 32567.0, 32311.0, 33112.0, 34696.0, 37129.0, 40697.0, 43738.0, 48251.0, 50716.0, 53485.0, 55581.0, 56429.0, 55725.0, 54989.0, 53261.0, 51596.0, 49292.0]",[]
7,10,False,1312,166,0,0,[],[],[],[],"[1073, 730, 533, 385, 1084]","[1073, 730, 533, 385, 1084]","[-34, -493, 42, -151, -28]","[-95, -51, -24, -120, -5]","[1000, 1106, 928, 793, 946, 974, 1228, 756, 850, 833, 1129, 899, 625, 519, 1151]","[232, 282, 199, 123, 265, 521, 419, 435, 374, 467, 709, 655, 695, 614, 660]","[2, -3, 2, 1, 0, -1, -1, 3, 0, 2, 1, 4, 5, 5, 1]","[-5, -4, -5, -5, -5, -5, -5, -5, -5, -5, -5, -3, -2, -3, -5]",41.3,24.1,41162.0,"[46699.0, 44570.0, 42602.0, 40137.0, 38553.0, 35864.0, 34104.0, 32343.0, 31671.0, 30823.0, 30359.0, 29463.0, 30295.0, 30103.0, 31031.0, 30679.0, 30967.0, 31655.0, 31223.0, 31015.0]",[]
8,10,False,1278,331,-6,7,[1325],[381],[-4],[4],"[1036, 530, 558, 336, 1049]","[1036, 530, 558, 336, 1049]","[-90, -463, 102, -47, -83]","[-57, -38, 13, -77, -4]","[1040, 1046, 968, 813, 946, 954, 1208, 816, 850, 873, 1149, 979, 725, 619, 1171]","[132, 191, 99, 23, 165, 421, 319, 335, 274, 367, 609, 595, 655, 554, 560]","[2, -3, 2, 1, 0, -1, -1, 3, 0, 2, 1, 4, 5, 5, 1]","[-5, -5, -5, -5, -5, -5, -5, -5, -5, -5, -5, -3, -2, -3, -5]",41.3,24.1,41738.0,"[30791.0, 30679.0, 29815.0, 29607.0, 29095.0, 28390.0, 27862.0, 27670.0, 27606.0, 27318.0, 27558.0, 27286.0, 26886.0, 27062.0, 26934.0, 27334.0, 27734.0, 27974.0, 27974.0, 28598.0]",[]
9,10,False,1133,353,-8,-5,[1245],[461],[-4],[4],"[978, 349, 598, 327, 996]","[978, 349, 598, 327, 996]","[-151, -384, 146, 51, -121]","[-37, -7, 29, -41, 32]","[1096, 986, 951, 934, 1188, 876, 850, 913, 1169, 1059, 825, 719, 1191]","[32, 91, 65, 321, 219, 243, 174, 267, 509, 535, 615, 494, 460]","[3, -3, 1, -1, -1, 3, 0, 2, 1, 4, 5, 5, 1]","[-5, -5, -5, -5, -5, -4, -5, -5, -5, -3, -2, -3, -5]",41.4,24.2,41370.0,"[31287.0, 31431.0, 30503.0, 30215.0, 29127.0, 28550.0, 28743.0, 28198.0, 28374.0, 27574.0, 27958.0, 27334.0, 27846.0, 28118.0, 27430.0, 28118.0, 27862.0, 28214.0, 28935.0, 28711.0]",[]
10,10,False,956,354,-9,-1,[1165],[541],[-4],[4],"[898, 208, 656, 356, 924]","[898, 208, 656, 356, 924]","[-191, -282, 192, 144, -167]","[0, 35, 33, 5, 60]","[914, 1168, 936, 850, 953, 1189, 1139, 925, 819, 1211, 1096, 477, 741, 477, 1035]","[221, 119, 163, 74, 167, 409, 475, 575, 434, 360, 615, 621, 632, 605, 582]","[-1, -1, 3, 0, 2, 1, 4, 5, 5, 1, 4, 5, 5, 5, 0]","[-5, -5, -4, -5, -5, -5, -3, -2, -3, -5, -3, 0, -3, -1, -5]",41.4,24.2,41274.0,"[54429.0, 54333.0, 53661.0, 52876.0, 51260.0, 48411.0, 46379.0, 44234.0, 41946.0, 40121.0, 37865.0, 35768.0, 34632.0, 32551.0, 31879.0, 30855.0, 30487.0, 30263.0, 30295.0, 31367.0]",[]
11,9,False,789,276,-9,0,[1085],[621],[-4],[4],"[800, 111, 729, 425, 844]","[800, 111, 729, 425, 844]","[-209, -150, 226, 229, -186]","[58, 58, 51, 59, 84]","[894, 1147, 996, 993, 1209, 1219, 1025, 1231, 1176, 577, 839, 577, 1035]","[121, 19, 83, 67, 309, 415, 535, 260, 555, 621, 572, 585, 482]","[-1, -2, 3, 2, 1, 4, 5, 1, 4, 5, 4, 5, 0]","[-5, -5, -4, -5, -5, -3, -2, -5, -3, 0, -3, -1, -5]",41.4,24.2,41194.0,"[28198.0, 28646.0, 28262.0, 28679.0, 29079.0, 29591.0, 29319.0, 30055.0, 30439.0, 29735.0, 30199.0, 30599.0, 30183.0, 30535.0, 31063.0, 32279.0, 32968.0, 35736.0, 37913.0, 41226.0]",[]
12,9,False,695,379,0,0,[1005],[701],[-4],[4],"[700, 66, 809, 520, 756]","[700, 66, 809, 520, 756]","[-237, -35, 216, 275, -208]","[65, 86, 62, 84, 96]","[874, 1056, 1229, 1299, 1125, 1251, 1256, 677, 919, 677, 1029, 828, 160, 806, 549, 827]","[21, 3, 209, 355, 495, 160, 495, 621, 512, 565, 382, 636, 615, 656, 596, 681]","[-1, 3, 1, 4, 5, 1, 4, 5, 4, 5, -1, 4, 3, -1, 3, -2]","[-5, -4, -5, -3, -2, -5, -3, 0, -3, -1, -5, -4, -4, -5, -4, -5]",41.4,24.2,41258.0,"[29655.0, 30231.0, 30263.0, 30695.0, 31015.0, 31831.0, 32119.0, 31959.0, 32471.0, 32327.0, 31239.0, 30759.0, 30343.0, 29399.0, 29559.0, 28390.0, 28006.0, 27990.0, 27366.0, 27606.0]",[]
13,9,False,698,343,0,0,[],[],[],[],"[600, 67, 620, 656]","[600, 67, 620, 656]","[-236, 77, 277, -215]","[37, 67, 70, 105]","[1249, 1379, 1225, 1256, 1336, 777, 999, 777, 1009, 908, 220, 786, 609, 787]","[109, 284, 455, 60, 422, 612, 452, 545, 282, 556, 535, 556, 516, 581]","[1, 4, 5, 0, 4, 5, 4, 5, -1, 4, 3, -1, 3, -2]","[-5, -4, -2, -5, -4, -1, -3, -1, -5, -4, -4, -5, -4, -5]",41.4,24.2,41146.0,"[27062.0, 27046.0, 27478.0, 26966.0, 27478.0, 27526.0, 27430.0, 27830.0, 28182.0, 28679.0, 28775.0, 28855.0, 29799.0, 29879.0, 29783.0, 30519.0, 30119.0, 30295.0, 30487.0, 30535.0]",[]
14,9,False,551,366,-9,3,[614],[406],[-5],[2],"[500, 118, 720, 556]","[500, 118, 720, 556]","[-234, 209, 261, -210]","[33, 31, 50, 73]","[1269, 1459, 1325, 1411, 877, 1079, 877, 989, 974, 280, 766, 669, 747]","[9, 204, 415, 342, 592, 392, 525, 182, 476, 455, 456, 436, 481]","[1, 4, 5, 3, 5, 4, 5, -1, 3, 3, -1, 3, -2]","[-5, -4, -2, -4, -1, -3, -1, -5, -4, -4, -5, -4, -5]",41.4,24.2,41370.0,"[30727.0, 31367.0, 31623.0, 32663.0, 35352.0, 37849.0, 41482.0, 46283.0, 49644.0, 54285.0, 56653.0, 59134.0, 60142.0, 60110.0, 59150.0, 57341.0, 55325.0, 52876.0, 50668.0, 48811.0]",[]
15,9,False,524,331,0,-9,[514],[446],[-5],[2],"[403, 212, 804, 459, 923]","[403, 212, 804, 459, 923]","[-191, 300, 219, -199, -61]","[19, 24, 21, 35, -38]","[1531, 1425, 1471, 977, 1159, 977, 956, 1034, 359, 746, 729, 707, 614, 262, 705, 575, 897]","[124, 356, 262, 572, 332, 505, 82, 396, 375, 356, 356, 381, 628, 685, 601, 693, 751]","[3, 5, 3, 5, 4, 5, -2, 3, 4, -1, 3, -2, 4, 5, -3, -1, -5]","[-4, -3, -4, -1, -3, -1, -5, -4, -4, -5, -4, -5, -3, 0, -4, -5, -3]",41.3,24.1,41290.0,"[24614.0, 24197.0, 24181.0, 24790.0, 24197.0, 24565.0, 24565.0, 24838.0, 24565.0, 24565.0, 25062.0, 25686.0, 25862.0, 25782.0, 26166.0, 26102.0, 26134.0, 27494.0, 26582.0, 26918.0]",[]
16,9,False,524,322,0,0,[414],[486],[-5],[2],"[327, 338, 878, 377, 880]","[327, 338, 878, 377, 880]","[-132, 367, 179, -175, -113]","[4, 1, -13, -8, -81]","[1521, 1518, 1077, 1239, 1077, 1092, 439, 726, 789, 667, 694, 362, 645, 555, 797]","[296, 162, 552, 261, 485, 303, 295, 256, 276, 281, 551, 678, 521, 593, 691]","[4, 2, 5, 4, 5, 2, 4, -1, 3, -2, 4, 5, -3, -1, -5]","[-3, -5, -1, -4, -1, -5, -4, -5, -4, -5, -4, -1, -4, -5, -3]",41.3,24.1,41322.0,"[52076.0, 49548.0, 47323.0, 44474.0, 42122.0, 40425.0, 37113.0, 35320.0, 33000.0, 32023.0, 30167.0, 29479.0, 29223.0, 29543.0, 29191.0, 29911.0, 29879.0, 29895.0, 29015.0, 28743.0]",[]
17,8,False,577,288,8,-4,[314],[538],[-5],[3],"[277, 489, 938, 308, 820]","[277, 489, 938, 308, 820]","[-43, 443, 159, -95, -143]","[0, -2, -14, -41, -90]","[1177, 1319, 1177, 1132, 706, 849, 627, 774, 462, 585, 535, 697, 345, 473, 901, 375, 855]","[532, 181, 465, 203, 156, 196, 181, 471, 658, 441, 493, 631, 633, 620, 645, 736, 689]","[5, 4, 5, 2, -1, 3, -2, 4, 5, -3, -1, -5, 1, 2, -5, 0, -4]","[-1, -4, -1, -5, -5, -4, -5, -4, -1, -4, -5, -3, -5, -5, -2, -5, -4]",41.3,24.1,41530.0,"[24245.0, 23909.0, 24533.0, 25078.0, 25286.0, 25734.0, 25798.0, 26038.0, 25814.0, 26406.0, 26582.0, 26118.0, 26534.0, 27238.0, 26566.0, 27542.0, 27814.0, 29015.0, 31127.0, 34712.0]",[]
18,8,False,639,297,0,0,[],[],[],[],"[668, 984, 285, 760]","[668, 984, 285, 760]","[479, 119, 23, -140]","[8, 27, -38, -73]","[1277, 1381, 1277, 1163, 686, 909, 587, 838, 562, 525, 515, 602, 365, 513, 801, 375, 775]","[512, 101, 445, 103, 56, 116, 81, 391, 638, 359, 393, 571, 533, 520, 605, 636, 609]","[5, 3, 5, 1, -1, 3, -2, 3, 5, -3, -1, -4, 1, 2, -5, 0, -4]","[-1, -4, -1, -5, -5, -4, -5, -4, -1, -5, -5, -3, -5, -5, -2, -5, -4]",41.3,24.1,41274.0,"[39385.0, 43930.0, 48539.0, 53100.0, 57374.0, 59902.0, 61358.0, 61118.0, 60430.0, 58958.0, 57518.0, 54701.0, 52108.0, 49580.0, 47547.0, 44378.0, 42138.0, 39385.0, 36824.0, 34504.0]",[]
19,8,False,714,324,0,0,[],[],[],[],"[849, 1020, 307, 700]","[849, 1020, 307, 700]","[493, 98, 116, -126]","[22, 67, -21, -46]","[1377, 1441, 1377, 1183, 969, 898, 662, 465, 495, 522, 385, 553, 701, 375, 695]","[488, 20, 425, 3, 36, 311, 603, 259, 293, 511, 433, 420, 565, 536, 529]","[5, 3, 5, 1, 3, 3, 5, -3, -1, -4, 1, 2, -5, 0, -4]","[-2, -5, -1, -5, -4, -4, -2, -5, -5, -3, -5, -5, -2, -5, -4]",41.3,24.1,41434.0,"[22309.0, 21957.0, 21877.0, 22405.0, 22021.0, 21573.0, 22053.0, 21685.0, 22133.0, 22469.0, 23125.0, 22757.0, 23205.0, 23845.0, 24565.0, 24341.0, 24758.0, 25542.0, 25190.0, 25494.0]",[]
20,8,False,741,319,9,-4,[749],[459],[0],[5],"[1029, 1047, 363, 640, 152]","[1029, 1047, 363, 640, 152]","[486, 85, 211, -114, 155]","[25, 94, -7, -2, -10]","[1477, 1477, 958, 762, 405, 477, 442, 405, 593, 601, 375, 621, 794, 1030, 450, 774, 248]","[448, 389, 231, 563, 159, 193, 451, 333, 320, 521, 436, 449, 620, 567, 716, 527, 773]","[5, 5, 3, 5, -3, 0, -4, 1, 2, -5, 0, -3, -5, -2, 5, 1, 4]","[-2, -2, -4, -2, -5, -5, -3, -5, -5, -3, -5, -4, -2, -5, -1, -5, -3]",41.3,24.1,41658.0,"[58238.0, 57341.0, 55037.0, 52556.0, 49692.0, 47307.0, 44442.0, 41866.0, 39177.0, 37081.0, 34280.0, 32551.0, 30759.0, 30231.0, 29719.0, 28646.0, 28919.0, 29079.0, 29959.0, 29399.0]",[]
21,8,False,874,283,9,0,[749],[559],[0],[5],"[1201, 1063, 451, 594, 232]","[1201, 1063, 451, 594, 232]","[428, 45, 286, -83, 271]","[35, 118, 26, 45, 12]","[1018, 862, 356, 477, 362, 431, 633, 501, 375, 561, 694, 990, 550, 794, 328]","[151, 523, 59, 93, 391, 233, 220, 461, 336, 369, 580, 467, 696, 427, 713]","[3, 5, -2, 0, -4, 2, 2, -5, 0, -3, -5, -2, 5, 1, 4]","[-4, -2, -5, -5, -3, -5, -5, -3, -5, -4, -2, -5, -1, -5, -3]",41.3,24.1,41658.0,"[58238.0, 57341.0, 55037.0, 52556.0, 49692.0, 47307.0, 44442.0, 41866.0, 39177.0, 37081.0, 34280.0, 32551.0, 30759.0, 30231.0, 29719.0, 28646.0, 28919.0, 29079.0, 29959.0, 29399.0]",[]
22,8,False,1036,276,0,0,[738],[659],[-1],[5],"[1341, 1057, 570, 555, 348]","[1341, 1057, 570, 555, 348]","[317, -21, 346, -49, 357]","[42, 121, 8, 58, -22]","[1078, 962, 282, 471, 673, 413, 383, 501, 596, 950, 650, 822, 408, 1303, 1112, 603, 641, 377]","[71, 483, 331, 133, 120, 401, 236, 289, 528, 367, 669, 327, 653, 613, 680, 691, 580, 760]","[3, 5, -4, 2, 2, -4, 1, -3, -4, -2, 5, 2, 4, -2, 1, 5, 2, 5]","[-4, -2, -3, -5, -5, -3, -5, -4, -3, -5, -2, -5, -3, -5, -5, -2, -5, -3]",41.4,24.1,41498.0,"[48939.0, 54429.0, 58222.0, 60974.0, 62511.0, 63679.0, 62863.0, 62015.0, 59486.0, 57454.0, 55229.0, 52316.0, 49996.0, 47323.0, 45419.0, 42442.0, 39833.0, 37913.0, 34456.0, 32455.0]",[]
23,7,False,1055,381,0,0,[],[],[],[],"[1427, 1016, 535, 491]","[1427, 1016, 535, 491]","[172, -115, -29, 404]","[5, 91, 43, -55]","[202, 511, 724, 333, 403, 441, 516, 910, 750, 862, 488, 1263, 1132, 703, 681, 477]","[251, 33, 20, 341, 136, 209, 468, 267, 629, 227, 593, 513, 580, 651, 480, 700]","[-4, 2, 3, -4, 1, -3, -4, -2, 5, 2, 4, -2, 1, 5, 2, 5]","[-4, -5, -5, -3, -5, -4, -3, -5, -2, -5, -3, -5, -5, -2, -5, -3]",41.4,24.1,41194.0,"[19924.0, 19844.0, 19588.0, 19540.0, 20276.0, 19972.0, 20885.0, 20420.0, 20773.0, 21061.0, 21333.0, 21621.0, 22597.0, 22997.0, 22965.0, 23941.0, 24341.0, 24565.0, 24678.0, 24533.0]",[]
24,7,False,1055,381,0,0,[],[],[],[],"[1457, 946, 515, 650]","[1457, 946, 515, 650]","[23, -181, -15, 398]","[-2, 57, 33, -64]","[133, 253, 427, 381, 436, 870, 850, 902, 568, 1223, 1152, 803, 730, 577]","[171, 278, 36, 129, 394, 167, 589, 127, 533, 413, 480, 611, 380, 640]","[-3, -4, 2, -3, -4, -2, 5, 2, 4, -2, 1, 5, 3, 5]","[-4, -4, -5, -4, -4, -5, -2, -5, -3, -5, -5, -2, -5, -3]",41.4,24.1,41626.0,"[25254.0, 25206.0, 25318.0, 25366.0, 26150.0, 25942.0, 26374.0, 25814.0, 26694.0, 27398.0, 28294.0, 29351.0, 31223.0, 35656.0, 39849.0, 44746.0, 49724.0, 54621.0, 58174.0, 60926.0]",[]
25,7,False,1060,398,5,8,[1090],[490],[0],[5],"[1405, 854, 504, 801, 1210]","[1405, 854, 504, 801, 1210]","[-139, -243, 19, 387, -118]","[-2, 20, 53, -84, -17]","[73, 173, 321, 376, 830, 950, 942, 648, 1180, 1172, 903, 790, 677, 1394, 1085, 660, 795, 1294]","[90, 198, 34, 312, 67, 549, 27, 473, 313, 380, 571, 280, 580, 615, 781, 586, 653, 574]","[-3, -4, -3, -3, -2, 5, 2, 4, -3, 1, 5, 3, 5, -5, 5, 5, 4, 0]","[-5, -4, -5, -5, -5, -2, -5, -3, -5, -5, -2, -5, -3, -2, -1, -3, -3, -5]",41.4,24.1,41418.0,"[28070.0, 28454.0, 28342.0, 27798.0, 27462.0, 27718.0, 26630.0, 25510.0, 25126.0, 24213.0, 23429.0, 22709.0, 22405.0, 21397.0, 21365.0, 21445.0, 20693.0, 20420.0, 20452.0, 20404.0]",[]
26,6,False,1140,379,0,0,[],[],[],[],"[1308, 737, 506, 938]","[1308, 737, 506, 938]","[-282, -287, 56, 345]","[-3, -30, 46, -106]","[112, 339, 1050, 728, 1120, 1003, 850, 777, 1294, 1185, 760, 875, 1294]","[118, 212, 509, 413, 213, 531, 193, 520, 575, 748, 526, 593, 474]","[-3, -1, 5, 4, -3, 5, 3, 5, -5, 5, 5, 4, 0]","[-4, -5, -2, -3, -5, -2, -4, -3, -2, -2, -3, -3, -5]",41.4,24.1,41626.0,"[27174.0, 27174.0, 27478.0, 27382.0, 28086.0, 27814.0, 28310.0, 30055.0, 31239.0, 34392.0, 38809.0, 43050.0, 48331.0, 52684.0, 56909.0, 58814.0, 60974.0, 60526.0, 60430.0, 58174.0]",[]
27,5,False,1292,301,9,4,[],[],[],[],"[1161, 610, 526, 1053, 1030]","[1161, 610, 526, 1053, 1030]","[-392, -292, 97, 290, -23]","[7, -61, 71, -70, 5]","[65, 338, 1150, 808, 1060, 1103, 910, 877, 1194, 1285, 860, 955, 1289, 746, 616, 1097, 1087]","[20, 112, 469, 353, 113, 491, 113, 460, 535, 708, 466, 533, 569, 744, 656, 619, 792]","[-2, 1, 5, 4, -3, 5, 3, 5, -5, 5, 5, 4, 2, 4, 5, 5, 0]","[-5, -5, -2, -3, -5, -2, -4, -3, -2, -2, -3, -3, -5, -3, -2, 0, -5]",41.4,24.1,41242.0,"[56605.0, 54221.0, 50956.0, 48699.0, 46395.0, 43674.0, 40905.0, 38633.0, 36824.0, 33864.0, 31927.0, 30407.0, 29383.0, 29143.0, 28310.0, 28550.0, 29191.0, 28743.0, 29639.0, 29511.0]",[]
28,3,False,1304,453,-7,6,[],[],[],[],"[985, 497, 566, 1147, 1001]","[985, 497, 566, 1147, 1001]","[-438, -232, 158, 232, -63]","[38, -51, 102, -60, 20]","[392, 888, 1011, 1203, 970, 977, 1094, 1385, 960, 1042, 826, 716, 1197, 1087]","[23, 293, 13, 451, 33, 400, 495, 668, 412, 473, 684, 616, 619, 692]","[4, 4, -2, 5, 3, 5, -5, 5, 5, 5, 4, 5, 5, 0]","[-3, -3, -5, -2, -4, -3, -2, -2, -2, -3, -3, -2, 0, -5]",41.4,24.2,41226.0,"[55053.0, 57422.0, 57710.0, 57341.0, 56653.0, 53901.0, 52380.0, 49932.0, 46555.0, 44058.0, 42570.0, 39817.0, 37481.0, 35224.0, 32375.0, 30375.0, 28727.0, 28166.0, 27830.0, 26982.0]",[]
29,2,False,1143,500,-6,-7,[],[],[],[],"[799, 407, 626, 1216, 961]","[799, 407, 626, 1216, 961]","[-453, -166, 189, 169, -79]","[90, -39, 127, -28, 22]","[977, 1077, 994, 1485, 1060, 1142, 906, 816, 1297, 1087]","[233, 340, 455, 628, 372, 413, 624, 576, 619, 592]","[5, 5, -5, 5, 5, 5, 4, 5, 5, 0]","[-3, -3, -2, -2, -2, -3, -3, -2, 0, -5]",41.4,24.2,41290.0,"[27878.0, 27430.0, 28070.0, 28134.0, 28438.0, 28855.0, 28839.0, 28262.0, 27654.0, 27286.0, 27222.0, 26390.0, 25542.0, 24870.0, 24565.0, 24165.0, 24533.0, 24421.0, 23701.0, 23781.0]",[]
30,0,False,1023,357,-7,-7,[],[],[],[],"[613, 341, 703, 1266, 916]","[613, 341, 703, 1266, 916]","[-425, -91, 220, 106, -109]","[144, -32, 136, 26, 16]","[1077, 1177, 894, 986, 916, 1397, 1087, 870, 545, 777, 1159, 1063]","[173, 280, 415, 564, 536, 619, 492, 541, 678, 747, 596, 729]","[5, 5, -5, 4, 5, 5, 0, 2, 5, 5, -5, 3]","[-3, -3, -2, -3, -2, 0, -5, -5, -1, 0, -1, -4]",41.4,24.2,41530.0,"[51852.0, 49548.0, 47579.0, 44362.0, 42426.0, 40857.0, 38553.0, 36280.0, 33496.0, 32279.0, 30311.0, 30087.0, 28935.0, 28518.0, 28695.0, 28759.0, 29447.0, 29079.0, 28679.0, 28695.0]",[]
31,-1,False,866,371,-6,7,[],[],[],[],"[445, 316, 783, 1284, 856]","[445, 316, 783, 1284, 856]","[-363, 9, 235, 33, -140]","[163, -8, 120, 63, 1]","[1177, 1277, 794, 1066, 1016, 1497, 1087, 645, 877, 1059, 1123]","[113, 220, 375, 504, 496, 619, 392, 658, 747, 576, 649]","[5, 5, -5, 4, 5, 5, 0, 5, 5, -5, 3]","[-3, -3, -2, -3, -2, 0, -5, -1, 0, -1, -4]",41.4,24.2,41146.0,"[25126.0, 25478.0, 26246.0, 26710.0, 27334.0, 26950.0, 28006.0, 27558.0, 28630.0, 28006.0, 28374.0, 28903.0, 28967.0, 28775.0, 29335.0, 29063.0, 29831.0, 30135.0, 30535.0, 31143.0]",[]
32,-1,False,840,384,0,-9,[853],[532],[-2],[5],"[304, 328, 863, 1269, 786]","[304, 328, 863, 1269, 786]","[-296, 82, 218, -72, -173]","[162, 12, 94, 53, -32]","[1277, 1377, 694, 1146, 1116, 1087, 745, 977, 959, 1183, 462, 411, 913, 1270, 850]","[53, 160, 335, 444, 456, 292, 638, 747, 556, 569, 753, 657, 781, 640, 746]","[5, 5, -5, 4, 5, 0, 5, 5, -5, 3, 5, 5, 4, -5, -1]","[-3, -3, -2, -3, -2, -5, -1, 0, -1, -4, -2, 0, -4, 0, -5]",41.4,24.2,41274.0,"[33192.0, 36568.0, 40633.0, 44730.0, 49628.0, 52780.0, 56029.0, 58494.0, 58270.0, 58254.0, 57021.0, 55357.0, 53293.0, 50764.0, 48539.0, 46507.0, 44186.0, 41290.0, 39321.0, 36776.0]",[]
33,-1,False,833,258,0,0,[813],[632],[-2],[5],"[188, 362, 928, 1207, 706]","[188, 362, 928, 1207, 706]","[-243, 137, 152, -206, -200]","[123, -1, 66, 47, -64]","[1477, 594, 1226, 1216, 1087, 845, 1077, 859, 1243, 562, 511, 993, 1170, 830]","[100, 292, 384, 416, 192, 618, 747, 536, 489, 713, 657, 701, 640, 646]","[5, -5, 4, 5, 0, 5, 5, -5, 3, 5, 5, 4, -5, -1]","[-3, -3, -3, -2, -5, -1, 0, -1, -4, -2, 0, -4, 0, -5]",41.4,24.2,41274.0,"[34712.0, 32872.0, 31671.0, 29671.0, 29463.0, 28919.0, 28727.0, 28166.0, 28903.0, 28646.0, 29207.0, 28695.0, 28598.0, 28550.0, 28198.0, 27462.0, 27478.0, 26006.0, 25574.0, 25318.0]",[]
34,-1,False,808,244,0,0,[767],[732],[-3],[5],"[103, 419, 964, 1088, 614]","[103, 419, 964, 1088, 614]","[-139, 182, 82, -322, -194]","[118, 10, 13, 45, -87]","[494, 1306, 1316, 1087, 945, 1177, 759, 1303, 662, 611, 1063, 1070, 810]","[232, 318, 376, 92, 598, 747, 516, 394, 668, 641, 621, 640, 546]","[-5, 4, 5, 0, 5, 5, -5, 3, 5, 5, 3, -5, -1]","[-3, -4, -2, -5, -1, 0, -1, -5, -3, -1, -4, 0, -5]",41.5,24.2,41546.0,"[50508.0, 47419.0, 44874.0, 42298.0, 40281.0, 37465.0, 35768.0, 33736.0, 31975.0, 30151.0, 29447.0, 28502.0, 28823.0, 28454.0, 28695.0, 28646.0, 28887.0, 29335.0, 29655.0, 30087.0]",[]
35,-1,False,675,328,-5,8,[707],[812],[-3],[4],"[58, 492, 973, 931, 525]","[58, 492, 973, 931, 525]","[-34, 213, 16, -410, -196]","[67, 4, -12, 10, -122]","[394, 1386, 1416, 1045, 1277, 659, 1348, 762, 711, 1123, 970, 790, 249, 518, 1006, 1080, 656]","[172, 238, 336, 566, 747, 491, 294, 608, 621, 541, 625, 446, 775, 567, 714, 573, 624]","[-5, 4, 5, 5, 5, -5, 2, 5, 5, 3, -5, -1, 5, 3, 0, -2, 0]","[-3, -4, -2, -2, 0, -2, -5, -3, -1, -4, -1, -5, -2, -4, -5, -5, -5]",41.5,24.2,41210.0,"[26822.0, 26790.0, 27654.0, 27798.0, 28246.0, 28614.0, 28150.0, 28518.0, 29159.0, 29447.0, 29671.0, 29079.0, 29751.0, 30151.0, 29847.0, 30519.0, 31207.0, 31687.0, 34184.0, 35928.0]",[]
36,-1,False,656,286,2,-9,[],[],[],[],"[64, 575, 954, 748, 445]","[64, 575, 954, 748, 445]","[93, 252, -55, -449, -163]","[18, -11, -46, -10, -124]","[294, 1466, 1516, 1145, 1377, 559, 1388, 862, 811, 1183, 870, 770, 349, 578, 1006, 1040, 656]","[112, 158, 296, 526, 734, 451, 194, 548, 601, 452, 605, 346, 735, 487, 614, 473, 524]","[-5, 4, 5, 5, 5, -5, 2, 5, 5, 3, -5, -1, 5, 3, 0, -2, 0]","[-3, -4, -2, -2, -1, -2, -5, -3, -1, -5, -1, -5, -2, -4, -5, -5, -5]",41.5,24.2,41674.0,"[29351.0, 29255.0, 28262.0, 28518.0, 28214.0, 29143.0, 29207.0, 29703.0, 29415.0, 29655.0, 29527.0, 29255.0, 28967.0, 28326.0, 27830.0, 27302.0, 26982.0, 26198.0, 25638.0, 25686.0]",[]
37,-1,False,755,151,9,0,[],[],[],[],"[113, 675, 903, 552, 376]","[113, 675, 903, 552, 376]","[202, 282, -121, -450, -119]","[-1, 8, -72, 7, -120]","[194, 1245, 1477, 459, 1419, 948, 911, 1226, 770, 750, 449, 638, 1006, 1000, 656, 170, 677, 929, 667, 462]","[52, 486, 714, 411, 94, 488, 581, 352, 585, 246, 695, 407, 514, 373, 424, 779, 568, 751, 593, 575]","[-5, 5, 5, -5, 1, 4, 5, 2, -5, -1, 5, 3, 0, -2, 0, 5, 1, -5, -1, 1]","[-3, -2, -1, -2, -5, -3, -1, -5, -1, -5, -2, -4, -5, -5, -5, -2, -5, -2, -5, -5]",41.5,24.2,41178.0,"[29895.0, 29927.0, 30551.0, 30023.0, 30247.0, 30231.0, 30359.0, 31015.0, 31175.0, 31447.0, 33592.0, 35336.0, 39497.0, 43162.0, 47851.0, 51948.0, 55837.0, 57614.0, 58846.0, 59966.0]",[]
38,-2,False,764,246,0,0,[801],[312],[-2],[5],"[216, 787, 843, 375, 334]","[216, 787, 843, 375, 334]","[332, 305, -135, -387, -39]","[1, 33, -50, 62, -82]","[1345, 359, 1028, 1011, 1266, 670, 549, 698, 1006, 941, 656, 270, 697, 829, 662, 482]","[446, 371, 428, 558, 252, 565, 655, 327, 414, 273, 324, 739, 468, 693, 493, 475]","[5, -5, 4, 5, 2, -5, 5, 3, 0, -3, 0, 5, 1, -5, 0, 1]","[-2, -2, -3, -2, -5, -1, -2, -4, -5, -5, -5, -2, -5, -3, -5, -5]",41.5,24.2,41402.0,"[28935.0, 28887.0, 29175.0, 29575.0, 29159.0, 28598.0, 27926.0, 27046.0, 27046.0, 26262.0, 25990.0, 25558.0, 24565.0, 23973.0, 24309.0, 23605.0, 24453.0, 24501.0, 24229.0, 23829.0]",[]
39,-3,False,834,287,8,4,[764],[412],[-1],[5],"[365, 907, 783, 230, 326]","[365, 907, 783, 230, 326]","[450, 300, -119, -287, 52]","[5, 61, -44, 111, -30]","[1445, 259, 1108, 1111, 1288, 570, 649, 1006, 881, 656, 370, 717, 731, 662, 502]","[406, 328, 368, 518, 152, 541, 615, 314, 173, 224, 699, 368, 633, 393, 375]","[5, -5, 4, 5, 1, -5, 5, 0, -3, 0, 5, 1, -4, 0, 1]","[-2, -3, -3, -2, -5, -2, -2, -5, -5, -5, -2, -5, -3, -5, -5]",41.5,24.2,41402.0,"[28935.0, 28887.0, 29175.0, 29575.0, 29159.0, 28598.0, 27926.0, 27046.0, 27046.0, 26262.0, 25990.0, 25558.0, 24565.0, 23973.0, 24309.0, 23605.0, 24453.0, 24501.0, 24229.0, 23829.0]",[]
40,-3,False,965,334,9,2,[744],[512],[-1],[5],"[549, 1009, 723, 129, 355]","[549, 1009, 723, 129, 355]","[514, 282, -106, -173, 144]","[10, 100, -18, 119, 27]","[168, 1188, 1211, 1308, 470, 749, 1006, 821, 656, 470, 737, 651, 662, 522, 510, 893, 904, 369, 455]","[268, 308, 478, 52, 501, 569, 214, 73, 124, 659, 268, 573, 293, 275, 773, 529, 624, 639, 544]","[-4, 4, 5, 1, -5, 5, 0, -3, 0, 5, 1, -4, 0, 1, 5, -3, 4, 5, 4]","[-3, -3, -2, -5, -2, -3, -5, -5, -5, -2, -5, -3, -5, -5, -1, -5, -3, -2, -4]",41.5,24.1,41738.0,"[28470.0, 28743.0, 28022.0, 27910.0, 28614.0, 28310.0, 28550.0, 28598.0, 29239.0, 29127.0, 28262.0, 28118.0, 27398.0, 27062.0, 26758.0, 26182.0, 25254.0, 25238.0, 24565.0, 24966.0]",[]
41,-3,False,1100,352,9,3,[],[],[],[],"[760, 1108, 77, 420]","[760, 1108, 77, 420]","[553, 249, -41, 238]","[19, 131, 145, 71]","[88, 1268, 1311, 370, 849, 1006, 656, 570, 758, 571, 662, 542, 610, 833, 984, 469, 535]","[204, 248, 438, 461, 509, 114, 24, 619, 168, 513, 193, 175, 735, 429, 555, 599, 464]","[-4, 4, 5, -5, 5, 0, 0, 5, 2, -4, 0, 1, 5, -3, 4, 5, 4]","[-4, -3, -2, -2, -3, -5, -5, -2, -5, -3, -5, -5, -2, -5, -4, -2, -4]",41.5,24.1,41546.0,"[29815.0, 30167.0, 30135.0, 30743.0, 31287.0, 31559.0, 31303.0, 31559.0, 32856.0, 34568.0, 37161.0, 40329.0, 44874.0, 48587.0, 52076.0, 54845.0, 56013.0, 57277.0, 56957.0, 55245.0]",[]
42,-3,False,1189,426,0,0,[],[],[],[],"[966, 1182, 73, 516, 306]","[966, 1182, 73, 516, 306]","[511, 164, 52, 290, 27]","[4, 131, 133, 80, -12]","[26, 1348, 1411, 270, 949, 1006, 670, 798, 491, 669, 578, 710, 787, 1064, 569, 615, 962, 1180, 161, 564, 398]","[119, 188, 398, 417, 451, 14, 579, 68, 453, 93, 75, 695, 329, 475, 559, 391, 773, 669, 759, 630, 775]","[-2, 4, 5, -5, 5, 0, 5, 2, -4, 1, 2, 5, -2, 4, 5, 4, 5, -2, 5, 5, 5]","[-5, -3, -2, -3, -2, -5, -2, -5, -3, -5, -5, -2, -5, -4, -2, -3, -2, -5, -2, -1, -2]",41.5,24.1,41610.0,"[30215.0, 30295.0, 30119.0, 30439.0, 29287.0, 28727.0, 28518.0, 27318.0, 26838.0, 26694.0, 26438.0, 26646.0, 25654.0, 25654.0, 26198.0, 26038.0, 25686.0, 25910.0, 26598.0, 27110.0]",[]
43,-4,False,1200,401,4,-8,[],[],[],[],"[1138, 1212, 102, 628, 318]","[1138, 1212, 102, 628, 318]","[402, 36, 139, 300, 88]","[-34, 107, 100, 47, -41]","[15, 1428, 1511, 184, 1049, 770, 411, 810, 747, 669, 695, 1062, 1140, 261, 664, 498]","[19, 128, 358, 357, 411, 539, 378, 655, 229, 519, 331, 733, 569, 719, 610, 735]","[1, 4, 5, -4, 5, 5, -4, 5, -2, 5, 4, 5, -2, 5, 5, 5]","[-5, -3, -2, -3, -2, -2, -4, -2, -5, -2, -3, -2, -5, -2, -1, -2]",41.5,24.1,41146.0,"[37337.0, 40729.0, 44042.0, 47403.0, 50636.0, 52524.0, 53773.0, 54445.0, 54077.0, 52588.0, 51100.0, 48267.0, 46539.0, 43690.0, 41866.0, 39241.0, 37129.0, 35496.0, 33016.0, 31191.0]",[]
44,-4,False,1217,453,0,0,[1251],[504],[0],[5],"[1266, 1193, 167, 728, 353]","[1266, 1193, 167, 728, 353]","[291, -77, 233, 275, 143]","[-79, 94, 71, 28, -62]","[1508, 108, 1149, 870, 336, 910, 707, 769, 775, 1162, 1100, 361, 764, 598]","[68, 284, 371, 499, 298, 615, 129, 479, 271, 693, 469, 679, 590, 695]","[4, -3, 5, 5, -3, 5, -2, 5, 4, 5, -2, 5, 5, 5]","[-3, -4, -2, -2, -4, -2, -5, -2, -3, -2, -5, -2, -1, -2]",41.5,24.1,41114.0,"[30119.0, 29143.0, 28150.0, 28598.0, 28054.0, 28566.0, 29607.0, 29447.0, 29847.0, 30871.0, 30983.0, 31063.0, 30487.0, 30439.0, 29703.0, 29223.0, 28807.0, 28759.0, 27654.0, 27526.0]",[]
45,-5,False,1272,363,0,0,[1264],[604],[1],[5],"[1342, 1123, 270, 828, 412]","[1342, 1123, 270, 828, 412]","[142, -214, 327, 256, 196]","[-110, 66, 37, 14, -88]","[62, 970, 276, 1010, 667, 869, 855, 1262, 1060, 461, 864, 698, 1333, 1320, 315, 872, 500]","[191, 459, 218, 575, 29, 439, 211, 653, 369, 639, 570, 655, 643, 741, 821, 662, 731]","[-1, 5, -3, 5, -2, 5, 4, 5, -2, 5, 5, 5, 1, 4, 5, 5, 5]","[-5, -2, -4, -2, -5, -2, -3, -2, -5, -2, -1, -2, -5, -4, 0, 0, 0]",41.5,24.1,41610.0,"[27350.0, 27190.0, 26422.0, 26886.0, 26550.0, 26582.0, 27318.0, 26902.0, 27814.0, 27670.0, 28502.0, 28807.0, 28486.0, 28887.0, 29095.0, 30279.0, 29623.0, 30087.0, 30423.0, 31031.0]",[]
46,-5,False,1272,363,0,0,[1284],[704],[1],[5],"[1358, 1009, 402, 917, 491]","[1358, 1009, 402, 917, 491]","[-5, -299, 369, 220, 246]","[-122, 39, -17, 3, -109]","[70, 1070, 225, 1110, 969, 946, 1362, 1020, 561, 964, 798, 1353, 1400, 415, 972, 600]","[91, 419, 121, 535, 399, 151, 613, 269, 599, 550, 615, 543, 661, 821, 662, 731]","[2, 5, -2, 5, 5, 5, 5, -2, 5, 5, 5, 1, 4, 5, 5, 5]","[-5, -2, -5, -2, -2, -3, -2, -5, -2, -1, -2, -5, -4, 0, 0, 0]",41.4,24.1,41162.0,"[28038.0, 27030.0, 27350.0, 27014.0, 26822.0, 25878.0, 26006.0, 25942.0, 26374.0, 26582.0, 27062.0, 27542.0, 27094.0, 27814.0, 28294.0, 28182.0, 29015.0, 29399.0, 29591.0, 29799.0]",[]
47,-5,False,1137,267,0,0,[1315],[804],[2],[5],"[1316, 862, 551, 984, 581]","[1316, 862, 551, 984, 581]","[-134, -362, 429, 176, 269]","[-120, 13, -30, 13, -86]","[140, 1170, 194, 1210, 1069, 1046, 1462, 980, 661, 1064, 898, 1373, 1474, 515, 1072, 700, 1420, 1018, 566, 972, 631]","[16, 379, 21, 495, 359, 91, 570, 169, 559, 530, 575, 443, 581, 821, 662, 731, 584, 797, 773, 602, 611]","[4, 5, -1, 5, 5, 5, 5, -2, 5, 5, 5, 1, 3, 5, 5, 5, 3, 5, 5, -2, 5]","[-3, -2, -5, -2, -2, -3, -3, -5, -2, -1, -2, -5, -4, 0, 0, 0, -4, -2, -3, -5, -1]",41.4,24.1,41418.0,"[30023.0, 30023.0, 29927.0, 29911.0, 30903.0, 31127.0, 30647.0, 31207.0, 31687.0, 32007.0, 32503.0, 32663.0, 34328.0, 37129.0, 40425.0, 44026.0, 47643.0, 51340.0, 53052.0, 54669.0]",[]
48,-6,False,975,287,-7,6,[],[],[],[],"[1228, 703, 714, 1037, 688]","[1228, 703, 714, 1037, 688]","[-235, -348, 455, 134, 310]","[-78, 32, -38, 28, -52]","[1270, 1310, 1146, 940, 761, 1164, 998, 1393, 1534, 615, 1172, 800, 1465, 1118, 649, 944, 731]","[339, 455, 45, 69, 519, 510, 535, 343, 501, 803, 662, 731, 487, 757, 713, 502, 591]","[5, 5, 5, -2, 5, 5, 5, 1, 3, 5, 5, 5, 1, 5, 4, -1, 5]","[-2, -2, -2, -5, -2, -1, -2, -5, -4, -1, 0, 0, -5, -2, -3, -5, -1]",41.4,24.1,41642.0,"[27062.0, 27478.0, 27942.0, 27702.0, 28134.0, 29367.0, 29847.0, 29271.0, 30311.0, 30439.0, 30151.0, 30647.0, 30807.0, 31079.0, 31479.0, 31831.0, 31447.0, 31543.0, 31591.0, 32327.0]",[]
49,-6,False,916,300,0,0,[],[],[],[],"[1106, 562, 894, 1075, 808]","[1106, 562, 894, 1075, 808]","[-314, -307, 456, 94, 319]","[-40, 19, -34, 56, -23]","[1370, 1410, 1246, 861, 1264, 1098, 1413, 715, 1272, 900, 1475, 1218, 729, 924, 831]","[299, 415, 5, 479, 490, 495, 243, 783, 649, 731, 387, 717, 653, 402, 571]","[5, 5, 5, 5, 5, 5, 1, 5, 5, 5, 0, 5, 4, -1, 5]","[-2, -2, -2, -2, -1, -2, -5, -1, -1, 0, -5, -2, -3, -5, -1]",41.4,24.1,41434.0,"[37113.0, 35272.0, 33512.0, 31767.0, 30103.0, 29239.0, 28470.0, 28326.0, 29015.0, 28727.0, 29511.0, 30519.0, 30599.0, 31271.0, 31447.0, 31255.0, 31047.0, 30135.0, 30215.0, 29831.0]",[]
50,-7,False,755,243,-9,-2,[],[],[],[],"[960, 442, 1064, 1093, 928]","[960, 442, 1064, 1093, 928]","[-360, -240, 418, 46, 312]","[-12, 21, -23, 70, 22]","[1470, 1510, 961, 1364, 1198, 1415, 815, 1372, 1000, 1462, 1318, 809, 931, 1118, 672, 940, 1084, 811]","[259, 375, 439, 466, 455, 143, 763, 629, 731, 287, 677, 593, 551, 515, 738, 653, 578, 513]","[5, 5, 5, 5, 5, 0, 5, 5, 5, -2, 5, 4, 5, -1, 4, 0, -2, -2]","[-2, -2, -2, -2, -2, -5, -1, -1, 0, -5, -2, -3, -1, -5, -4, -5, -5, -5]",41.4,24.1,41482.0,"[29127.0, 28951.0, 28518.0, 27798.0, 27174.0, 27174.0, 27078.0, 27750.0, 27670.0, 27078.0, 27990.0, 27926.0, 28390.0, 28695.0, 28999.0, 29319.0, 29031.0, 29399.0, 29591.0, 29911.0]",[]
51,-7,False,588,307,-6,7,[],[],[],[],"[800, 353, 1214, 1089, 1033]","[800, 353, 1214, 1089, 1033]","[-375, -144, 380, -15, 270]","[27, 29, 12, 83, 62]","[1061, 1464, 1298, 1415, 915, 1472, 1100, 1410, 1414, 889, 1031, 1085, 749, 940, 1044, 771]","[399, 426, 415, 43, 743, 609, 722, 197, 618, 533, 530, 415, 658, 553, 478, 413]","[5, 5, 5, 0, 5, 5, 5, -3, 4, 4, 5, -2, 3, 0, -2, -2]","[-2, -2, -2, -5, -1, -1, -1, -4, -3, -3, -2, -5, -4, -5, -5, -5]",41.4,24.1,41130.0,"[30407.0, 30679.0, 31351.0, 30903.0, 31079.0, 31495.0, 32199.0, 31543.0, 31991.0, 33112.0, 32856.0, 34728.0, 36056.0, 39145.0, 42090.0, 45707.0, 48363.0, 51148.0, 52476.0, 52812.0]",[]
52,-7,False,473,323,-3,-9,[571],[443],[-3],[4],"[640, 307, 1335, 1060, 1121]","[640, 307, 1335, 1060, 1121]","[-384, -55, 262, -80, 194]","[44, 9, 0, 56, 74]","[1161, 1398, 1015, 1200, 1325, 1494, 969, 1131, 1035, 809, 940, 1004, 731, 751, 410, 1274, 1085, 1090]","[359, 375, 723, 702, 133, 558, 473, 490, 320, 578, 453, 378, 313, 565, 788, 723, 697, 607]","[5, 5, 5, 5, -5, 4, 4, 5, -3, 3, 0, -2, -2, 0, 4, -5, -4, -4]","[-2, -2, -1, -1, -2, -3, -3, -2, -4, -4, -5, -5, -5, -5, -3, 0, -3, -3]",41.4,24.1,41194.0,"[30551.0, 31047.0, 31319.0, 31575.0, 31111.0, 31591.0, 31927.0, 31943.0, 31559.0, 32327.0, 33112.0, 34920.0, 38217.0, 41322.0, 44826.0, 47707.0, 50940.0, 52828.0, 53709.0, 53597.0]",[]
53,-7,False,433,188,0,0,[511],[523],[-3],[4],"[480, 285, 1403, 1005, 1167]","[480, 285, 1403, 1005, 1167]","[-383, -4, 117, -139, 88]","[54, -21, -24, 59, 70]","[1261, 1498, 1115, 1300, 1225, 1049, 1231, 970, 869, 928, 964, 685, 751, 490, 1174, 1005, 1010]","[319, 330, 693, 682, 93, 413, 450, 240, 498, 353, 278, 213, 465, 728, 723, 637, 547]","[5, 5, 5, 5, -5, 4, 5, -4, 3, -1, -2, -3, 0, 4, -5, -4, -4]","[-2, -3, -2, -1, -2, -3, -2, -4, -4, -5, -5, -5, -5, -3, 0, -3, -3]",41.4,24.1,41322.0,"[29911.0, 30423.0, 30247.0, 30999.0, 30423.0, 29975.0, 29479.0, 29511.0, 28406.0, 28054.0, 27702.0, 27910.0, 26934.0, 27462.0, 26710.0, 26966.0, 27558.0, 27270.0, 27622.0, 27366.0]",[]
54,-7,False,433,188,0,0,[],[],[],[],"[287, 1407, 917, 1166]","[287, 1407, 917, 1166]","[55, -36, -227, -45]","[-70, -43, 39, 37]","[1361, 1215, 1400, 1125, 1129, 1324, 890, 929, 908, 924, 625, 751, 570, 1074, 925, 930]","[279, 653, 662, 73, 351, 396, 168, 418, 253, 178, 117, 365, 659, 723, 577, 487]","[5, 5, 5, -5, 4, 4, -4, 3, -1, -2, -3, 0, 4, -5, -4, -4]","[-2, -2, -1, -1, -4, -3, -3, -4, -5, -5, -4, -5, -4, 0, -3, -3]",41.4,24.1,41450.0,"[35848.0, 38473.0, 42090.0, 45995.0, 49356.0, 52172.0, 54157.0, 54589.0, 55085.0, 53661.0, 52540.0, 50844.0, 48587.0, 46651.0, 44250.0, 41274.0, 39433.0, 37513.0, 36184.0, 33880.0]",[]
55,-7,False,433,188,0,0,[],[],[],[],"[312, 1351, 804, 1118, 382]","[312, 1351, 804, 1118, 382]","[119, -178, -283, -138, 33]","[-116, -64, 18, 18, -22]","[1461, 1315, 1500, 1025, 1209, 1404, 810, 989, 882, 865, 565, 751, 650, 974, 845, 850, 337, 1355, 912, 1133, 437]","[239, 613, 626, 53, 271, 328, 108, 333, 153, 78, 37, 265, 579, 723, 517, 427, 682, 675, 658, 602, 597]","[5, 5, 5, -5, 4, 4, -4, 3, -2, -3, -3, 0, 4, -5, -4, -4, 0, -5, -2, -4, 1]","[-2, -2, -2, -1, -4, -4, -3, -5, -5, -5, -4, -5, -4, 0, -3, -3, -5, -1, -5, -4, -5]",41.4,24.1,41114.0,"[26886.0, 27222.0, 27222.0, 26566.0, 26422.0, 26598.0, 26758.0, 26822.0, 27270.0, 27654.0, 28374.0, 28695.0, 28374.0, 28646.0, 29671.0, 30023.0, 29831.0, 30215.0, 30231.0, 31031.0]",[]
56,-7,False,440,340,0,9,[],[],[],[],"[361, 1239, 669, 1028, 395]","[361, 1239, 669, 1028, 395]","[188, -326, -330, -238, 75]","[-127, -53, 4, -20, -39]","[1414, 925, 1289, 1462, 715, 1049, 842, 751, 729, 874, 765, 770, 337, 1255, 872, 1053, 457]","[558, 53, 191, 241, 53, 233, 53, 165, 499, 723, 457, 367, 582, 655, 558, 522, 497]","[4, -5, 4, 2, -5, 3, -2, 0, 3, -5, -4, -4, 0, -5, -2, -4, 1]","[-3, 0, -4, -5, -2, -5, -5, -5, -4, 0, -3, -3, -5, -1, -5, -4, -5]",41.4,24.1,41242.0,"[51180.0, 48667.0, 47131.0, 43994.0, 42330.0, 40505.0, 37801.0, 35800.0, 34040.0, 32375.0, 31559.0, 29847.0, 29031.0, 28823.0, 28374.0, 28871.0, 29735.0, 29719.0, 30423.0, 30631.0]",[]
57,-8,False,440,340,0,0,[],[],[],[],"[437, 1079, 529, 910, 422]","[437, 1079, 529, 910, 422]","[233, -416, -320, -291, 120]","[-114, -33, 5, 4, -40]","[1494, 825, 1350, 1486, 615, 1089, 741, 789, 774, 685, 690, 337, 1155, 832, 973, 419, 1143, 577, 950, 472]","[498, 53, 111, 141, 13, 133, 65, 419, 705, 397, 307, 482, 635, 458, 442, 602, 605, 723, 613, 605]","[4, -5, 3, 0, -5, 2, -1, 3, -5, -4, -4, 0, -5, -2, -4, -3, -5, -5, -5, 2]","[-3, 0, -4, -5, -2, -5, -5, -4, -1, -3, -3, -5, -1, -5, -4, -4, -1, -3, -3, -5]",41.4,24.1,41242.0,"[51180.0, 48667.0, 47131.0, 43994.0, 42330.0, 40505.0, 37801.0, 35800.0, 34040.0, 32375.0, 31559.0, 29847.0, 29031.0, 28823.0, 28374.0, 28871.0, 29735.0, 29719.0, 30423.0, 30631.0]",[]
58,-8,False,317,207,-7,-6,[],[],[],[],"[537, 889, 405, 788, 477]","[537, 889, 405, 788, 477]","[304, -465, -257, -306, 201]","[-69, 11, 29, 40, 24]","[725, 1410, 1472, 1129, 849, 674, 605, 610, 337, 1055, 792, 893, 359, 1043, 482, 850, 508]","[53, 31, 41, 33, 339, 685, 337, 247, 382, 615, 358, 362, 522, 585, 663, 553, 505]","[-5, 3, -2, 2, 3, -5, -4, -4, 0, -5, -2, -4, -3, -5, -4, -5, 1]","[0, -4, -5, -5, -4, -1, -3, -3, -5, -1, -5, -4, -4, -1, -3, -3, -5]",41.4,24.2,41290.0,"[52572.0, 53597.0, 52828.0, 52172.0, 51436.0, 48971.0, 46331.0, 43754.0, 41642.0, 39561.0, 38297.0, 36040.0, 34632.0, 32679.0, 30583.0, 29607.0, 29575.0, 28887.0, 28262.0, 29063.0]",[]
59,-9,False,238,242,-5,8,[],[],[],[],"[666, 691, 310, 663, 564]","[666, 691, 310, 663, 564]","[376, -444, -185, -284, 262]","[-41, 72, 46, 80, 54]","[625, 909, 574, 525, 530, 955, 736, 813, 299, 943, 402, 750, 528]","[53, 256, 665, 277, 187, 595, 258, 299, 442, 565, 603, 493, 405]","[-5, 3, -5, -4, -4, -5, -3, -4, -3, -5, -4, -5, 1]","[0, -5, -1, -3, -3, -1, -5, -3, -4, -1, -3, -3, -5]",41.4,24.2,41130.0,"[28326.0, 28518.0, 27958.0, 28566.0, 28983.0, 29255.0, 29463.0, 29703.0, 30423.0, 30407.0, 30695.0, 31415.0, 30903.0, 31079.0, 31703.0, 32391.0, 31783.0, 32023.0, 32904.0, 32615.0]",[]
60,-10,False,239,377,0,0,[270],[413],[0],[5],"[806, 516, 248, 544, 667]","[806, 516, 248, 544, 667]","[391, -388, -74, -250, 302]","[-2, 134, 66, 134, 91]","[525, 960, 474, 445, 450, 855, 676, 733, 843, 322, 650, 548, 612, 642, 349, 660, 550]","[53, 156, 645, 217, 127, 575, 161, 239, 545, 543, 433, 305, 595, 547, 661, 565, 541]","[-5, 2, -5, -4, -4, -5, -3, -4, -5, -4, -5, 1, -5, -4, 0, -2, -3]","[0, -5, -1, -3, -3, -1, -4, -3, -1, -3, -3, -5, -1, -4, -5, -5, -4]",41.4,24.2,41306.0,"[33368.0, 31431.0, 30663.0, 29623.0, 29767.0, 28743.0, 28823.0, 29735.0, 29655.0, 30647.0, 30503.0, 31175.0, 31207.0, 31831.0, 31399.0, 31031.0, 31319.0, 30407.0, 29863.0, 29879.0]",[]
61,-10,False,239,377,0,0,[270],[513],[0],[5],"[946, 366, 230, 450, 785]","[946, 366, 230, 450, 785]","[379, -311, 36, -168, 304]","[39, 149, 70, 127, 119]","[425, 1000, 374, 365, 351, 755, 616, 653, 743, 242, 550, 568, 512, 562, 349, 620, 490]","[58, 56, 625, 157, 67, 555, 81, 179, 525, 483, 373, 205, 575, 467, 561, 465, 461]","[-5, 2, -5, -4, -5, -5, -3, -4, -5, -4, -5, 1, -5, -4, 0, -2, -3]","[1, -5, -1, -3, -3, -1, -4, -3, -1, -3, -3, -5, -1, -4, -5, -5, -4]",41.4,24.2,41146.0,"[31655.0, 32551.0, 31927.0, 32055.0, 32615.0, 32471.0, 32695.0, 33288.0, 33352.0, 33160.0, 33768.0, 34440.0, 35480.0, 37241.0, 40601.0, 43658.0, 47675.0, 50028.0, 52796.0, 54093.0]",[]
62,-11,False,239,377,0,0,[270],[613],[0],[5],"[1079, 249, 259, 386, 888]","[1079, 249, 259, 386, 888]","[327, -233, 144, -116, 279]","[79, 144, 55, 110, 120]","[325, 274, 279, 251, 655, 556, 573, 643, 450, 588, 412, 482, 345, 573, 430, 1024, 354, 289, 452, 859]","[78, 605, 97, 14, 535, 1, 119, 505, 313, 105, 555, 387, 461, 365, 381, 594, 686, 755, 718, 678]","[-5, -5, -5, -5, -5, -3, -4, -5, -5, 1, -5, -4, -1, -3, -3, -4, 1, 0, -1, -3]","[1, -1, -3, -2, -1, -4, -3, -1, -3, -5, -1, -4, -5, -5, -4, -3, -5, -5, -5, -4]",41.4,24.2,41258.0,"[29127.0, 29399.0, 30215.0, 30231.0, 30119.0, 30167.0, 29543.0, 29623.0, 29655.0, 28967.0, 28118.0, 28582.0, 27622.0, 27318.0, 27574.0, 27926.0, 27478.0, 27734.0, 28294.0, 27638.0]",[]
63,-11,False,239,377,0,0,[270],[713],[0],[5],"[1185, 161, 321, 340, 973]","[1185, 161, 321, 340, 973]","[245, -159, 211, -66, 221]","[93, 102, 4, 82, 102]","[225, 174, 179, 555, 493, 543, 350, 608, 312, 402, 325, 513, 370, 928, 366, 289, 432, 799]","[98, 585, 37, 515, 59, 485, 253, 5, 535, 307, 361, 265, 301, 534, 586, 655, 618, 598]","[-5, -5, -5, -5, -4, -5, -5, 1, -5, -4, -1, -3, -3, -5, 0, 0, -1, -3]","[1, -1, -3, -1, -3, -1, -3, -5, -1, -4, -5, -5, -4, -3, -5, -5, -5, -4]",41.4,24.2,41258.0,"[44906.0, 47931.0, 50204.0, 52236.0, 53164.0, 51996.0, 51372.0, 50108.0, 48155.0, 46763.0, 44970.0, 42666.0, 40681.0, 38505.0, 36632.0, 35208.0, 33496.0, 32631.0, 30871.0, 30439.0]",[]
