,HP,Power up,Player x,Player y,Player speed_x,Player speed_y,Player bullet x,Player bullet y,Player bullet speed_x,Player bullet speed_y,Enemy x,Enemy y,Enemy speed_x,Enemy speed_y,Enemy bullet x,Enemy bullet y,Enemy bullet speed_x,Enemy bullet speed_y,Humidity,Temperature,Skin conductance,Relative blood volume,Accelerations
0,10,False,534,348,0,0,[579],[415],[1],[5],"[390, 681, 770, 633, 751]","[390, 681, 770, 633, 751]","[294, 85, 115, 84, 15]","[-10, 21, 47, 95, 17]",[],[],[],[],40.8,24.5,41178.0,"[31367.0, 30855.0, 31047.0, 31623.0, 32792.0, 32311.0, 33160.0, 32952.0, 32936.0, 32039.0, 32071.0, 32439.0, 32279.0, 32567.0, 33336.0, 33752.0, 34600.0, 34952.0, 35032.0, 34376.0]",[]
1,10,False,541,295,0,-9,[611],[515],[2],[5],"[515, 717, 805, 677, 751]","[515, 717, 805, 677, 751]","[363, 128, 96, 161, 19]","[0, 26, 76, 123, 67]",[],[],[],[],40.8,24.5,41258.0,"[34568.0, 33720.0, 34072.0, 33944.0, 33496.0, 33688.0, 34520.0, 33976.0, 33992.0, 33096.0, 33496.0, 32808.0, 33192.0, 33512.0, 32984.0, 33192.0, 33560.0, 33768.0, 34312.0, 34712.0]",[]
2,10,False,542,169,0,0,[651],[615],[2],[5],"[655, 757, 825, 737, 751]","[655, 757, 825, 737, 751]","[399, 118, 80, 174, 31]","[-1, 3, 68, 88, 96]","[648, 780, 845, 758, 796]","[672, 722, 654, 715, 588]","[2, 0, -2, 0, 0]","[-5, -5, -5, -5, -5]",40.8,24.5,41242.0,"[32615.0, 32567.0, 33112.0, 33320.0, 32872.0, 32023.0, 32039.0, 32231.0, 32503.0, 33336.0, 32343.0, 31319.0, 30039.0, 28999.0, 28486.0, 28823.0, 27750.0, 28518.0, 29223.0, 29911.0]",[]
3,10,False,648,165,0,0,[],[],[],[],"[787, 842, 788, 751]","[787, 842, 788, 751]","[77, 36, 122, 11]","[-41, 49, 42, 85]","[688, 780, 805, 758, 796]","[572, 622, 554, 615, 488]","[2, 0, -2, 0, 0]","[-5, -5, -5, -5, -5]",40.8,24.5,41498.0,"[31127.0, 31687.0, 31943.0, 32135.0, 31943.0, 33192.0, 33544.0, 35096.0, 34872.0, 34904.0, 34760.0, 34136.0, 34008.0, 33000.0, 32439.0, 32423.0, 33336.0, 33720.0, 34344.0, 34632.0]",[]
4,10,False,648,165,0,0,[],[],[],[],"[805, 842, 824, 748]","[805, 842, 824, 748]","[41, 9, 88, -4]","[-69, 4, 13, 54]","[728, 780, 765, 758, 796]","[472, 522, 454, 515, 388]","[2, 0, -2, 0, 0]","[-5, -5, -5, -5, -5]",40.9,24.5,41322.0,"[33528.0, 33560.0, 32776.0, 32151.0, 31911.0, 31383.0, 31447.0, 31543.0, 32695.0, 34392.0, 35400.0, 36824.0, 37961.0, 39225.0, 39161.0, 40185.0, 39673.0, 39465.0, 38873.0, 39017.0]",[]
5,10,False,647,183,-1,9,[],[],[],[],"[805, 824, 841, 734, 678]","[805, 824, 841, 734, 678]","[9, -37, 43, -17, -19]","[-111, -30, -28, 49, -42]","[768, 780, 725, 758, 796, 793, 844, 825, 723, 742]","[372, 422, 354, 415, 288, 621, 617, 687, 599, 741]","[2, 0, -2, 0, 0, -3, -2, -2, -3, 0]","[-5, -5, -5, -5, -5, -5, -5, -5, -4, -5]",40.9,24.5,41658.0,"[37785.0, 37785.0, 37529.0, 37145.0, 36072.0, 35976.0, 35096.0, 34664.0, 34984.0, 34440.0, 33464.0, 33096.0, 32647.0, 32567.0, 33464.0, 33512.0, 33576.0, 34184.0, 33768.0, 33976.0]",[]
6,9,False,627,363,-1,9,[666],[390],[0],[5],"[793, 791, 841, 714, 658]","[793, 791, 841, 714, 658]","[-24, -90, 4, -36, -26]","[-121, -35, -66, 11, -85]","[808, 780, 758, 796, 733, 804, 785, 663, 742]","[272, 322, 315, 188, 521, 517, 587, 507, 641]","[2, 0, 0, 0, -3, -2, -2, -3, 0]","[-5, -5, -5, -5, -5, -5, -5, -5, -5]",40.9,24.5,41178.0,"[28887.0, 28390.0, 28214.0, 27958.0, 28070.0, 27974.0, 28711.0, 28006.0, 28630.0, 28422.0, 28022.0, 28214.0, 29207.0, 29159.0, 30503.0, 31527.0, 32567.0, 34904.0, 36248.0, 37897.0]",[]
7,7,False,611,445,0,-9,[666],[490],[0],[5],"[773, 743, 824, 694, 638]","[773, 743, 824, 694, 638]","[-45, -97, -12, -37, -10]","[-106, -34, -56, 14, -87]","[835, 780, 758, 796, 764, 745, 742, 805, 762, 824, 698, 704]","[172, 222, 215, 88, 417, 487, 541, 669, 680, 720, 653, 682]","[1, 0, 0, 0, -2, -2, 0, -2, -5, -5, -4, 1]","[-5, -5, -5, -5, -5, -5, -5, 5, 0, 0, -4, -5]",40.9,24.5,41434.0,"[31047.0, 32359.0, 33688.0, 36072.0, 38393.0, 40249.0, 40297.0, 40473.0, 39721.0, 38409.0, 36921.0, 34264.0, 30871.0, 28454.0, 27030.0, 24533.0, 23221.0, 22693.0, 22181.0, 21589.0]",[]
8,7,False,595,265,-1,-9,[],[],[],[],"[750, 804, 674, 635]","[750, 804, 674, 635]","[-29, -3, -21, 29]","[-75, -55, 29, -64]","[855, 780, 758, 724, 705, 742, 758, 662, 724, 618, 724]","[72, 122, 115, 317, 387, 441, 766, 680, 720, 573, 582]","[1, 0, 0, -2, -2, 0, -3, -5, -5, -4, 1]","[-5, -5, -5, -5, -5, -5, 4, 0, 0, -4, -5]",40.9,24.5,41258.0,"[31143.0, 31175.0, 30599.0, 30631.0, 31479.0, 31143.0, 32103.0, 33288.0, 34888.0, 36905.0, 39593.0, 40953.0, 41946.0, 43274.0, 44634.0, 45627.0, 45643.0, 46603.0, 45211.0, 45403.0]",[]
9,7,False,518,220,0,9,[],[],[],[],"[730, 801, 665, 647]","[730, 801, 665, 647]","[-16, 0, 27, 79]","[-40, -12, 35, -37]","[780, 742, 684, 665, 742, 690, 562, 624, 538, 744]","[22, 15, 217, 287, 341, 843, 680, 720, 493, 482]","[0, -1, -2, -2, 0, -4, -5, -5, -4, 1]","[-5, -5, -5, -5, -5, 3, 0, 0, -4, -5]",40.9,24.5,41354.0,"[44650.0, 44218.0, 44858.0, 44554.0, 44186.0, 43514.0, 42554.0, 40633.0, 39593.0, 38089.0, 36616.0, 36408.0, 36840.0, 37225.0, 36953.0, 36104.0, 35320.0, 34104.0, 33032.0, 32904.0]",[]
10,7,False,518,319,0,0,[],[],[],[],"[710, 800, 675, 680, 713]","[710, 800, 675, 680, 713]","[-18, -1, 62, 124, 18]","[11, 25, 44, -14, 6]","[644, 625, 742, 462, 524, 458, 764, 675, 743, 714, 654, 748]","[117, 187, 241, 680, 720, 413, 382, 588, 600, 606, 544, 601]","[-2, -2, 0, -5, -5, -4, 1, -5, -5, 0, -2, 0]","[-5, -5, -5, 0, 0, -4, -5, -2, -2, -5, -5, -5]",40.9,24.5,41146.0,"[31463.0, 30935.0, 29415.0, 27686.0, 26518.0, 24453.0, 22197.0, 21045.0, 18996.0, 18164.0, 18788.0, 18900.0, 18788.0, 19332.0, 19124.0, 19124.0, 19844.0, 19460.0, 19476.0, 19988.0]",[]
11,7,False,518,319,0,0,[],[],[],[],"[693, 782, 695, 720, 713]","[693, 782, 695, 720, 713]","[6, -8, 75, 137, 35]","[49, 54, 70, 19, 57]","[604, 585, 733, 362, 424, 378, 784, 575, 643, 714, 614, 748]","[17, 87, 141, 680, 706, 333, 282, 548, 544, 506, 444, 501]","[-2, -2, -1, -5, -5, -4, 1, -5, -5, 0, -2, 0]","[-5, -5, -5, 0, -1, -4, -5, -2, -3, -5, -5, -5]",40.9,24.5,41258.0,"[40153.0, 39641.0, 39001.0, 38377.0, 38457.0, 37145.0, 36969.0, 35528.0, 35032.0, 34328.0, 34760.0, 34152.0, 33448.0, 33592.0, 32792.0, 32183.0, 31527.0, 31591.0, 32039.0, 31303.0]",[]
12,6,False,537,339,6,7,[599],[411],[3],[4],"[692, 762, 721, 760, 716]","[692, 762, 721, 760, 716]","[-5, -26, 81, 121, 40]","[75, 68, 73, 32, 77]","[713, 262, 324, 298, 804, 475, 543, 714, 748, 782, 786, 737, 733, 743]","[41, 680, 686, 253, 182, 508, 484, 406, 401, 626, 611, 684, 597, 669]","[-1, -5, -5, -4, 1, -5, -5, 0, 0, 5, -3, -2, -5, -2]","[-5, 0, -1, -4, -5, -2, -3, -5, -5, 0, -4, -5, -2, -5]",40.9,24.5,41194.0,"[28422.0, 28118.0, 28198.0, 28855.0, 30343.0, 30247.0, 31031.0, 31415.0, 31255.0, 31591.0, 31975.0, 32327.0, 32375.0, 32103.0, 32055.0, 31847.0, 32295.0, 32647.0, 32295.0, 33720.0]",[]
13,6,False,586,255,2,-9,[659],[491],[3],[4],"[672, 738, 741, 791, 716]","[672, 738, 741, 791, 716]","[-18, -61, 71, 72, 25]","[86, 52, 47, 36, 61]","[162, 224, 218, 815, 375, 458, 714, 748, 882, 726, 697, 633, 703]","[680, 663, 173, 82, 468, 424, 306, 301, 616, 531, 584, 543, 569]","[-5, -5, -4, 0, -5, -4, 0, 0, 5, -3, -2, -5, -2]","[0, -2, -4, -5, -2, -3, -5, -5, -1, -4, -5, -3, -5]",40.9,24.5,41194.0,"[38313.0, 38601.0, 38233.0, 37993.0, 38297.0, 38361.0, 38409.0, 38457.0, 38233.0, 37609.0, 37689.0, 37257.0, 36136.0, 35880.0, 35656.0, 35752.0, 35608.0, 35592.0, 34792.0, 35096.0]",[]
14,6,False,516,130,0,0,[],[],[],[],"[698, 761, 802, 716]","[698, 761, 802, 716]","[-82, 52, 25, 15]","[34, 41, 41, 44]","[62, 124, 152, 275, 378, 714, 748, 975, 666, 657, 533, 663]","[673, 623, 93, 421, 364, 206, 201, 570, 451, 484, 483, 469]","[-5, -5, -3, -5, -4, 0, 0, 4, -3, -2, -5, -2]","[-1, -2, -4, -3, -3, -5, -5, -3, -4, -5, -3, -5]",40.9,24.5,41194.0,"[30359.0, 30487.0, 31255.0, 31495.0, 31751.0, 30791.0, 31239.0, 30311.0, 30487.0, 30007.0, 29895.0, 30199.0, 30903.0, 29959.0, 30375.0, 29223.0, 29255.0, 28999.0, 29239.0, 29367.0]",[]
15,6,False,445,271,0,9,[],[],[],[],"[651, 761, 802, 710, 1115]","[651, 761, 802, 710, 1115]","[-104, 24, 5, -5, -112]","[0, 19, 36, 3, -30]","[26, 92, 189, 298, 714, 748, 1027, 606, 617, 433, 623, 701, 790, 830, 719, 1120]","[572, 13, 361, 304, 106, 101, 480, 371, 384, 423, 369, 583, 663, 524, 658, 762]","[-4, -3, -4, -4, 0, 0, 1, -3, -2, -5, -2, -2, -1, -1, -2, -4]","[-3, -4, -3, -3, -5, -5, -5, -4, -5, -3, -5, -5, -5, -5, -5, -4]",40.9,24.5,41210.0,"[37353.0, 37529.0, 37209.0, 36456.0, 35880.0, 35288.0, 35384.0, 36120.0, 36840.0, 37513.0, 38105.0, 38537.0, 39017.0, 38505.0, 38489.0, 39257.0, 38489.0, 38809.0, 38505.0, 37385.0]",[]
16,5,False,449,424,0,0,[],[],[],[],"[609, 761, 801, 690, 1037]","[609, 761, 801, 690, 1037]","[-83, 19, -1, -28, -215]","[-20, 7, 18, -19, -64]","[109, 218, 714, 748, 1028, 546, 577, 583, 661, 770, 810, 675, 1040]","[301, 244, 6, 1, 380, 291, 284, 269, 483, 563, 424, 558, 682]","[-4, -4, 0, 0, -1, -3, -2, -2, -2, -1, -1, -3, -4]","[-3, -3, -5, -5, -5, -4, -5, -5, -5, -5, -5, -5, -4]",40.9,24.5,41258.0,"[36584.0, 35688.0, 34488.0, 33864.0, 34392.0, 33576.0, 32920.0, 32359.0, 31719.0, 31959.0, 31111.0, 31159.0, 31447.0, 31911.0, 32487.0, 33624.0, 33512.0, 33416.0, 34056.0, 34616.0]",[]
17,5,False,449,424,0,0,[],[],[],[],"[571, 761, 781, 670, 925]","[571, 761, 781, 670, 925]","[-48, 27, -4, -42, -280]","[-3, 36, 31, -25, -71]","[29, 138, 984, 473, 520, 543, 602, 750, 777, 615, 960, 589, 756, 813, 708, 972]","[241, 184, 287, 211, 184, 169, 383, 463, 324, 458, 602, 609, 759, 574, 686, 719]","[-4, -4, -3, -4, -3, -2, -3, -1, -2, -3, -4, -4, -5, -3, -2, -5]","[-3, -3, -4, -4, -5, -5, -5, -5, -5, -5, -4, -4, 0, -5, -5, -2]",41.0,24.5,41162.0,"[38937.0, 38793.0, 38249.0, 37593.0, 36184.0, 35880.0, 34984.0, 34632.0, 34744.0, 33992.0, 34360.0, 33880.0, 34008.0, 34760.0, 33992.0, 34376.0, 34728.0, 34488.0, 34504.0, 34200.0]",[]
18,5,False,444,325,0,0,[],[],[],[],"[551, 766, 777, 650, 803]","[551, 766, 777, 650, 803]","[-18, 58, -1, -15, -304]","[52, 49, 83, -13, -65]","[58, 904, 393, 460, 503, 542, 730, 737, 555, 880, 509, 656, 753, 668, 872]","[105, 221, 131, 88, 69, 283, 363, 224, 358, 522, 529, 744, 474, 586, 679]","[-4, -5, -4, -3, -2, -3, -1, -2, -3, -4, -4, -5, -3, -2, -5]","[-4, -3, -4, -4, -5, -5, -5, -5, -5, -4, -4, -1, -5, -5, -2]",41.0,24.5,41434.0,"[34312.0, 33928.0, 33816.0, 34376.0, 34136.0, 34216.0, 35032.0, 35032.0, 34904.0, 35624.0, 35496.0, 35080.0, 35336.0, 34760.0, 34664.0, 35304.0, 34632.0, 34776.0, 35400.0, 35672.0]",[]
19,4,False,480,315,5,-8,[],[],[],[],"[547, 786, 773, 636, 676]","[547, 786, 773, 636, 676]","[42, 59, 22, 11, -267]","[92, 59, 95, 15, -25]","[804, 313, 400, 482, 710, 697, 800, 429, 556, 693, 628, 772]","[179, 51, 8, 183, 263, 124, 442, 449, 724, 376, 486, 639]","[-5, -4, -3, -3, -1, -2, -4, -4, -5, -3, -2, -5]","[-2, -4, -4, -5, -5, -5, -4, -4, -1, -4, -5, -2]",41.0,24.5,41530.0,"[37465.0, 37401.0, 36424.0, 35992.0, 35528.0, 35624.0, 35128.0, 35224.0, 35048.0, 35336.0, 34888.0, 34824.0, 35032.0, 34856.0, 34712.0, 34616.0, 34184.0, 34520.0, 34120.0, 33672.0]",[]
20,4,False,541,141,3,-9,[],[],[],[],"[570, 806, 773, 638, 566]","[570, 806, 773, 638, 566]","[109, 69, 19, 58, -219]","[102, 52, 121, 39, 4]","[704, 422, 690, 657, 720, 357, 456, 633, 588, 672, 593, 796, 734, 684, 668]","[156, 83, 163, 24, 362, 369, 692, 296, 386, 599, 568, 681, 593, 595, 547]","[-5, -3, -1, -2, -4, -3, -5, -3, -2, -5, 0, -2, -4, 0, -2]","[-1, -5, -5, -5, -4, -4, -2, -4, -5, -2, -5, -5, -3, -5, -5]",41.0,24.5,41226.0,"[34824.0, 33800.0, 34056.0, 34488.0, 34600.0, 34328.0, 34888.0, 34120.0, 34568.0, 34584.0, 34248.0, 34008.0, 33880.0, 34248.0, 34392.0, 34600.0, 35400.0, 34776.0, 34712.0, 34952.0]",[]
21,4,False,449,130,-9,2,[],[],[],[],"[615, 826, 773, 666, 479]","[615, 826, 773, 666, 479]","[173, 88, 16, 114, -160]","[142, 81, 127, 69, 59]","[604, 670, 640, 297, 356, 573, 548, 572, 593, 756, 654, 684, 628]","[136, 63, 282, 289, 651, 216, 286, 559, 468, 581, 533, 495, 447]","[-5, -1, -4, -3, -5, -3, -2, -5, 0, -2, -4, 0, -2]","[-1, -5, -4, -4, -3, -4, -5, -2, -5, -5, -3, -5, -5]",41.0,24.5,41386.0,"[36616.0, 36008.0, 35944.0, 35608.0, 36552.0, 36120.0, 35816.0, 36120.0, 35544.0, 35480.0, 35480.0, 34504.0, 35208.0, 34696.0, 35512.0, 35096.0, 35240.0, 35272.0, 35064.0, 34824.0]",[]
22,4,False,357,267,0,9,[],[],[],[],"[675, 850, 760, 706, 418]","[675, 850, 760, 706, 418]","[193, 69, -12, 123, -101]","[138, 56, 124, 71, 84]","[504, 560, 237, 267, 513, 508, 472, 593, 716, 574, 684, 588, 677, 869, 764, 716, 513]","[116, 202, 209, 591, 136, 186, 504, 368, 481, 473, 395, 347, 715, 764, 706, 671, 607]","[-5, -4, -3, -4, -3, -2, -5, 0, -2, -4, 0, -2, -2, -2, -4, -2, 2]","[-1, -4, -4, -3, -4, -5, -3, -5, -5, -3, -5, -5, -5, -5, -4, -5, -5]",41.0,24.5,41370.0,"[35176.0, 34888.0, 34200.0, 34744.0, 34072.0, 34248.0, 34376.0, 34008.0, 34696.0, 34536.0, 35544.0, 35688.0, 35928.0, 35480.0, 35736.0, 35608.0, 35464.0, 36040.0, 35928.0, 35080.0]",[]
23,4,False,443,207,5,-8,[],[],[],[],"[735, 855, 740, 746, 377]","[735, 855, 740, 746, 377]","[163, 11, -21, 118, -70]","[84, 24, 89, 54, 65]","[404, 480, 177, 187, 453, 468, 372, 593, 676, 494, 684, 548, 637, 829, 687, 676, 553]","[110, 122, 129, 531, 56, 86, 444, 268, 381, 413, 295, 247, 615, 664, 626, 571, 507]","[-5, -4, -3, -4, -3, -2, -5, 0, -2, -4, 0, -2, -2, -2, -3, -2, 2]","[0, -4, -4, -3, -4, -5, -3, -5, -5, -3, -5, -5, -5, -5, -4, -5, -5]",41.100004,24.5,41226.0,"[37097.0, 37081.0, 36728.0, 37049.0, 36680.0, 36889.0, 36392.0, 36648.0, 35992.0, 36744.0, 36152.0, 36072.0, 36440.0, 36616.0, 36921.0, 37033.0, 36824.0, 37241.0, 36744.0, 37401.0]",[]
24,2,False,559,75,9,-1,[],[],[],[],"[788, 839, 720, 780, 351]","[788, 839, 720, 780, 351]","[142, -51, -42, 90, -3]","[28, 1, 50, 41, 63]","[304, 122, 107, 272, 593, 636, 414, 671, 597, 789, 627, 636, 593]","[110, 32, 457, 384, 168, 281, 351, 195, 515, 564, 546, 471, 407]","[-5, -2, -4, -5, 0, -2, -4, -1, -2, -2, -3, -2, 2]","[0, -5, -4, -3, -5, -5, -4, -5, -5, -5, -4, -5, -5]",41.100004,24.5,41194.0,"[34200.0, 35080.0, 34840.0, 35336.0, 35240.0, 35512.0, 35624.0, 35112.0, 35672.0, 35992.0, 35192.0, 35288.0, 35480.0, 35848.0, 34920.0, 35304.0, 34616.0, 34824.0, 35032.0, 34968.0]",[]
25,-1,False,582,230,-1,9,[620],[261],[-1],[5],"[828, 799, 690, 797, 356]","[828, 799, 690, 797, 356]","[101, -91, -60, 45, 65]","[-14, -36, 42, 20, 46]","[204, 46, 187, 334, 557, 749, 567, 596, 633, 831, 814, 708, 827, 427]","[110, 377, 324, 271, 415, 464, 466, 371, 307, 715, 719, 715, 655, 595]","[-5, -3, -4, -4, -2, -2, -3, -2, 2, 0, -3, -3, 0, 2]","[0, -4, -3, -4, -5, -5, -4, -5, -5, -5, -4, -5, -5, -5]",41.100004,24.5,41274.0,"[36552.0, 36889.0, 36184.0, 36072.0, 36168.0, 35880.0, 36088.0, 37017.0, 36136.0, 36136.0, 36648.0, 35992.0, 36536.0, 36120.0, 35944.0, 36248.0, 36808.0, 36248.0, 37097.0, 37129.0]",[]
26,-3,False,694,219,8,-5,[600],[361],[-1],[5],"[847, 743, 650, 797, 385]","[847, 743, 650, 797, 385]","[49, -125, -83, 13, 120]","[-48, -78, 3, -4, 30]","[104, 107, 257, 517, 709, 507, 831, 754, 648, 827, 467]","[110, 264, 191, 315, 364, 386, 615, 639, 615, 555, 495]","[-5, -4, -3, -2, -2, -3, 0, -3, -3, 0, 2]","[0, -3, -4, -5, -5, -4, -5, -4, -5, -5, -5]",41.100004,24.5,41210.0,"[37049.0, 36488.0, 36953.0, 37193.0, 37049.0, 36776.0, 36969.0, 36921.0, 36616.0, 36472.0, 36472.0, 36953.0, 36680.0, 35896.0, 36504.0, 36424.0, 36408.0, 35976.0, 36152.0, 36280.0]",[]
27,-3,False,861,141,9,-1,[580],[461],[-1],[5],"[848, 683, 610, 783, 434]","[848, 683, 610, 783, 434]","[32, -122, -61, -29, 183]","[-58, -84, -22, 5, 12]","[55, 27, 197, 485, 669, 447, 831, 694, 604, 827, 507, 871, 748, 659, 841, 482]","[160, 204, 111, 215, 264, 306, 515, 559, 515, 455, 395, 721, 683, 746, 691, 674]","[4, -4, -3, -1, -2, -3, 0, -3, -2, 0, 2, -2, -1, -1, 0, 4]","[3, -3, -4, -5, -5, -4, -5, -4, -5, -5, -5, -5, -5, -5, -5, -3]",41.100004,24.5,41194.0,"[37353.0, 37145.0, 37769.0, 37657.0, 37337.0, 37177.0, 37161.0, 36568.0, 36504.0, 36584.0, 36696.0, 37337.0, 37353.0, 37129.0, 37049.0, 36905.0, 37145.0, 37273.0, 36328.0, 36040.0]",[]
28,-3,False,1041,190,9,4,[560],[561],[-1],[5],"[848, 635, 583, 763, 509]","[848, 635, 583, 763, 509]","[21, -74, -25, -23, 244]","[-52, -62, -12, 17, 36]","[153, 147, 465, 629, 392, 831, 634, 564, 827, 547, 834, 728, 653, 841, 562]","[177, 16, 115, 164, 208, 415, 475, 415, 355, 295, 621, 583, 646, 591, 614]","[5, -2, -1, -2, -2, 0, -3, -2, 0, 2, -1, -1, 0, 0, 4]","[0, -5, -5, -5, -5, -5, -5, -5, -5, -5, -5, -5, -5, -5, -3]",41.100004,24.5,41498.0,"[36040.0, 36536.0, 35688.0, 35752.0, 35656.0, 36072.0, 35816.0, 36248.0, 36488.0, 35992.0, 36280.0, 36200.0, 36376.0, 36456.0, 36921.0, 36792.0, 36632.0, 36824.0, 36568.0, 37305.0]",[]
29,-3,False,1121,313,-4,9,[],[],[],[],"[848, 606, 569, 743]","[848, 606, 569, 743]","[11, -28, 6, -23]","[-28, -37, 19, 26]","[253, 445, 589, 352, 831, 574, 524, 827, 592, 814, 708, 653, 843, 642]","[177, 15, 64, 108, 315, 375, 315, 255, 195, 521, 483, 546, 491, 554]","[5, -1, -2, -2, 0, -3, -2, 0, 3, -1, -1, 0, 1, 4]","[0, -5, -5, -5, -5, -5, -5, -5, -5, -5, -5, -5, -5, -3]",41.100004,24.5,41418.0,"[37433.0, 37833.0, 37465.0, 37193.0, 37673.0, 37689.0, 36808.0, 36488.0, 36184.0, 35768.0, 36104.0, 35560.0, 36120.0, 36056.0, 36680.0, 36072.0, 36792.0, 36664.0, 36873.0, 36889.0]",[]
30,-3,False,1057,473,7,6,[],[],[],[],"[848, 597, 569, 723, 987]","[848, 597, 569, 723, 987]","[6, 24, 36, -5, -55]","[-25, 10, 32, 51, 5]","[353, 326, 831, 525, 484, 827, 652, 794, 708, 653, 863, 722, 991, 753, 696, 811, 1069]","[178, 8, 215, 275, 215, 155, 95, 421, 383, 446, 391, 494, 650, 629, 702, 635, 691]","[5, -1, 0, -2, -2, 0, 3, -1, 0, 0, 1, 4, 5, 5, 4, 1, 1]","[1, -5, -5, -5, -5, -5, -5, -5, -5, -5, -5, -3, -2, -1, -3, -5, -5]",41.100004,24.5,41194.0,"[37289.0, 36792.0, 37049.0, 37481.0, 38201.0, 38233.0, 38665.0, 38313.0, 38233.0, 38953.0, 39113.0, 39321.0, 39241.0, 39225.0, 39193.0, 38841.0, 38361.0, 38665.0, 37817.0, 38201.0]",[]
31,-3,False,1174,438,4,-9,[],[],[],[],"[848, 601, 573, 720, 947]","[848, 601, 573, 720, 947]","[22, 63, 59, 31, -93]","[5, 39, 49, 59, 0]","[453, 831, 485, 444, 827, 712, 774, 708, 653, 883, 804, 1091, 853, 776, 831, 1089]","[198, 115, 175, 115, 55, 12, 321, 283, 346, 291, 434, 610, 609, 642, 535, 591]","[5, 0, -2, -2, 0, 3, -1, 0, 0, 1, 5, 5, 5, 4, 1, 1]","[1, -5, -5, -5, -5, -4, -5, -5, -5, -5, -3, -2, -1, -3, -5, -5]",41.100004,24.5,41386.0,"[36488.0, 36280.0, 36248.0, 36889.0, 36328.0, 36921.0, 36664.0, 36760.0, 37081.0, 36905.0, 37657.0, 37049.0, 37193.0, 36953.0, 36808.0, 37097.0, 36744.0, 36680.0, 37065.0, 37049.0]",[]
32,-3,False,1096,284,-7,-6,[],[],[],[],"[848, 621, 593, 720, 898]","[848, 621, 593, 720, 898]","[23, 94, 95, 34, -127]","[35, 65, 14, 38, -19]","[553, 831, 445, 410, 754, 708, 653, 903, 904, 1191, 953, 856, 851, 1109, 947, 710, 681, 808, 980]","[218, 15, 75, 15, 221, 183, 246, 191, 374, 570, 589, 582, 435, 491, 660, 645, 758, 729, 715]","[5, 0, -2, -1, -1, 0, 0, 1, 5, 5, 5, 4, 1, 1, 5, 5, 5, 4, 2]","[1, -5, -5, -5, -5, -5, -5, -5, -3, -2, -1, -3, -5, -5, 0, 0, -1, -4, -5]",41.100004,24.5,41610.0,"[36760.0, 35768.0, 35416.0, 35928.0, 35128.0, 34824.0, 35048.0, 34344.0, 35192.0, 35352.0, 34984.0, 35784.0, 35976.0, 35544.0, 36040.0, 35784.0, 35352.0, 35864.0, 35768.0, 36136.0]",[]
33,-3,False,1103,281,9,-1,[],[],[],[],"[841, 652, 613, 720, 822]","[841, 652, 613, 720, 822]","[-11, 100, 91, 2, -189]","[38, 64, -14, 4, -44]","[653, 747, 708, 653, 923, 1004, 1291, 1053, 936, 885, 1129, 1047, 810, 781, 888, 1020]","[238, 121, 83, 146, 91, 314, 530, 569, 522, 335, 391, 660, 645, 738, 649, 615]","[5, 0, 0, 0, 1, 5, 5, 5, 4, 2, 1, 5, 5, 5, 4, 2]","[1, -5, -5, -5, -5, -3, -2, -1, -3, -5, -5, 0, 0, -1, -4, -5]",41.100004,24.5,41226.0,"[38025.0, 38137.0, 38841.0, 38441.0, 38329.0, 38249.0, 37385.0, 37289.0, 37673.0, 38025.0, 38361.0, 37609.0, 37833.0, 37769.0, 37209.0, 37113.0, 37705.0, 36953.0, 36873.0, 37017.0]",[]
34,-3,False,1238,302,2,9,[],[],[],[],"[816, 673, 633, 703, 725]","[816, 673, 633, 703, 725]","[-65, 79, 87, -13, -247]","[55, 37, -43, -30, -72]","[753, 747, 653, 1104, 1391, 1153, 1016, 925, 1149, 1147, 910, 881, 968, 1060]","[258, 21, 46, 254, 490, 538, 462, 235, 291, 640, 645, 698, 569, 515]","[5, 0, 0, 5, 5, 5, 4, 2, 1, 5, 5, 5, 4, 2]","[1, -5, -5, -3, -2, -2, -3, -5, -5, -1, 0, -2, -4, -5]",41.100004,24.5,41194.0,"[37353.0, 36792.0, 37673.0, 36744.0, 36824.0, 37481.0, 37033.0, 37129.0, 37545.0, 37401.0, 37673.0, 36648.0, 36792.0, 36824.0, 36552.0, 37017.0, 36792.0, 36985.0, 37193.0, 36969.0]",[]
35,-3,False,1162,282,-3,-9,[],[],[],[],"[768, 693, 653, 683, 625]","[768, 693, 653, 683, 625]","[-107, 71, 91, -28, -243]","[38, 23, -51, -43, -77]","[853, 1204, 1491, 1253, 1096, 965, 1169, 1247, 1010, 981, 1048, 1100, 963, 800, 781, 809, 863]","[278, 194, 450, 498, 402, 135, 191, 620, 638, 658, 489, 415, 635, 598, 713, 673, 669]","[5, 5, 5, 5, 4, 2, 1, 5, 5, 5, 4, 2, 5, 4, 5, 3, 5]","[1, -3, -2, -2, -3, -5, -5, -1, -1, -2, -4, -5, -2, -4, -1, -4, -2]",41.2,24.5,41578.0,"[38553.0, 37865.0, 37593.0, 36696.0, 37449.0, 37689.0, 37673.0, 36953.0, 36824.0, 37465.0, 37129.0, 37209.0, 37433.0, 36536.0, 36568.0, 36488.0, 37049.0, 37177.0, 37993.0, 37849.0]",[]
36,-4,False,1148,217,9,-3,[],[],[],[],"[708, 713, 673, 663, 525]","[708, 713, 673, 663, 525]","[-111, 73, 89, -32, -235]","[39, -5, -79, -50, -100]","[953, 1353, 1176, 1005, 1189, 1347, 1110, 1081, 1128, 1140, 1063, 880, 881, 869, 963]","[298, 458, 342, 35, 91, 600, 618, 618, 409, 315, 595, 518, 693, 593, 629]","[5, 5, 4, 2, 1, 5, 5, 5, 4, 2, 5, 4, 5, 3, 5]","[1, -2, -3, -5, -5, -1, -1, -2, -4, -5, -2, -4, -1, -4, -2]",41.2,24.5,41194.0,"[37481.0, 37305.0, 37545.0, 37577.0, 37545.0, 37657.0, 37961.0, 38057.0, 38137.0, 37929.0, 37721.0, 37785.0, 38297.0, 37929.0, 38025.0, 38665.0, 38073.0, 38377.0, 38313.0, 38745.0]",[]
37,-5,False,1081,131,0,0,[],[],[],[],"[648, 733, 693, 643, 425]","[648, 733, 693, 643, 425]","[-122, 76, 94, -20, -207]","[22, -5, -76, -46, -77]","[1053, 1453, 1256, 1447, 1210, 1181, 1208, 1163, 960, 981, 929, 1063, 755, 791, 763, 719, 556]","[301, 418, 282, 568, 598, 578, 329, 555, 438, 673, 513, 589, 638, 612, 612, 635, 592]","[5, 5, 4, 5, 5, 5, 4, 5, 4, 5, 3, 5, 4, 3, 3, 2, 4]","[0, -2, -3, -2, -1, -2, -4, -2, -4, -1, -4, -2, -3, -5, -4, -5, -3]",41.2,24.5,41226.0,"[38441.0, 37929.0, 37833.0, 38297.0, 37673.0, 38025.0, 38457.0, 37913.0, 37609.0, 38233.0, 37657.0, 37769.0, 37049.0, 36760.0, 36536.0, 37049.0, 36328.0, 37033.0, 36360.0, 36376.0]",[]
38,-5,False,909,199,-9,2,[],[],[],[],"[600, 753, 715, 632, 350]","[600, 753, 715, 632, 350]","[-65, 83, 91, 10, -131]","[46, 42, -53, -33, -50]","[1153, 1336, 1310, 1281, 1280, 1263, 1040, 1081, 989, 1163, 835, 851, 823, 759, 636]","[301, 222, 578, 538, 249, 515, 358, 653, 433, 549, 577, 512, 532, 535, 532]","[5, 4, 5, 5, 3, 5, 4, 5, 3, 5, 4, 3, 3, 2, 4]","[0, -3, -1, -2, -4, -2, -4, -1, -4, -2, -4, -5, -4, -5, -3]",41.2,24.5,41402.0,"[37577.0, 38313.0, 38201.0, 38169.0, 37449.0, 38169.0, 37801.0, 38025.0, 37577.0, 37529.0, 37641.0, 37769.0, 38537.0, 37849.0, 38793.0, 38425.0, 38185.0, 37641.0, 38217.0, 37897.0]",[]
39,-5,False,732,147,-9,-2,[],[],[],[],"[576, 786, 744, 632, 315]","[576, 786, 744, 632, 315]","[-38, 109, 108, 31, -12]","[69, 80, -9, 9, 5]","[1253, 1416, 1410, 1381, 1340, 1360, 1120, 1181, 1049, 1263, 915, 911, 883, 799, 716]","[301, 146, 556, 489, 169, 457, 278, 616, 353, 492, 497, 412, 452, 435, 472]","[5, 4, 5, 5, 3, 4, 4, 5, 3, 5, 4, 3, 3, 2, 4]","[0, -4, -2, -3, -4, -3, -4, -2, -4, -3, -4, -5, -4, -5, -3]",41.2,24.5,41482.0,"[38089.0, 38377.0, 37977.0, 38217.0, 38617.0, 38505.0, 37833.0, 38425.0, 38393.0, 38169.0, 38329.0, 38697.0, 38361.0, 39017.0, 38361.0, 38281.0, 39081.0, 38569.0, 39641.0, 39577.0]",[]
40,-5,False,562,180,-6,7,[608],[233],[-3],[4],"[557, 826, 784, 638, 320]","[557, 826, 784, 638, 320]","[0, 115, 134, 66, 75]","[82, 117, 35, 31, 48]","[1353, 1496, 1510, 1469, 1400, 1440, 1200, 1281, 1109, 1344, 994, 971, 943, 839, 796, 581, 817, 804, 756, 440]","[301, 66, 516, 429, 89, 397, 198, 576, 273, 432, 417, 312, 372, 335, 412, 595, 581, 514, 577, 545]","[5, 4, 5, 4, 3, 4, 4, 5, 3, 4, 3, 3, 3, 2, 4, -2, -1, 1, 4, 3]","[0, -4, -2, -3, -4, -3, -4, -2, -4, -3, -4, -5, -4, -5, -3, -5, -5, -5, -3, -4]",41.2,24.5,41178.0,"[39769.0, 39961.0, 39481.0, 38697.0, 38841.0, 38217.0, 37673.0, 37097.0, 36712.0, 36889.0, 37417.0, 37561.0, 36921.0, 35752.0, 35880.0, 35208.0, 35592.0, 35080.0, 35144.0, 35256.0]",[]
41,-5,False,425,235,-5,-8,[548],[313],[-3],[4],"[562, 866, 824, 665, 356]","[562, 866, 824, 665, 356]","[63, 118, 115, 115, 159]","[101, 168, 74, 83, 99]","[1453, 1518, 1278, 1381, 1169, 1424, 1054, 1019, 1003, 879, 876, 541, 796, 810, 836, 500]","[301, 321, 118, 536, 176, 367, 337, 212, 292, 235, 346, 495, 481, 414, 516, 465]","[5, 3, 3, 5, 3, 4, 3, 2, 3, 2, 4, -2, -2, 0, 4, 3]","[0, -4, -4, -2, -5, -4, -4, -5, -4, -5, -4, -5, -5, -5, -4, -4]",41.3,24.5,41178.0,"[37673.0, 37881.0, 37513.0, 36680.0, 36808.0, 36921.0, 36568.0, 36776.0, 37033.0, 37385.0, 37689.0, 36937.0, 36953.0, 37465.0, 37113.0, 37513.0, 38169.0, 38521.0, 38025.0, 38585.0]",[]
42,-5,False,355,137,-9,-3,[488],[393],[-3],[4],"[582, 900, 860, 705, 428]","[582, 900, 860, 705, 428]","[93, 82, 85, 126, 228]","[104, 149, 95, 76, 113]","[1338, 1481, 1216, 1495, 1114, 1059, 1063, 918, 956, 501, 756, 810, 916, 560, 602, 896, 845, 716, 439]","[38, 489, 76, 287, 251, 112, 202, 135, 266, 395, 381, 314, 436, 385, 717, 759, 633, 617, 614]","[3, 5, 2, 3, 3, 2, 3, 1, 4, -2, -2, 0, 4, 3, -2, -4, -5, -2, 0]","[-4, -3, -5, -4, -5, -5, -5, -5, -4, -5, -5, -5, -4, -4, -5, -3, -2, -5, -5]",41.3,24.5,41370.0,"[36568.0, 37065.0, 37001.0, 37241.0, 37353.0, 37257.0, 37417.0, 36969.0, 37081.0, 36152.0, 36088.0, 36072.0, 36584.0, 35864.0, 35928.0, 36024.0, 36280.0, 36168.0, 36776.0, 36296.0]",[]
43,-5,False,301,131,0,0,[428],[473],[-3],[4],"[602, 914, 873, 741, 519]","[602, 914, 873, 741, 519]","[83, 32, 27, 90, 262]","[61, 121, 97, 42, 75]","[1156, 1099, 1113, 938, 1036, 461, 716, 810, 983, 620, 562, 816, 745, 674, 439]","[151, 12, 102, 35, 186, 295, 281, 214, 356, 305, 617, 699, 593, 517, 514]","[2, 2, 2, 1, 4, -2, -2, 0, 3, 3, -2, -4, -5, -3, 0]","[-5, -5, -5, -5, -4, -5, -5, -5, -4, -4, -5, -3, -2, -5, -5]",41.3,24.5,41194.0,"[37897.0, 38345.0, 39049.0, 38553.0, 39065.0, 39097.0, 39017.0, 38297.0, 38601.0, 38537.0, 38233.0, 38249.0, 38793.0, 38953.0, 39305.0, 38857.0, 38505.0, 38665.0, 38201.0, 38297.0]",[]
44,-5,False,301,131,0,0,[370],[571],[-2],[5],"[622, 903, 860, 761, 619]","[622, 903, 860, 761, 619]","[92, -27, -37, 53, 266]","[25, 78, 73, 41, 50]","[1182, 1153, 1109, 421, 676, 810, 1043, 680, 522, 736, 645, 614, 439]","[51, 2, 106, 195, 181, 114, 273, 225, 517, 624, 553, 417, 414]","[1, 2, 3, -2, -2, 0, 3, 3, -2, -4, -5, -3, 0]","[-5, -5, -4, -5, -5, -5, -5, -4, -5, -4, -2, -5, -5]",41.3,24.5,41306.0,"[39817.0, 40041.0, 39561.0, 40265.0, 39753.0, 39625.0, 39625.0, 40089.0, 40009.0, 39337.0, 39305.0, 40121.0, 39993.0, 39401.0, 39689.0, 39705.0, 39353.0, 39897.0, 40313.0, 40297.0]",[]
45,-5,False,301,131,0,0,[330],[671],[-2],[5],"[655, 868, 829, 763, 719]","[655, 868, 829, 763, 719]","[97, -89, -70, 41, 282]","[-5, 37, 49, 30, 35]","[1169, 381, 633, 810, 1090, 740, 482, 656, 545, 554, 424, 605, 887, 846, 771, 645]","[26, 95, 81, 14, 173, 144, 417, 544, 513, 317, 314, 726, 741, 637, 594, 618]","[3, -2, -3, 0, 2, 3, -2, -4, -5, -3, -1, -3, -3, -3, -2, -1]","[-4, -5, -5, -5, -5, -5, -5, -4, -2, -5, -5, -4, -4, -4, -5, -5]",41.3,24.5,41194.0,"[40121.0, 40345.0, 40185.0, 39849.0, 39849.0, 39433.0, 37993.0, 38217.0, 37273.0, 37801.0, 37673.0, 37321.0, 37401.0, 37865.0, 37593.0, 38425.0, 38537.0, 38729.0, 39017.0, 40105.0]",[]
46,-5,False,301,131,0,0,[292],[771],[-1],[5],"[684, 812, 784, 763, 813]","[684, 812, 784, 763, 813]","[111, -126, -113, 27, 239]","[-37, -5, 4, 27, 11]","[1125, 800, 442, 576, 445, 494, 404, 545, 827, 786, 731, 625]","[73, 44, 317, 464, 473, 217, 214, 646, 661, 557, 494, 518]","[1, 3, -2, -4, -5, -3, -1, -3, -3, -3, -2, -1]","[-5, -5, -5, -4, -2, -5, -5, -4, -4, -4, -5, -5]",41.3,24.5,41530.0,"[44378.0, 44010.0, 43770.0, 43450.0, 42602.0, 41866.0, 41626.0, 41770.0, 41178.0, 41194.0, 42170.0, 43114.0, 44074.0, 44298.0, 45611.0, 46267.0, 47115.0, 47147.0, 47723.0, 47947.0]",[]
47,-5,False,301,131,0,0,[],[],[],[],"[719, 748, 724, 763, 893]","[719, 748, 724, 763, 893]","[108, -151, -119, 21, 203]","[-44, -5, -1, 35, -16]","[402, 496, 345, 434, 384, 485, 767, 726, 691, 605, 718, 778, 757, 770, 863]","[217, 384, 418, 117, 114, 566, 581, 477, 394, 418, 726, 761, 670, 652, 669]","[-2, -4, -5, -3, -1, -3, -3, -3, -2, -1, -3, -4, -3, -4, -3]","[-5, -4, -3, -5, -5, -4, -4, -4, -5, -5, -4, -3, -5, -4, -4]",41.3,24.5,41482.0,"[32071.0, 32087.0, 31687.0, 30631.0, 30631.0, 29783.0, 29127.0, 27606.0, 27110.0, 27254.0, 26806.0, 27158.0, 27398.0, 28422.0, 28406.0, 28935.0, 28566.0, 29719.0, 29271.0, 29719.0]",[]
48,-6,False,301,131,0,0,[],[],[],[],"[759, 677, 664, 763, 958]","[759, 677, 664, 763, 958]","[114, -151, -111, 32, 187]","[-13, -7, 10, 62, 16]","[416, 245, 374, 364, 425, 702, 666, 651, 585, 658, 698, 697, 690, 803]","[304, 358, 17, 14, 486, 501, 397, 294, 318, 646, 701, 570, 572, 589]","[-4, -5, -3, -1, -3, -4, -3, -2, -1, -3, -4, -3, -4, -3]","[-4, -3, -5, -5, -4, -4, -4, -5, -5, -4, -3, -5, -4, -4]",41.3,24.5,41306.0,"[30583.0, 31495.0, 32471.0, 33944.0, 35144.0, 35304.0, 35736.0, 35528.0, 35640.0, 35336.0, 35896.0, 35032.0, 35240.0, 35784.0, 35608.0, 35224.0, 35016.0, 35112.0, 35224.0, 34760.0]",[]
49,-6,False,301,131,0,0,[],[],[],[],"[799, 620, 621, 764, 1018]","[799, 620, 621, 764, 1018]","[111, -87, -63, 52, 152]","[26, -2, 20, 94, 30]","[336, 145, 365, 622, 606, 611, 565, 598, 618, 637, 610, 743]","[224, 298, 406, 421, 317, 194, 218, 566, 641, 470, 492, 509]","[-4, -5, -3, -4, -3, -2, -1, -3, -4, -3, -4, -3]","[-4, -3, -4, -4, -4, -5, -5, -4, -3, -5, -4, -4]",41.3,24.5,41466.0,"[33112.0, 32679.0, 32808.0, 32311.0, 33080.0, 33416.0, 33160.0, 32679.0, 32615.0, 32968.0, 32936.0, 33624.0, 33272.0, 33608.0, 32856.0, 32359.0, 31863.0, 31431.0, 31303.0, 30871.0]",[]
50,-7,False,301,131,0,0,[],[],[],[],"[839, 580, 590, 783, 1058]","[839, 580, 590, 783, 1058]","[130, -59, -34, 58, 105]","[26, 27, 36, 117, 56]","[54, 305, 542, 546, 571, 545, 538, 538, 577, 530, 683, 764, 613, 583, 752, 961]","[238, 326, 341, 237, 94, 118, 486, 581, 370, 412, 429, 669, 647, 655, 646, 637]","[-4, -3, -4, -3, -2, -1, -3, -4, -3, -4, -3, -4, -2, -4, -3, -5]","[-3, -4, -4, -4, -5, -5, -4, -3, -5, -4, -4, -3, -5, -3, -4, -3]",41.3,24.5,41290.0,"[40249.0, 39641.0, 40425.0, 40105.0, 39401.0, 40025.0, 38985.0, 38361.0, 38601.0, 37817.0, 37321.0, 37257.0, 36969.0, 37337.0, 36632.0, 37065.0, 36744.0, 36232.0, 36552.0, 36440.0]",[]
