,HP,Power up,Player x,Player y,Player speed_x,Player speed_y,Player bullet x,Player bullet y,Player bullet speed_x,Player bullet speed_y,Enemy x,Enemy y,Enemy speed_x,Enemy speed_y,Enemy bullet x,Enemy bullet y,Enemy bullet speed_x,Enemy bullet speed_y,Humidity,Temperature,Skin conductance,Relative blood volume,Accelerations
0,10,False,714,535,-2,9,[754],[581],[-1],[5],"[752, 1149, 664, 680, 896]","[752, 1149, 664, 680, 896]","[-62, -107, -252, 418, -125]","[17, -11, 9, 112, 68]",[],[],[],[],41.100004,24.6,41194.0,"[38953.0, 38841.0, 37433.0, 36889.0, 36584.0, 36328.0, 36456.0, 36648.0, 35992.0, 36248.0, 35928.0, 36776.0, 36184.0, 36248.0, 35752.0, 36056.0, 35592.0, 36168.0, 35912.0, 35048.0]",[]
1,10,False,746,489,4,-8,[],[],[],[],"[1083, 562, 840, 836]","[1083, 562, 840, 836]","[-176, -216, 413, -128]","[-1, 32, 124, 84]",[],[],[],[],41.100004,24.6,41146.0,"[35080.0, 34616.0, 35032.0, 34856.0, 35112.0, 35288.0, 34760.0, 35656.0, 36216.0, 37881.0, 39337.0, 41066.0, 42282.0, 43850.0, 44714.0, 44698.0, 45018.0, 45387.0, 45243.0, 44234.0]",[]
2,10,False,826,329,4,-8,[],[],[],[],"[992, 475, 985, 776, 945]","[992, 475, 985, 776, 945]","[-250, -174, 363, -147, -28]","[-17, 32, 114, 59, 3]","[1054, 572, 1016, 861, 958]","[671, 685, 743, 755, 641]","[-2, 2, 5, 1, -4]","[-5, -5, -3, -5, -3]",41.100004,24.6,41162.0,"[43210.0, 43034.0, 42170.0, 41690.0, 41242.0, 40633.0, 40121.0, 40041.0, 39145.0, 38489.0, 37065.0, 37097.0, 36040.0, 35272.0, 35096.0, 35112.0, 35256.0, 35144.0, 35256.0, 35096.0]",[]
3,10,False,879,193,0,0,[],[],[],[],"[872, 395, 1103, 697, 916]","[872, 395, 1103, 697, 916]","[-280, -154, 286, -172, -81]","[-25, 28, 89, 21, 5]","[1014, 612, 1097, 881, 878]","[571, 585, 683, 655, 581]","[-2, 2, 4, 1, -4]","[-5, -5, -3, -5, -3]",41.100004,24.6,41210.0,"[36408.0, 36152.0, 37017.0, 36520.0, 36184.0, 35960.0, 36424.0, 37225.0, 38953.0, 40361.0, 42330.0, 44106.0, 45451.0, 45771.0, 47163.0, 46523.0, 47147.0, 46267.0, 45659.0, 45115.0]",[]
4,10,False,871,354,0,9,[],[],[],[],"[749, 338, 1187, 617, 864]","[749, 338, 1187, 617, 864]","[-304, -93, 191, -185, -122]","[-51, 19, 51, -39, 22]","[974, 652, 1173, 901, 798]","[471, 485, 605, 555, 508]","[-2, 2, 3, 1, -4]","[-5, -5, -4, -5, -4]",41.100004,24.6,41178.0,"[44234.0, 44042.0, 43210.0, 42426.0, 40921.0, 40073.0, 39481.0, 38073.0, 37129.0, 35992.0, 35768.0, 35384.0, 34520.0, 35096.0, 34312.0, 34456.0, 34120.0, 34056.0, 34376.0, 35032.0]",[]
5,8,False,866,534,-1,9,[],[],[],[],"[609, 304, 1227, 536, 804]","[609, 304, 1227, 536, 804]","[-343, -35, 74, -183, -146]","[-85, 19, 7, -61, 15]","[934, 692, 1233, 718, 683, 477, 1152, 754]","[371, 385, 525, 428, 631, 735, 739, 743]","[-2, 2, 3, -4, -5, 5, -4, 5]","[-5, -5, -4, -4, -2, 0, -4, -3]",41.100004,24.6,41050.0,"[32343.0, 33240.0, 32487.0, 33032.0, 34024.0, 33640.0, 33880.0, 33576.0, 33944.0, 34856.0, 34056.0, 34776.0, 34280.0, 34392.0, 34840.0, 35048.0, 36168.0, 37849.0, 39897.0, 41530.0]",[]
6,8,False,920,474,4,-8,[],[],[],[],"[465, 289, 1220, 456, 730]","[465, 289, 1220, 456, 730]","[-341, 19, -56, -166, -163]","[-72, -3, -28, -74, 17]","[894, 732, 1286, 638, 583, 577, 1072, 854]","[271, 285, 429, 348, 591, 735, 659, 683]","[-2, 2, 2, -4, -5, 5, -4, 5]","[-5, -5, -5, -4, -2, 0, -4, -3]",41.100004,24.6,41130.0,"[34760.0, 33800.0, 34408.0, 34504.0, 34504.0, 35176.0, 34600.0, 34968.0, 35672.0, 35416.0, 35880.0, 35240.0, 35496.0, 35224.0, 34984.0, 34536.0, 33928.0, 34104.0, 33416.0, 33176.0]",[]
7,8,False,1004,310,6,-7,[],[],[],[],"[333, 300, 1165, 391, 650]","[333, 300, 1165, 391, 650]","[-265, 104, -162, -100, -163]","[-63, -6, -64, -65, 42]","[854, 772, 1326, 569, 491, 677, 992, 954, 479, 382, 1190, 514, 725]","[171, 185, 329, 268, 537, 735, 579, 623, 617, 707, 778, 697, 609]","[-2, 2, 2, -3, -4, 5, -4, 5, 5, 5, -5, 5, 0]","[-5, -5, -5, -4, -3, 0, -4, -3, 0, -1, -1, -1, -5]",41.100004,24.6,41546.0,"[35464.0, 36072.0, 36008.0, 37465.0, 38313.0, 40201.0, 42586.0, 44042.0, 46043.0, 47131.0, 47467.0, 47323.0, 47403.0, 47083.0, 45627.0, 44858.0, 44426.0, 42602.0, 41754.0, 40665.0]",[]
8,8,False,1076,280,6,-7,[1144],[369],[4],[3],"[238, 352, 1073, 360, 585]","[238, 352, 1073, 360, 585]","[-151, 207, -228, -11, -107]","[-25, -3, -45, -40, 59]","[814, 812, 1349, 510, 415, 777, 912, 1054, 579, 482, 1090, 614, 725]","[71, 85, 229, 183, 466, 735, 499, 563, 617, 687, 748, 677, 509]","[-2, 2, 1, -2, -3, 5, -4, 5, 5, 5, -5, 5, 0]","[-5, -5, -5, -5, -4, 0, -4, -3, 0, -1, -2, -1, -5]",41.100004,24.6,41162.0,"[35144.0, 35464.0, 35080.0, 34744.0, 34696.0, 34136.0, 33464.0, 33368.0, 32711.0, 33032.0, 32968.0, 32455.0, 32343.0, 32423.0, 32872.0, 32776.0, 33192.0, 33480.0, 33592.0, 34184.0]",[]
9,8,False,1173,120,3,-9,[1215],[442],[3],[4],"[189, 444, 961, 371, 541]","[189, 444, 961, 371, 541]","[-44, 292, -277, 96, -52]","[24, 16, -17, 6, 85]","[1361, 477, 370, 877, 845, 1139, 679, 582, 990, 714, 725]","[129, 83, 372, 727, 419, 503, 617, 664, 708, 657, 409]","[0, -1, -1, 5, -3, 4, 5, 5, -5, 5, 0]","[-5, -5, -5, -1, -4, -3, 0, -2, -2, -1, -5]",41.100004,24.6,41162.0,"[35144.0, 35464.0, 35080.0, 34744.0, 34696.0, 34136.0, 33464.0, 33368.0, 32711.0, 33032.0, 32968.0, 32455.0, 32343.0, 32423.0, 32872.0, 32776.0, 33192.0, 33480.0, 33592.0, 34184.0]",[]
10,8,False,1098,156,-5,8,[1250],[540],[1],[5],"[183, 561, 837, 411, 526]","[183, 561, 837, 411, 526]","[66, 348, -301, 151, 27]","[58, 37, 8, 45, 118]","[1361, 366, 977, 785, 1219, 779, 682, 890, 814, 725, 336, 580, 991, 511, 647]","[29, 272, 707, 339, 443, 617, 624, 668, 637, 309, 604, 622, 607, 607, 628]","[0, 0, 5, -3, 4, 5, 5, -5, 5, 0, 5, 4, 0, 5, 3]","[-5, -5, -1, -4, -3, 0, -2, -2, -1, -5, -1, -3, -5, -1, -4]",41.100004,24.6,41418.0,"[34520.0, 35272.0, 34536.0, 34872.0, 33880.0, 34072.0, 34088.0, 33432.0, 32904.0, 33128.0, 33224.0, 32808.0, 32391.0, 33208.0, 32824.0, 32695.0, 32615.0, 32792.0, 32936.0, 33272.0]",[]
11,8,False,968,286,-7,6,[1244],[640],[-1],[5],"[228, 701, 702, 477, 541]","[228, 701, 702, 477, 541]","[204, 383, -301, 221, 99]","[83, 55, 36, 90, 128]","[397, 1077, 725, 1299, 879, 782, 790, 914, 737, 436, 660, 1010, 611, 707]","[172, 687, 259, 383, 617, 584, 626, 617, 209, 584, 562, 507, 587, 548]","[2, 5, -3, 4, 5, 5, -5, 5, 1, 5, 4, 1, 5, 3]","[-5, -1, -4, -3, 0, -2, -3, -1, -5, -1, -3, -5, -1, -4]",41.100004,24.6,41210.0,"[32792.0, 32359.0, 32695.0, 32471.0, 33768.0, 33752.0, 33368.0, 33736.0, 33992.0, 34856.0, 34536.0, 35512.0, 35688.0, 36136.0, 37193.0, 38489.0, 40713.0, 43098.0, 45002.0, 47179.0]",[]
12,8,False,818,349,-6,-7,[1195],[731],[-3],[4],"[324, 842, 582, 565, 584]","[324, 842, 582, 565, 584]","[310, 388, -277, 261, 148]","[101, 58, 19, 84, 106]","[459, 1177, 665, 1379, 979, 882, 690, 1014, 757, 536, 740, 1010, 711, 767, 361, 787, 726, 616, 652]","[88, 667, 179, 323, 617, 544, 566, 578, 109, 564, 502, 407, 567, 468, 631, 660, 686, 643, 773]","[4, 5, -3, 4, 5, 5, -5, 5, 1, 5, 4, 0, 5, 3, 4, -3, 5, 5, 4]","[-4, -1, -4, -3, 0, -2, -3, -2, -5, -1, -3, -5, -1, -4, -3, -4, -1, -2, -3]",41.100004,24.6,41194.0,"[33416.0, 33832.0, 34136.0, 34328.0, 33672.0, 34536.0, 34312.0, 34696.0, 34456.0, 33928.0, 33864.0, 35144.0, 34456.0, 33608.0, 33496.0, 33160.0, 33128.0, 33208.0, 33096.0, 32151.0]",[]
13,8,False,704,301,-1,9,[1119],[803],[-4],[3],"[444, 975, 462, 660, 624]","[444, 975, 462, 660, 624]","[347, 316, -266, 251, 144]","[71, 30, 8, 73, 69]","[539, 1277, 605, 1459, 1079, 982, 600, 1114, 777, 636, 820, 1010, 811, 827, 441, 727, 826, 716, 732]","[23, 647, 99, 261, 611, 504, 506, 538, 9, 544, 442, 307, 547, 388, 571, 580, 666, 603, 713]","[4, 5, -3, 4, 5, 5, -4, 5, 1, 5, 4, 0, 5, 3, 4, -3, 5, 5, 4]","[-3, -1, -4, -4, -1, -2, -3, -2, -5, -1, -3, -5, -1, -4, -3, -4, -1, -2, -3]",41.100004,24.6,41242.0,"[34856.0, 35304.0, 35240.0, 35096.0, 35592.0, 36056.0, 38249.0, 40953.0, 42506.0, 45499.0, 46795.0, 48283.0, 48779.0, 48603.0, 48315.0, 47579.0, 47451.0, 45611.0, 44378.0, 43098.0]",[]
14,8,False,683,319,-3,-9,"[1038, 741]","[863, 448]","[-5, 0]","[3, 5]","[569, 1080, 358, 743, 680]","[569, 1080, 358, 743, 680]","[355, 252, -203, 216, 155]","[47, 20, 5, 68, 16]","[1377, 545, 1179, 1082, 520, 1214, 736, 900, 1010, 911, 887, 521, 667, 926, 816, 812]","[617, 19, 591, 464, 446, 498, 524, 382, 207, 527, 308, 511, 500, 646, 563, 643]","[5, -3, 5, 5, -4, 5, 5, 4, 0, 5, 3, 4, -3, 5, 5, 4]","[-2, -4, -1, -2, -3, -2, -1, -3, -5, -1, -4, -3, -4, -1, -2, -4]",41.100004,24.6,41162.0,"[36440.0, 36648.0, 36040.0, 35848.0, 36008.0, 35032.0, 34728.0, 34456.0, 34616.0, 34136.0, 33512.0, 33576.0, 33944.0, 33240.0, 33752.0, 33304.0, 33416.0, 33752.0, 34728.0, 34824.0]",[]
15,8,False,560,191,-9,-4,[741],[548],[0],[5],"[709, 1152, 282, 815, 721]","[709, 1152, 282, 815, 721]","[359, 163, -137, 179, 104]","[58, -27, -32, 63, -28]","[1477, 1279, 1182, 440, 1314, 836, 980, 1010, 1011, 947, 601, 607, 1026, 916, 892, 655, 1101, 488, 811, 721]","[577, 571, 419, 386, 458, 504, 322, 107, 507, 228, 451, 420, 606, 523, 563, 609, 610, 668, 612, 713]","[5, 5, 5, -4, 5, 5, 4, 0, 5, 3, 4, -3, 5, 5, 4, 2, -1, 5, 1, 0]","[-2, -1, -3, -3, -2, -1, -3, -5, -1, -4, -3, -4, -2, -2, -4, -5, -5, -1, -5, -5]",41.100004,24.6,41162.0,"[34840.0, 35208.0, 35496.0, 35336.0, 35880.0, 35416.0, 35608.0, 36152.0, 35800.0, 35672.0, 36184.0, 36584.0, 36937.0, 37721.0, 39705.0, 41946.0, 44330.0, 46299.0, 48667.0, 50252.0]",[]
16,8,False,380,157,-9,-1,[741],[648],[0],[5],"[841, 1187, 227, 869, 749]","[841, 1187, 227, 869, 749]","[342, 69, -73, 128, 83]","[38, -61, -60, 34, -72]","[1379, 1271, 360, 1414, 936, 1060, 1010, 1111, 1007, 681, 547, 1126, 1016, 972, 695, 1068, 588, 831, 721]","[551, 359, 326, 418, 484, 262, 7, 468, 129, 391, 340, 566, 470, 483, 509, 510, 648, 512, 613]","[5, 4, -4, 5, 5, 4, 0, 5, 3, 4, -3, 5, 5, 4, 2, -2, 5, 1, 0]","[-1, -3, -3, -2, -1, -3, -5, -2, -5, -3, -4, -2, -3, -4, -5, -5, -1, -5, -5]",41.0,24.6,41402.0,"[35656.0, 34728.0, 34600.0, 34536.0, 33560.0, 33560.0, 33448.0, 32519.0, 32279.0, 31975.0, 32199.0, 32183.0, 32439.0, 31943.0, 31511.0, 31719.0, 31271.0, 31751.0, 32231.0, 32792.0]",[]
17,8,False,299,148,0,0,[],[],[],[],"[956, 1184, 208, 909, 694]","[956, 1184, 208, 909, 694]","[297, -19, 40, 104, 19]","[31, -64, -39, 45, 11]","[1479, 1351, 280, 1514, 1036, 1140, 1211, 1055, 761, 487, 1215, 1098, 1039, 735, 1028, 688, 850, 721, 904, 1179, 277, 916, 702]","[526, 293, 266, 365, 464, 202, 428, 29, 331, 260, 508, 410, 403, 409, 410, 611, 412, 513, 699, 626, 584, 689, 722]","[5, 4, -4, 5, 5, 4, 5, 2, 4, -3, 4, 4, 3, 2, -2, 5, 0, 0, -4, -5, 2, -2, -4]","[-2, -4, -3, -3, -1, -3, -2, -5, -3, -4, -3, -3, -4, -5, -5, -2, -5, -5, -3, -3, -5, -5, -4]",41.0,24.6,41274.0,"[46651.0, 48091.0, 48955.0, 49612.0, 49948.0, 49612.0, 48859.0, 48091.0, 47003.0, 45835.0, 44442.0, 43066.0, 42442.0, 41466.0, 40425.0, 40185.0, 39129.0, 38089.0, 36312.0, 35160.0]",[]
18,8,False,299,148,0,0,[],[],[],[],"[1058, 1143, 234, 932, 698]","[1058, 1143, 234, 932, 698]","[269, -120, 143, 83, 52]","[52, -29, 3, 48, 30]","[1418, 200, 1136, 1220, 1311, 841, 427, 1293, 1178, 1099, 756, 988, 788, 850, 721, 824, 1079, 317, 876, 622]","[213, 206, 444, 123, 388, 259, 180, 436, 341, 323, 309, 310, 571, 312, 413, 639, 566, 484, 589, 642]","[3, -4, 5, 4, 5, 4, -3, 3, 4, 3, 1, -2, 5, 0, 0, -4, -5, 2, -2, -4]","[-4, -3, -1, -4, -2, -4, -4, -4, -4, -4, -5, -5, -2, -5, -5, -3, -3, -5, -5, -4]",41.0,24.6,41226.0,"[32039.0, 31671.0, 32151.0, 31911.0, 32519.0, 32471.0, 32263.0, 31943.0, 32599.0, 32888.0, 32567.0, 32567.0, 33096.0, 33352.0, 34136.0, 34200.0, 33672.0, 34264.0, 34248.0, 34504.0]",[]
19,7,False,299,148,0,0,[],[],[],[],"[1144, 1073, 312, 952, 718]","[1144, 1073, 312, 952, 718]","[206, -170, 264, 55, 98]","[49, 24, 34, 69, 60]","[1463, 120, 1236, 1291, 1411, 921, 1349, 1245, 1159, 776, 939, 888, 850, 721, 744, 979, 357, 824, 542]","[115, 146, 412, 43, 339, 179, 348, 261, 234, 209, 210, 531, 212, 313, 579, 506, 384, 489, 562]","[1, -4, 5, 3, 5, 4, 2, 3, 3, 1, -3, 5, 0, 0, -4, -5, 2, -3, -4]","[-5, -3, -2, -4, -3, -4, -5, -4, -5, -5, -5, -2, -5, -5, -3, -3, -5, -5, -4]",41.0,24.6,41066.0,"[44346.0, 42890.0, 41674.0, 41306.0, 40201.0, 39145.0, 37689.0, 36905.0, 35176.0, 34744.0, 33464.0, 33240.0, 33112.0, 33032.0, 32776.0, 33592.0, 33464.0, 33976.0, 33816.0, 34024.0]",[]
20,7,False,299,148,0,0,[],[],[],[],"[1203, 993, 435, 972, 758]","[1203, 993, 435, 972, 758]","[125, -200, 376, 50, 116]","[68, 52, 76, 67, 79]","[1473, 40, 1336, 1495, 984, 1378, 1297, 1204, 796, 879, 988, 850, 721, 664, 879, 397, 764, 462, 1090, 1009, 356, 922, 688]","[15, 67, 372, 279, 99, 248, 167, 134, 109, 118, 480, 112, 213, 519, 446, 284, 389, 482, 719, 576, 515, 723, 702]","[0, -4, 5, 4, 3, 1, 2, 2, 1, -3, 5, 0, 0, -4, -5, 2, -3, -4, -5, -5, 0, -4, -4]","[-5, -4, -2, -3, -4, -5, -5, -5, -5, -4, -3, -5, -5, -3, -3, -5, -5, -4, -2, -2, -5, -3, -3]",41.0,24.6,41242.0,"[34152.0, 34152.0, 34056.0, 34872.0, 34504.0, 35208.0, 35000.0, 35704.0, 35928.0, 35736.0, 36072.0, 36376.0, 36536.0, 36376.0, 37049.0, 37593.0, 37721.0, 39305.0, 42826.0, 44970.0]",[]
21,7,False,299,148,0,0,[],[],[],[],"[1224, 894, 587, 972, 798]","[1224, 894, 587, 972, 798]","[33, -221, 409, 1, 121]","[80, 84, 132, 60, 96]","[1436, 1044, 1378, 1326, 1244, 809, 819, 1073, 850, 703, 584, 779, 437, 704, 382, 990, 909, 356, 842, 608]","[332, 18, 148, 67, 34, 9, 38, 420, 12, 113, 459, 386, 184, 289, 402, 679, 536, 415, 663, 642]","[5, 3, 0, 1, 2, 0, -3, 4, 0, -1, -4, -5, 2, -3, -4, -5, -5, 0, -4, -4]","[-2, -5, -5, -5, -5, -5, -4, -3, -5, -5, -3, -3, -5, -5, -4, -2, -2, -5, -3, -3]",41.0,24.6,41498.0,"[47307.0, 49164.0, 50716.0, 50316.0, 50060.0, 49404.0, 48811.0, 47307.0, 45675.0, 44506.0, 43498.0, 41770.0, 40953.0, 40681.0, 39113.0, 37641.0, 36937.0, 36056.0, 34984.0, 34376.0]",[]
22,7,False,299,148,0,0,[],[],[],[],"[1207, 787, 747, 952, 830]","[1207, 787, 747, 952, 830]","[-72, -270, 428, -48, 81]","[50, 113, 148, 48, 59]","[1536, 1350, 1153, 683, 504, 679, 477, 644, 302, 890, 809, 356, 762, 528, 1211, 845, 689, 976, 839]","[292, 48, 359, 13, 399, 326, 84, 189, 322, 639, 496, 315, 603, 582, 778, 636, 644, 782, 773]","[5, -2, 4, -1, -4, -5, 2, -3, -4, -5, -5, 0, -4, -4, -5, -4, -3, -3, -3]","[-2, -5, -4, -5, -3, -3, -5, -5, -4, -2, -2, -5, -3, -3, -3, -3, -4, -4, -4]",41.0,24.6,41434.0,"[36616.0, 36744.0, 37081.0, 36344.0, 36360.0, 36504.0, 36648.0, 36200.0, 36696.0, 36264.0, 37449.0, 37545.0, 36937.0, 37897.0, 37913.0, 37897.0, 38617.0, 38569.0, 40986.0, 43834.0]",[]
23,6,False,299,148,0,0,[],[],[],[],"[1138, 667, 898, 912, 839]","[1138, 667, 898, 912, 839]","[-211, -278, 379, -92, 17]","[4, 107, 150, 0, 9]","[1231, 424, 579, 584, 222, 790, 709, 682, 448, 1111, 765, 629, 916, 779]","[279, 339, 266, 99, 242, 599, 456, 543, 522, 718, 576, 564, 702, 693]","[3, -4, -5, -3, -4, -5, -5, -4, -4, -5, -4, -3, -3, -3]","[-4, -3, -3, -4, -4, -2, -2, -3, -3, -3, -3, -4, -4, -4]",41.0,24.6,41546.0,"[34456.0, 32279.0, 31543.0, 30455.0, 29815.0, 29175.0, 29783.0, 30039.0, 29335.0, 29463.0, 29223.0, 29367.0, 29015.0, 28839.0, 29015.0, 28775.0, 29239.0, 29383.0, 29447.0, 29975.0]",[]
24,6,False,299,148,0,0,[],[],[],[],"[1025, 547, 1029, 851, 824]","[1025, 547, 1029, 851, 824]","[-309, -274, 325, -153, -33]","[-51, 89, 105, -54, -38]","[1291, 344, 479, 524, 142, 690, 609, 602, 368, 1011, 685, 569, 856, 719]","[199, 279, 206, 19, 162, 559, 416, 483, 462, 658, 516, 484, 622, 613]","[3, -4, -5, -3, -4, -5, -5, -4, -4, -5, -4, -3, -3, -3]","[-4, -3, -3, -4, -4, -2, -2, -3, -3, -3, -3, -4, -4, -4]",41.0,24.6,41306.0,"[36456.0, 36744.0, 36873.0, 37049.0, 37561.0, 37945.0, 39433.0, 42074.0, 44602.0, 47275.0, 49740.0, 51628.0, 52076.0, 52012.0, 50972.0, 49996.0, 49067.0, 48443.0, 46779.0, 45835.0]",[]
25,6,False,299,148,0,0,[],[],[],[],"[873, 427, 1137, 771, 793]","[873, 427, 1137, 771, 793]","[-387, -273, 251, -185, -85]","[-91, 69, 69, -75, -62]","[1338, 264, 379, 62, 590, 509, 522, 288, 911, 605, 509, 796, 659, 962, 545, 1019, 791, 792]","[99, 219, 146, 82, 519, 376, 423, 395, 598, 456, 404, 542, 533, 723, 648, 720, 741, 735]","[2, -4, -5, -4, -5, -5, -4, -4, -5, -4, -3, -3, -3, -4, -2, -3, -5, -4]","[-5, -3, -3, -4, -2, -2, -3, -4, -3, -3, -4, -4, -4, -3, -5, -4, -2, -3]",41.0,24.6,41578.0,"[44842.0, 43530.0, 41882.0, 40713.0, 39833.0, 38617.0, 37321.0, 36104.0, 35864.0, 34760.0, 34712.0, 34664.0, 35096.0, 35224.0, 34968.0, 35160.0, 36136.0, 35592.0, 36056.0, 35848.0]",[]
26,4,False,299,148,0,0,[],[],[],[],"[699, 316, 1202, 678, 744]","[699, 316, 1202, 678, 744]","[-427, -212, 133, -207, -99]","[-120, 20, 18, -93, -76]","[490, 409, 442, 208, 811, 525, 449, 736, 599, 882, 505, 950, 691, 712]","[479, 336, 363, 315, 538, 396, 324, 462, 453, 663, 548, 640, 701, 675]","[-5, -5, -4, -4, -5, -4, -3, -3, -3, -4, -2, -4, -5, -4]","[-2, -2, -3, -4, -3, -3, -4, -4, -4, -3, -5, -4, -2, -3]",41.0,24.6,41610.0,"[33096.0, 33672.0, 33208.0, 32856.0, 32119.0, 32936.0, 31591.0, 31671.0, 32135.0, 33336.0, 33592.0, 34872.0, 35992.0, 37609.0, 39785.0, 43050.0, 45163.0, 46843.0, 48075.0, 48139.0]",[]
27,4,False,299,148,0,0,[],[],[],[],"[519, 238, 1226, 578, 690]","[519, 238, 1226, 578, 690]","[-420, -123, 42, -202, -87]","[-87, 14, 0, -72, -75]","[390, 309, 362, 128, 711, 445, 389, 676, 531, 802, 465, 870, 591, 632, 622, 335, 1213, 628, 731]","[439, 296, 303, 235, 478, 336, 244, 382, 373, 603, 448, 560, 647, 615, 610, 712, 774, 652, 667]","[-5, -5, -4, -4, -5, -4, -3, -3, -4, -4, -2, -4, -5, -4, -2, 3, -4, -4, -3]","[-2, -2, -3, -4, -3, -3, -4, -4, -4, -3, -5, -4, -3, -3, -5, -5, -4, -3, -4]",41.0,24.6,41386.0,"[36328.0, 36488.0, 37593.0, 37529.0, 37961.0, 38985.0, 38921.0, 38697.0, 39449.0, 39577.0, 39689.0, 40009.0, 40073.0, 40473.0, 40617.0, 39945.0, 40201.0, 39881.0, 39241.0, 39529.0]",[]
28,3,False,299,148,0,0,[],[],[],[],"[354, 201, 1220, 497, 650]","[354, 201, 1220, 497, 650]","[-351, -7, -19, -162, -62]","[-37, 2, 8, -21, -54]","[290, 209, 282, 48, 611, 365, 616, 451, 722, 425, 790, 491, 552, 582, 390, 1133, 548, 671]","[399, 256, 243, 155, 418, 276, 302, 293, 543, 348, 480, 587, 555, 510, 612, 694, 592, 587]","[-5, -5, -4, -4, -5, -4, -3, -4, -4, -2, -4, -5, -4, -2, 2, -4, -4, -3]","[-2, -2, -3, -4, -3, -3, -4, -4, -3, -5, -4, -3, -3, -5, -5, -4, -3, -4]",41.0,24.6,41386.0,"[36328.0, 36488.0, 37593.0, 37529.0, 37961.0, 38985.0, 38921.0, 38697.0, 39449.0, 39577.0, 39689.0, 40009.0, 40073.0, 40473.0, 40617.0, 39945.0, 40201.0, 39881.0, 39241.0, 39529.0]",[]
29,2,False,443,123,9,2,[],[],[],[],"[228, 214, 1188, 439, 621]","[228, 214, 1188, 439, 621]","[-241, 112, -99, -92, -29]","[4, 36, 18, 18, -26]","[190, 109, 511, 285, 556, 375, 642, 385, 710, 391, 472, 542, 430, 1053, 468, 611]","[359, 216, 358, 216, 222, 213, 483, 248, 400, 527, 495, 410, 512, 614, 515, 507]","[-5, -5, -5, -4, -3, -3, -4, -2, -4, -5, -4, -2, 2, -4, -4, -3]","[-2, -2, -3, -3, -4, -4, -3, -5, -4, -3, -3, -5, -5, -4, -4, -4]",41.0,24.6,41706.0,"[33736.0, 34072.0, 33624.0, 33176.0, 33880.0, 33704.0, 34104.0, 34136.0, 34328.0, 34840.0, 35880.0, 36408.0, 36136.0, 36632.0, 36152.0, 36360.0, 36312.0, 36696.0, 36744.0, 35896.0]",[]
30,1,False,566,232,2,9,[606],[270],[1],[5],"[146, 278, 1125, 409, 615]","[146, 278, 1125, 409, 615]","[-115, 237, -159, -15, 21]","[41, 52, 1, 62, -8]","[90, 9, 411, 205, 315, 562, 345, 630, 301, 392, 502, 470, 973, 388, 551, 339, 259, 1146, 520, 598]","[304, 176, 298, 156, 133, 423, 148, 320, 467, 435, 310, 412, 534, 435, 427, 540, 663, 727, 521, 545]","[-5, -5, -5, -4, -3, -4, -2, -4, -4, -4, -2, 2, -4, -4, -3, 4, 0, -4, 2, -3]","[-3, -2, -3, -3, -4, -3, -5, -4, -3, -3, -5, -5, -4, -4, -4, -4, -5, -4, -5, -4]",41.0,24.6,41418.0,"[37065.0, 37433.0, 38345.0, 39177.0, 41354.0, 44042.0, 45963.0, 47611.0, 48411.0, 48315.0, 47867.0, 47243.0, 46011.0, 44442.0, 43498.0, 42682.0, 41002.0, 40745.0, 39449.0, 38345.0]",[]
31,0,False,676,260,8,-4,[626],[370],[1],[5],"[119, 385, 1039, 413, 618]","[119, 385, 1039, 413, 618]","[25, 340, -221, 72, 59]","[80, 55, 11, 101, 43]","[311, 125, 255, 482, 305, 221, 312, 462, 510, 893, 308, 491, 419, 259, 1066, 560, 538]","[238, 96, 53, 363, 48, 407, 375, 210, 312, 454, 355, 347, 460, 563, 647, 421, 465]","[-5, -4, -3, -4, -2, -4, -4, -2, 2, -4, -4, -3, 4, 0, -4, 2, -3]","[-3, -3, -4, -3, -5, -3, -3, -5, -5, -4, -4, -4, -4, -5, -4, -5, -4]",41.0,24.6,41434.0,"[39449.0, 39497.0, 39561.0, 38265.0, 38361.0, 37769.0, 37705.0, 37561.0, 37273.0, 37081.0, 36408.0, 36456.0, 36200.0, 35944.0, 36056.0, 36744.0, 36696.0, 36456.0, 36392.0, 36312.0]",[]
32,0,False,852,205,9,0,[646],[470],[1],[5],"[143, 527, 933, 446, 638]","[143, 527, 933, 446, 638]","[134, 404, -274, 134, 86]","[113, 41, -3, 123, 70]","[211, 45, 402, 141, 232, 422, 550, 813, 228, 431, 499, 259, 986, 600, 478, 206, 530, 975, 497, 667]","[178, 24, 303, 347, 312, 110, 212, 374, 275, 267, 386, 463, 567, 321, 385, 616, 751, 768, 633, 584]","[-5, -4, -4, -4, -4, -2, 2, -4, -4, -3, 4, 0, -4, 2, -3, 3, 3, -4, 2, -1]","[-3, -4, -3, -3, -4, -5, -5, -4, -4, -4, -3, -5, -4, -5, -4, -4, -4, -3, -5, -5]",41.0,24.6,41130.0,"[43322.0, 42170.0, 40953.0, 40873.0, 39369.0, 38665.0, 38121.0, 36488.0, 36552.0, 34840.0, 34520.0, 34136.0, 34760.0, 34392.0, 34296.0, 35400.0, 35640.0, 35688.0, 35736.0, 35816.0]",[]
33,0,False,981,328,4,8,[],[],[],[],"[211, 687, 801, 503]","[211, 687, 801, 503]","[249, 415, -330, 180]","[84, 5, -42, 112]","[124, 322, 61, 152, 386, 608, 733, 165, 371, 579, 259, 906, 640, 418, 266, 590, 895, 537, 649]","[118, 243, 287, 232, 10, 112, 294, 195, 187, 326, 363, 487, 221, 305, 536, 671, 708, 533, 484]","[-4, -4, -4, -4, -1, 3, -4, -3, -3, 4, 0, -4, 2, -3, 3, 3, -4, 2, 0]","[-3, -3, -3, -4, -5, -5, -4, -4, -4, -3, -5, -4, -5, -4, -4, -4, -3, -5, -5]",41.0,24.6,41610.0,"[35672.0, 36792.0, 36248.0, 36392.0, 36905.0, 37145.0, 37049.0, 36616.0, 36969.0, 37001.0, 37609.0, 38105.0, 37721.0, 37561.0, 39257.0, 41386.0, 44410.0, 47451.0, 49740.0, 50236.0]",[]
34,0,False,1052,498,1,9,[],[],[],[],"[316, 836, 647, 573]","[316, 836, 647, 573]","[318, 366, -383, 203]","[63, -15, -66, 84]","[44, 242, 72, 668, 653, 105, 311, 659, 277, 826, 694, 361, 326, 650, 815, 586, 649]","[58, 183, 152, 27, 214, 115, 98, 266, 263, 407, 121, 207, 456, 591, 648, 433, 384]","[-4, -4, -4, 3, -4, -3, -3, 4, 1, -4, 3, -2, 3, 3, -4, 3, 0]","[-3, -3, -4, -4, -4, -4, -5, -3, -5, -4, -5, -5, -4, -4, -3, -5, -5]",40.9,24.6,41450.0,"[38601.0, 37897.0, 38121.0, 37753.0, 36937.0, 36520.0, 35592.0, 35512.0, 35288.0, 34616.0, 35592.0, 35000.0, 34696.0, 35000.0, 34120.0, 34360.0, 34200.0, 34200.0, 33960.0, 34872.0]",[]
35,0,False,1020,576,-9,2,[],[],[],[],"[438, 956, 487, 635, 1404]","[438, 956, 487, 635, 1404]","[352, 285, -377, 188, -143]","[44, -48, -88, 51, -30]","[162, 573, 45, 739, 301, 746, 754, 321, 394, 710, 735, 646, 649, 463, 862, 780, 702, 1474]","[123, 134, 28, 206, 163, 327, 34, 107, 376, 511, 588, 351, 284, 678, 679, 702, 712, 704]","[-4, -4, -3, 4, 2, -4, 3, -2, 4, 3, -4, 3, 0, 5, 0, 5, 4, -2]","[-3, -4, -5, -3, -5, -4, -4, -5, -4, -4, -3, -4, -5, -2, -5, -2, -3, -5]",40.9,24.6,41354.0,"[46939.0, 48283.0, 48827.0, 48299.0, 48331.0, 47659.0, 46635.0, 45083.0, 44074.0, 42602.0, 41946.0, 40265.0, 39497.0, 38745.0, 38153.0, 37449.0, 36520.0, 36824.0, 35784.0, 34792.0]",[]
36,0,False,1031,396,0,-9,[],[],[],[],"[578, 1044, 330, 695, 1307]","[578, 1044, 330, 695, 1307]","[379, 201, -346, 183, -285]","[14, -69, -115, 14, -56]","[82, 493, 837, 341, 666, 286, 474, 770, 655, 714, 649, 563, 862, 880, 782, 1434]","[63, 54, 146, 63, 247, 7, 296, 431, 528, 271, 184, 638, 579, 662, 652, 604]","[-4, -4, 5, 2, -4, -1, 4, 3, -4, 4, 0, 5, 0, 5, 4, -2]","[-3, -4, -3, -5, -4, -5, -4, -4, -3, -4, -5, -2, -5, -2, -3, -5]",40.9,24.6,41498.0,"[34824.0, 34184.0, 34760.0, 34200.0, 35288.0, 35304.0, 35496.0, 36520.0, 36488.0, 36760.0, 36664.0, 36873.0, 36536.0, 36873.0, 36808.0, 36248.0, 36488.0, 36696.0, 35784.0, 35624.0]",[]
37,0,False,1038,216,0,-9,[],[],[],[],"[718, 1093, 200, 755, 1162]","[718, 1093, 200, 755, 1162]","[389, 127, -248, 188, -374]","[12, -73, -125, -12, -28]","[937, 586, 554, 830, 575, 794, 649, 663, 862, 980, 862, 1394, 740, 1122, 349, 763, 1272]","[103, 167, 216, 351, 461, 191, 84, 598, 479, 622, 592, 504, 698, 660, 608, 730, 689]","[5, -4, 4, 3, -4, 4, 0, 5, 0, 5, 4, -2, 5, 0, 5, 0, 0]","[-2, -4, -4, -4, -4, -4, -5, -2, -5, -2, -3, -5, -2, -5, -2, -5, -5]",40.9,24.6,41114.0,"[37209.0, 37849.0, 37849.0, 37721.0, 37737.0, 38057.0, 38057.0, 38793.0, 40345.0, 43418.0, 45355.0, 47979.0, 50060.0, 50524.0, 50396.0, 50316.0, 48555.0, 47643.0, 46347.0, 45755.0]",[]
38,-1,False,916,127,-8,-5,[],[],[],[],"[862, 1120, 117, 816, 987]","[862, 1120, 117, 816, 987]","[401, 61, -114, 194, -423]","[22, -56, -89, -9, 5]","[1037, 506, 634, 890, 495, 763, 862, 1080, 942, 1354, 840, 1122, 449, 763, 1272]","[63, 87, 145, 271, 381, 558, 379, 573, 532, 404, 658, 560, 568, 630, 589]","[5, -4, 4, 3, -4, 5, 0, 5, 4, -2, 5, 0, 5, 0, 0]","[-2, -4, -3, -4, -4, -2, -5, -3, -3, -5, -2, -5, -2, -5, -5]",40.9,24.6,41562.0,"[36808.0, 36696.0, 36504.0, 36568.0, 36680.0, 36552.0, 36056.0, 35528.0, 35128.0, 34888.0, 34840.0, 34696.0, 35160.0, 35016.0, 34328.0, 34968.0, 34744.0, 34424.0, 34952.0, 35624.0]",[]
39,-2,False,750,48,-9,-1,[],[],[],[],"[1005, 1122, 92, 876, 807]","[1005, 1122, 92, 876, 807]","[380, 4, 23, 179, -433]","[40, -1, -46, 12, 14]","[1137, 434, 950, 425, 863, 862, 1160, 1022, 1295, 940, 1122, 549, 763, 1252]","[23, 7, 191, 301, 518, 279, 513, 466, 304, 617, 460, 528, 530, 489]","[5, -3, 3, -3, 5, 0, 4, 4, -3, 5, 0, 5, 0, -1]","[-2, -4, -4, -4, -2, -5, -3, -4, -5, -3, -5, -2, -5, -5]",40.9,24.6,41402.0,"[39465.0, 41754.0, 44378.0, 46347.0, 48619.0, 49548.0, 49740.0, 48507.0, 47435.0, 47371.0, 45067.0, 44474.0, 42714.0, 41354.0, 41546.0, 40505.0, 39561.0, 38297.0, 37273.0, 37353.0]",[]
40,-2,False,579,89,-7,6,[],[],[],[],"[1136, 1101, 120, 936, 627]","[1136, 1101, 120, 936, 627]","[316, -55, 167, 167, -423]","[71, 44, -26, 23, 16]","[1010, 365, 963, 862, 1231, 1102, 1235, 1033, 1122, 649, 763, 1232, 1011, 1083, 220, 896, 834]","[111, 221, 478, 179, 434, 386, 210, 557, 360, 488, 430, 389, 622, 547, 544, 654, 609]","[3, -3, 5, 0, 3, 4, -3, 4, 0, 5, 0, -1, -2, -4, 4, -1, 0]","[-4, -4, -2, -5, -4, -4, -4, -3, -5, -2, -5, -5, -5, -4, -4, -5, -5]",40.9,24.6,41402.0,"[39465.0, 41754.0, 44378.0, 46347.0, 48619.0, 49548.0, 49740.0, 48507.0, 47435.0, 47371.0, 45067.0, 44474.0, 42714.0, 41354.0, 41546.0, 40505.0, 39561.0, 38297.0, 37273.0, 37353.0]",[]
41,-2,False,505,260,-3,9,[557],[269],[-2],[5],"[1242, 1056, 204, 989, 458]","[1242, 1056, 204, 989, 458]","[252, -103, 282, 136, -368]","[117, 77, 12, 66, 34]","[1070, 305, 1063, 862, 1281, 1176, 1175, 1113, 1122, 749, 763, 1212, 971, 1003, 300, 876, 834]","[31, 141, 438, 79, 340, 306, 130, 497, 260, 448, 330, 289, 522, 467, 464, 554, 509]","[3, -3, 5, 0, 2, 3, -3, 4, 0, 5, 0, -1, -2, -4, 4, -1, 0]","[-4, -4, -2, -5, -5, -4, -4, -3, -5, -2, -5, -5, -5, -4, -4, -5, -5]",41.0,24.6,41210.0,"[38313.0, 38617.0, 39449.0, 39113.0, 40265.0, 42602.0, 44954.0, 47291.0, 47899.0, 48539.0, 48411.0, 47835.0, 46747.0, 45147.0, 43738.0, 42602.0, 40953.0, 40857.0, 39769.0, 39065.0]",[]
42,-2,False,457,296,-2,-9,[517],[369],[-2],[5],"[1309, 990, 322, 1020, 316]","[1309, 990, 322, 1020, 316]","[122, -170, 345, 60, -293]","[105, 97, 39, 47, 36]","[245, 1163, 1303, 1236, 1115, 1193, 1122, 849, 763, 1177, 931, 923, 380, 856, 834, 1284, 1042, 327, 1018, 445]","[61, 385, 240, 226, 50, 428, 160, 408, 230, 189, 422, 387, 384, 454, 409, 764, 618, 565, 743, 678]","[-3, 5, 0, 3, -3, 4, 0, 5, 0, -2, -2, -4, 4, -1, 0, -5, -3, 2, -4, 3]","[-4, -3, -5, -4, -4, -4, -5, -2, -5, -5, -5, -4, -4, -5, -5, -3, -4, -5, -4, -4]",41.0,24.6,41034.0,"[36873.0, 37129.0, 37529.0, 37577.0, 37289.0, 37097.0, 37113.0, 37161.0, 37001.0, 37001.0, 37433.0, 37433.0, 38217.0, 37977.0, 37673.0, 37593.0, 37977.0, 38329.0, 38041.0, 38489.0]",[]
43,-2,False,469,119,4,-8,[477],[469],[-2],[5],"[1323, 896, 462, 1020, 203]","[1323, 896, 462, 1020, 203]","[-5, -258, 376, -10, -221]","[65, 85, 37, 7, 7]","[1262, 1300, 1296, 1265, 1111, 949, 763, 1137, 891, 843, 460, 836, 834, 1184, 982, 367, 938, 505]","[325, 140, 143, 348, 60, 368, 130, 89, 322, 314, 304, 354, 309, 704, 538, 465, 663, 589]","[4, -1, 3, 3, -1, 5, 0, -2, -2, -4, 4, -1, 0, -5, -3, 2, -4, 3]","[-3, -5, -5, -4, -5, -2, -5, -5, -5, -3, -4, -5, -5, -3, -4, -5, -4, -5]",41.0,24.6,41098.0,"[49580.0, 47963.0, 47003.0, 45339.0, 44810.0, 43114.0, 42682.0, 41514.0, 40473.0, 39561.0, 39017.0, 38585.0, 37273.0, 36552.0, 35896.0, 35256.0, 34728.0, 35176.0, 34904.0, 34776.0]",[]
44,-3,False,596,158,5,8,[437],[569],[-2],[5],"[1282, 771, 602, 992, 121]","[1282, 771, 602, 992, 121]","[-153, -305, 389, -86, -126]","[33, 65, 29, -37, -9]","[1342, 1267, 1345, 1325, 1049, 763, 851, 763, 812, 834, 1084, 922, 407, 858, 565]","[265, 40, 43, 263, 308, 30, 222, 254, 254, 209, 644, 458, 365, 583, 489]","[4, -2, 2, 3, 5, 0, -2, -4, -2, 0, -5, -3, 2, -4, 3]","[-3, -5, -5, -5, -3, -5, -5, -3, -5, -5, -3, -4, -5, -4, -5]",41.0,24.6,41242.0,"[35000.0, 34920.0, 35768.0, 36312.0, 36504.0, 37017.0, 36680.0, 36712.0, 36504.0, 36584.0, 36376.0, 36040.0, 36408.0, 36840.0, 36024.0, 35928.0, 36392.0, 36024.0, 36120.0, 36360.0]",[]
45,-4,False,687,322,4,9,[416],[669],[-1],[5],"[1187, 631, 742, 929, 81]","[1187, 631, 742, 929, 81]","[-261, -330, 365, -166, -27]","[4, 46, 11, -60, -33]","[1422, 1368, 1134, 811, 772, 834, 984, 862, 448, 778, 625, 1259, 785, 599, 995, 215]","[205, 163, 248, 122, 154, 109, 584, 378, 265, 503, 389, 708, 602, 513, 667, 603]","[4, 2, 4, -2, -2, 0, -5, -3, 3, -4, 3, -3, -1, -2, -2, 3]","[-3, -5, -3, -5, -5, -5, -3, -4, -5, -4, -5, -5, -5, -5, -5, -5]",41.0,24.6,41322.0,"[38089.0, 38969.0, 38985.0, 41418.0, 43578.0, 46667.0, 48491.0, 49948.0, 50188.0, 49292.0, 48795.0, 47947.0, 46443.0, 45067.0, 44250.0, 43370.0, 41802.0, 41162.0, 40105.0, 39401.0]",[]
46,-6,False,775,426,8,-5,[396],[769],[-1],[5],"[1052, 491, 873, 840, 78]","[1052, 491, 873, 840, 78]","[-367, -329, 325, -223, 62]","[-38, 20, 6, -93, -63]","[1502, 1402, 1214, 771, 732, 834, 884, 802, 508, 685, 1199, 559, 955, 275]","[145, 63, 188, 22, 54, 9, 524, 298, 165, 289, 608, 413, 567, 503]","[4, 1, 4, -2, -2, 0, -5, -3, 3, 3, -3, -2, -2, 3]","[-3, -5, -3, -5, -5, -5, -3, -4, -5, -5, -5, -5, -5, -5]",41.0,24.6,41466.0,"[38793.0, 37897.0, 37113.0, 36296.0, 35768.0, 35064.0, 35016.0, 34824.0, 35224.0, 34760.0, 35208.0, 35480.0, 35752.0, 35720.0, 36120.0, 36504.0, 37433.0, 36921.0, 37513.0, 36568.0]",[]
47,-6,False,933,356,7,6,[],[],[],[],"[878, 357, 978, 739, 116]","[878, 357, 978, 739, 116]","[-431, -277, 264, -238, 192]","[-54, 9, 14, -57, -57]","[1294, 784, 742, 568, 745, 1139, 519, 915, 335, 968, 490, 929, 789, 190]","[128, 464, 218, 72, 191, 508, 313, 467, 409, 732, 673, 572, 641, 623]","[4, -5, -3, 3, 3, -3, -2, -2, 3, -3, 4, -4, -4, 5]","[-3, -3, -4, -4, -4, -5, -5, -5, -4, -4, -3, -4, -3, -2]",40.9,24.6,41546.0,"[40953.0, 40521.0, 39353.0, 39065.0, 37961.0, 36808.0, 35928.0, 35176.0, 34872.0, 34600.0, 35304.0, 35384.0, 35592.0, 35032.0, 35656.0, 35768.0, 36328.0, 36104.0, 35528.0, 35352.0]",[]
48,-8,False,1041,373,6,-7,[1051],[498],[3],[4],"[698, 256, 1062, 639, 212]","[698, 256, 1062, 639, 212]","[-411, -175, 226, -213, 328]","[-56, 7, 48, -9, -38]","[1374, 684, 682, 805, 479, 395, 908, 570, 849, 709, 290]","[68, 404, 138, 111, 213, 329, 637, 613, 492, 581, 583]","[4, -5, -3, 3, -2, 3, -3, 4, -4, -4, 5]","[-3, -3, -4, -4, -5, -4, -5, -3, -4, -3, -2]",40.9,24.6,41546.0,"[35112.0, 34840.0, 33800.0, 34328.0, 33848.0, 34280.0, 34200.0, 34776.0, 34840.0, 34520.0, 35480.0, 35384.0, 35928.0, 36104.0, 36520.0, 36680.0, 36840.0, 37033.0, 37353.0, 37721.0]",[]
49,-8,False,1186,272,9,0,[],[],[],[],"[536, 199, 548, 361]","[536, 199, 548, 361]","[-372, -70, -193, 449]","[-38, 35, 35, 5]","[1454, 589, 622, 865, 458, 455, 848, 650, 769, 632, 390]","[8, 344, 58, 31, 113, 249, 537, 553, 412, 505, 543]","[4, -4, -3, 3, -1, 3, -3, 4, -4, -3, 5]","[-3, -3, -4, -4, -5, -4, -5, -3, -4, -4, -2]",40.9,24.6,41034.0,"[50556.0, 50796.0, 49612.0, 49372.0, 48715.0, 46907.0, 45659.0, 44442.0, 42778.0, 42410.0, 41578.0, 40809.0, 39337.0, 39225.0, 38377.0, 37561.0, 36184.0, 36120.0, 35928.0, 35336.0]",[]
50,-8,False,1256,385,-8,5,[],[],[],[],"[392, 184, 476, 551, 197]","[392, 184, 476, 551, 197]","[-301, 47, -139, 534, 126]","[-27, 58, 77, 52, 16]","[509, 452, 515, 803, 730, 708, 576, 490, 666, 344, 685, 505, 321]","[284, 13, 169, 437, 493, 332, 417, 503, 645, 674, 585, 591, 795]","[-4, 0, 3, -2, 4, -3, -2, 5, 5, 5, 5, 5, 5]","[-3, -5, -4, -5, -3, -4, -5, -2, -2, -2, -2, -1, -2]",40.9,24.6,41290.0,"[37305.0, 37593.0, 37065.0, 37673.0, 37769.0, 37737.0, 37561.0, 37801.0, 37673.0, 38137.0, 37977.0, 37129.0, 38073.0, 37577.0, 37609.0, 38297.0, 37481.0, 37673.0, 37657.0, 38025.0]",[]
51,-8,False,1088,459,-9,2,[],[],[],[],"[280, 219, 424, 762, 260]","[280, 219, 424, 762, 260]","[-209, 163, -59, 567, 239]","[16, 90, 120, 70, 28]","[429, 593, 763, 810, 648, 544, 590, 766, 444, 785, 605, 421]","[224, 89, 337, 433, 252, 317, 463, 605, 634, 545, 571, 755]","[-4, 4, -2, 4, -3, -1, 5, 5, 5, 5, 5, 5]","[-3, -4, -5, -3, -4, -5, -2, -2, -2, -2, -1, -2]",40.9,24.6,41130.0,"[37897.0, 38361.0, 39577.0, 40986.0, 44570.0, 46379.0, 49708.0, 50492.0, 51644.0, 50908.0, 50716.0, 49980.0, 48715.0, 47595.0, 46539.0, 44650.0, 43530.0, 42938.0, 41290.0, 40633.0]",[]
52,-8,False,989,418,0,-9,[],[],[],[],"[210, 300, 410, 977, 368]","[210, 300, 410, 977, 368]","[-99, 258, 4, 531, 332]","[28, 72, 134, 88, 14]","[349, 673, 723, 890, 588, 537, 690, 866, 544, 885, 705, 521, 328, 355, 497, 973, 403]","[164, 9, 237, 373, 153, 217, 423, 565, 594, 505, 551, 715, 645, 734, 688, 628, 818]","[-4, 4, -2, 4, -3, 0, 5, 5, 5, 5, 5, 5, 5, 5, 5, 5, 5]","[-3, -4, -5, -3, -5, -5, -2, -2, -2, -2, -1, -2, -1, -2, 0, -2, 0]",40.9,24.6,41370.0,"[36424.0, 36008.0, 35384.0, 35080.0, 35032.0, 35096.0, 35352.0, 34968.0, 35240.0, 35528.0, 34952.0, 35304.0, 35144.0, 35464.0, 35560.0, 35800.0, 35896.0, 36600.0, 36953.0, 36312.0]",[]
53,-10,False,1034,395,4,9,[1076],[432],[2],[5],"[176, 410, 411, 1167, 498]","[176, 410, 411, 1167, 498]","[-23, 319, 50, 454, 350]","[39, 44, 125, 95, -55]","[269, 683, 547, 543, 790, 966, 644, 805, 621, 428, 455, 597, 1073, 503]","[104, 137, 53, 117, 383, 525, 554, 531, 675, 625, 694, 688, 588, 818]","[-4, -2, -2, 1, 5, 5, 5, 5, 5, 5, 5, 5, 5, 5]","[-3, -5, -5, -5, -2, -2, -2, -1, -2, -1, -2, 0, -2, 0]",40.9,24.7,41258.0,"[44826.0, 43482.0, 42250.0, 40953.0, 40009.0, 38409.0, 37353.0, 36760.0, 34920.0, 34216.0, 34584.0, 34504.0, 34280.0, 33896.0, 33960.0, 34312.0, 35048.0, 35480.0, 35592.0, 35464.0]",[]
54,-11,False,1144,406,4,-9,[1116],[532],[2],[5],"[175, 530, 430, 1314, 630]","[175, 530, 430, 1314, 630]","[61, 336, 82, 331, 349]","[31, 6, 58, 62, -101]","[189, 643, 588, 890, 1066, 744, 905, 721, 528, 555, 697, 603]","[44, 37, 24, 343, 485, 514, 511, 635, 605, 654, 688, 804]","[-4, -2, 3, 5, 5, 5, 5, 5, 5, 5, 5, 5]","[-3, -5, -4, -2, -2, -2, -1, -2, -1, -2, 0, -1]",40.9,24.7,41466.0,"[35272.0, 35752.0, 36232.0, 35640.0, 34920.0, 34536.0, 34872.0, 34840.0, 34376.0, 33736.0, 34360.0, 34776.0, 34312.0, 34520.0, 33912.0, 34904.0, 34696.0, 34456.0, 35048.0, 34824.0]",[]
55,-11,False,1076,251,-9,-3,[1156],[632],[2],[5],"[210, 650, 455, 1406, 752]","[210, 650, 455, 1406, 752]","[150, 345, 105, 186, 334]","[41, -48, 35, 41, -128]","[990, 1166, 844, 1005, 821, 628, 655, 797, 703, 322, 672, 580, 1301, 780]","[303, 445, 474, 491, 595, 585, 614, 688, 784, 639, 732, 750, 619, 741]","[5, 5, 5, 5, 5, 5, 5, 5, 5, 5, 5, 5, -3, 5]","[-2, -2, -2, -1, -2, -1, -2, 0, -1, -1, -2, -2, -4, -1]",40.9,24.7,41162.0,"[51356.0, 53020.0, 53148.0, 52364.0, 51372.0, 50364.0, 49099.0, 47819.0, 46331.0, 45002.0, 43466.0, 42186.0, 41914.0, 40441.0, 39977.0, 38393.0, 37097.0, 36072.0, 35080.0, 35112.0]",[]
56,-12,False,904,304,-8,4,[1196],[732],[2],[5],"[280, 770, 495, 1432, 864]","[280, 770, 495, 1432, 864]","[233, 330, 145, 7, 290]","[36, -75, -10, 24, -139]","[1266, 944, 1105, 921, 728, 755, 897, 803, 422, 772, 680, 1241, 880]","[405, 434, 471, 555, 565, 574, 688, 764, 619, 692, 697, 539, 721]","[5, 5, 5, 5, 5, 5, 5, 5, 5, 5, 5, -3, 5]","[-2, -2, -1, -2, -1, -2, 0, -1, -1, -2, -3, -4, -1]",40.9,24.7,41338.0,"[34264.0, 34776.0, 35032.0, 35048.0, 35416.0, 34744.0, 34984.0, 35896.0, 35496.0, 36296.0, 35944.0, 35848.0, 36296.0, 36824.0, 36488.0, 36840.0, 36808.0, 37545.0, 38025.0, 37545.0]",[]
57,-12,False,744,395,-8,5,[1255],[832],[3],[5],"[377, 890, 551, 1394, 964]","[377, 890, 551, 1394, 964]","[305, 316, 199, -131, 256]","[46, -76, -39, 28, -118]","[1366, 1044, 1205, 1021, 828, 855, 997, 903, 522, 872, 780, 1179, 980, 408, 848, 585, 1411, 916]","[350, 394, 451, 515, 545, 534, 688, 744, 599, 652, 637, 459, 682, 621, 662, 722, 707, 593]","[5, 5, 5, 5, 5, 5, 5, 5, 5, 5, 5, -4, 5, 4, -3, 2, -5, -5]","[-3, -2, -1, -2, -1, -2, 0, -1, -1, -2, -3, -4, -2, -3, -4, -5, -1, -3]",40.9,24.7,41530.0,"[37737.0, 37545.0, 38025.0, 37721.0, 38713.0, 38553.0, 38985.0, 39305.0, 40473.0, 42346.0, 45387.0, 48939.0, 50860.0, 52236.0, 51804.0, 51628.0, 50252.0, 48987.0, 48779.0, 46683.0]",[]
58,-12,False,630,455,0,0,[656],[502],[-3],[4],"[506, 997, 631, 1314, 1047]","[506, 997, 631, 1314, 1047]","[368, 292, 246, -223, 216]","[70, -58, -31, 69, -84]","[1466, 1144, 1305, 1121, 928, 955, 1097, 1003, 622, 972, 880, 1099, 1080, 488, 788, 625, 1311, 816]","[290, 354, 431, 475, 525, 494, 688, 724, 579, 612, 577, 379, 642, 561, 582, 622, 687, 533]","[5, 5, 5, 5, 5, 5, 5, 5, 5, 5, 5, -4, 5, 4, -3, 2, -5, -5]","[-3, -2, -1, -2, -1, -2, 0, -1, -1, -2, -3, -4, -2, -3, -4, -5, -1, -3]",40.9,24.7,41098.0,"[35128.0, 35032.0, 35176.0, 35480.0, 35640.0, 36168.0, 35352.0, 35768.0, 35144.0, 35032.0, 35544.0, 35336.0, 35608.0, 35144.0, 35480.0, 35080.0, 35688.0, 35848.0, 35736.0, 36664.0]",[]
59,-12,False,554,365,-5,-8,[596],[582],[-3],[4],"[658, 1097, 730, 1196, 1114]","[658, 1097, 730, 1196, 1114]","[408, 262, 278, -309, 164]","[94, -13, 6, 102, -26]","[1244, 1405, 1221, 1028, 1055, 1197, 1103, 722, 1072, 980, 1019, 1180, 568, 728, 665, 1211, 716]","[314, 411, 435, 505, 454, 669, 704, 559, 572, 517, 299, 602, 501, 502, 522, 667, 473]","[5, 5, 5, 5, 5, 5, 5, 5, 5, 5, -4, 5, 4, -3, 2, -5, -5]","[-2, -1, -2, -1, -2, -1, -1, -1, -2, -3, -4, -2, -3, -4, -5, -1, -3]",40.9,24.7,41370.0,"[36152.0, 36808.0, 36232.0, 37017.0, 37449.0, 37001.0, 37641.0, 37785.0, 38425.0, 38425.0, 37657.0, 38809.0, 38297.0, 38249.0, 38457.0, 38377.0, 39225.0, 39705.0, 39321.0, 39593.0]",[]
60,-12,False,410,264,-9,0,[549],[675],[-1],[5],"[818, 1175, 830, 1048, 1158]","[818, 1175, 830, 1048, 1158]","[413, 189, 275, -371, 95]","[110, 16, 31, 109, 18]","[1344, 1505, 1321, 1128, 1155, 1297, 1203, 822, 1172, 1066, 939, 1280, 648, 668, 703, 1111, 616, 647, 1038, 711, 1133, 1057]","[274, 391, 385, 475, 414, 649, 677, 539, 527, 457, 236, 552, 441, 422, 422, 647, 413, 610, 554, 642, 707, 616]","[5, 5, 5, 5, 5, 5, 5, 5, 5, 4, -4, 5, 4, -3, 1, -5, -5, -3, -5, -3, -5, -5]","[-2, -1, -3, -2, -2, -1, -2, -1, -3, -3, -3, -3, -3, -4, -5, -1, -3, -4, -3, -4, -2, 0]",41.0,24.6,41290.0,"[36889.0, 37209.0, 37961.0, 37481.0, 36905.0, 37481.0, 37177.0, 36889.0, 36824.0, 37193.0, 37257.0, 36552.0, 36696.0, 36504.0, 35896.0, 36696.0, 36616.0, 36040.0, 36536.0, 36616.0]",[]
61,-12,False,328,388,4,9,[546],[775],[1],[5],"[968, 1225, 930, 881, 1175]","[968, 1225, 930, 881, 1175]","[391, 109, 276, -410, 39]","[130, 55, 55, 103, 43]","[1444, 1419, 1228, 1255, 1397, 1303, 922, 1263, 1146, 859, 1360, 728, 597, 723, 1011, 516, 587, 938, 651, 1033, 957]","[234, 325, 435, 374, 623, 637, 519, 467, 397, 176, 492, 381, 342, 322, 627, 353, 530, 504, 562, 667, 616]","[5, 4, 5, 5, 5, 5, 5, 4, 4, -4, 4, 4, -4, 1, -5, -5, -3, -5, -3, -5, -5]","[-2, -3, -2, -2, -2, -2, -1, -3, -3, -3, -3, -3, -4, -5, -1, -3, -4, -2, -4, -2, 0]",41.0,24.6,41162.0,"[38953.0, 38041.0, 38329.0, 38441.0, 38985.0, 41786.0, 44970.0, 47915.0, 49548.0, 50252.0, 50412.0, 50924.0, 49180.0, 48587.0, 46283.0, 45323.0, 44010.0, 43050.0, 41754.0, 40377.0]",[]
62,-13,False,448,506,8,4,[],[],[],[],"[1105, 1241, 1024, 701, 1166]","[1105, 1241, 1024, 701, 1166]","[332, 5, 230, -420, -53]","[103, 69, 64, 94, 81]","[1499, 1328, 1355, 1497, 1403, 1022, 1343, 1226, 774, 1434, 808, 517, 743, 911, 416, 838, 591, 933, 857, 1049, 1237, 988, 803, 1161]","[265, 395, 319, 583, 597, 499, 407, 337, 116, 413, 321, 262, 222, 607, 304, 464, 482, 627, 616, 758, 641, 717, 772, 610]","[4, 5, 5, 5, 5, 5, 4, 4, -5, 3, 4, -4, 1, -5, -5, -5, -3, -5, -5, -4, -5, -4, -2, -5]","[-3, -2, -3, -2, -2, -1, -3, -3, -3, -4, -3, -4, -5, -1, -2, -2, -4, -2, 0, -3, 0, -3, -5, -1]",41.0,24.6,41242.0,"[36200.0, 35928.0, 36072.0, 36776.0, 36440.0, 36312.0, 36440.0, 36760.0, 36584.0, 36696.0, 37097.0, 36504.0, 37305.0, 37449.0, 37177.0, 37017.0, 37289.0, 37593.0, 37817.0, 37817.0]",[]
63,-13,False,552,540,0,0,[],[],[],[],"[1209, 1209, 1085, 521, 1110]","[1209, 1209, 1085, 521, 1110]","[237, -103, 131, -434, -172]","[83, 58, 24, 54, 92]","[1428, 1455, 1503, 1122, 1423, 1306, 674, 1490, 888, 437, 763, 811, 316, 738, 531, 833, 757, 969, 1137, 908, 763, 1061]","[342, 259, 553, 469, 341, 277, 65, 324, 261, 182, 122, 587, 264, 424, 402, 587, 616, 698, 641, 657, 672, 590]","[5, 5, 5, 5, 4, 4, -5, 2, 4, -4, 1, -5, -5, -5, -3, -5, -5, -4, -5, -4, -2, -5]","[-3, -3, -3, -2, -4, -3, -2, -5, -3, -4, -5, -1, -2, -2, -4, -2, 0, -3, 0, -3, -5, -1]",41.0,24.6,41242.0,"[48363.0, 50188.0, 50060.0, 50284.0, 49308.0, 48203.0, 46683.0, 45211.0, 44058.0, 42778.0, 42138.0, 41018.0, 39977.0, 39225.0, 38937.0, 38393.0, 37289.0, 36344.0, 35784.0, 35944.0]",[]
64,-13,False,602,463,5,-8,[682],[595],[5],[2],"[1269, 1136, 1107, 341, 1007]","[1269, 1136, 1107, 341, 1007]","[119, -207, 24, -423, -278]","[63, 48, -12, -6, 70]","[1509, 1222, 1501, 1386, 574, 1520, 968, 357, 778, 711, 216, 638, 471, 733, 657, 889, 1037, 828, 723, 961]","[282, 429, 261, 207, 25, 224, 201, 119, 22, 567, 224, 384, 322, 547, 616, 638, 641, 597, 572, 570]","[4, 5, 3, 4, -5, 1, 4, -4, 0, -5, -5, -5, -3, -5, -5, -4, -5, -4, -2, -5]","[-3, -2, -4, -4, -2, -5, -3, -3, -5, -1, -2, -2, -4, -2, 0, -3, 0, -3, -5, -1]",41.0,24.6,41274.0,"[35480.0, 35512.0, 35464.0, 34952.0, 35208.0, 36072.0, 35512.0, 35592.0, 36200.0, 36152.0, 36008.0, 35768.0, 36040.0, 35912.0, 36184.0, 36873.0, 37017.0, 36905.0, 37017.0, 37049.0]",[]
65,-15,False,772,398,9,-2,[782],[635],[5],[2],"[1278, 1026, 1087, 172, 872]","[1278, 1026, 1087, 172, 872]","[-8, -289, -64, -357, -340]","[42, 47, -28, -62, 58]","[1322, 1466, 1518, 1048, 277, 611, 116, 411, 557, 809, 937, 748, 683, 861, 1238, 1073, 1074, 388, 943]","[389, 127, 124, 141, 59, 547, 184, 242, 616, 578, 641, 537, 472, 550, 757, 642, 704, 717, 676]","[5, 4, -1, 4, -4, -5, -5, -3, -5, -4, -5, -4, -2, -5, -4, -5, -4, 2, -5]","[-2, -4, -5, -3, -3, -1, -2, -4, 0, -3, 0, -3, -5, -1, -3, -2, -3, -5, 0]",41.0,24.6,41370.0,"[38665.0, 38953.0, 38697.0, 39385.0, 38633.0, 39065.0, 38889.0, 38889.0, 38969.0, 39305.0, 40393.0, 41514.0, 44170.0, 48139.0, 49356.0, 51100.0, 50716.0, 50460.0, 48827.0, 48043.0]",[]
66,-15,False,906,362,0,0,[],[],[],[],"[1240, 883, 1028, 39]","[1240, 883, 1028, 39]","[-125, -378, -177, -261]","[4, 29, -26, -86]","[1422, 1482, 1128, 511, 16, 351, 457, 729, 837, 668, 643, 761, 1158, 973, 994, 428, 843]","[349, 25, 81, 524, 144, 162, 616, 518, 640, 477, 372, 530, 697, 602, 643, 617, 676]","[5, -3, 4, -5, -5, -3, -5, -4, -5, -4, -2, -5, -4, -5, -4, 2, -5]","[-2, -4, -3, -2, -2, -4, 0, -3, -1, -3, -5, -1, -3, -2, -4, -5, 0]",41.0,24.6,41370.0,"[38665.0, 38953.0, 38697.0, 39385.0, 38633.0, 39065.0, 38889.0, 38889.0, 38969.0, 39305.0, 40393.0, 41514.0, 44170.0, 48139.0, 49356.0, 51100.0, 50716.0, 50460.0, 48827.0, 48043.0]",[]
67,-15,False,919,424,-3,9,[],[],[],[],"[1158, 713, 935, 0, 588]","[1158, 713, 935, 0, 588]","[-214, -410, -232, -114, 31]","[-9, 12, -29, -78, 9]","[1522, 1208, 411, 291, 357, 649, 737, 588, 603, 661, 1078, 873, 914, 468, 743, 1196, 830, 1011, 96, 687]","[309, 21, 484, 76, 616, 458, 620, 417, 272, 510, 637, 546, 563, 517, 676, 756, 626, 658, 721, 669]","[5, 4, -5, -3, -5, -4, -5, -4, -2, -5, -4, -5, -4, 2, -5, -4, 0, -1, 5, 5]","[-2, -3, -2, -5, 0, -3, -1, -3, -5, -1, -3, -3, -4, -5, 0, -4, -5, -5, -2, -2]",41.0,24.6,41210.0,"[38537.0, 38809.0, 38281.0, 38489.0, 37865.0, 38537.0, 38057.0, 38585.0, 37913.0, 38601.0, 38489.0, 39337.0, 39449.0, 39209.0, 39321.0, 40953.0, 42730.0, 45131.0, 47547.0, 49212.0]",[]
68,-17,False,898,485,0,0,[],[],[],[],"[1055, 540, 835, 0, 604]","[1055, 540, 835, 0, 604]","[-256, -379, -240, 28, 98]","[-10, 37, -4, -70, 33]","[311, 257, 569, 637, 508, 563, 561, 998, 508, 643, 1116, 830, 991, 196, 787]","[444, 616, 398, 600, 357, 172, 490, 577, 417, 676, 676, 526, 558, 681, 629]","[-5, -5, -4, -5, -4, -2, -5, -4, 2, -5, -4, 0, -1, 5, 5]","[-2, 0, -3, -1, -3, -5, -1, -3, -5, 0, -4, -5, -5, -2, -2]",41.0,24.6,41130.0,"[36456.0, 36600.0, 36953.0, 36953.0, 37289.0, 37273.0, 37737.0, 37801.0, 37177.0, 37849.0, 37593.0, 37641.0, 36937.0, 37641.0, 37145.0, 37161.0, 37913.0, 38105.0, 37561.0, 37769.0]",[]
69,-18,False,923,368,2,-9,[],[],[],[],"[934, 397, 735, 35, 646]","[934, 397, 735, 35, 646]","[-303, -276, -226, 187, 157]","[-14, 48, 26, -54, 39]","[211, 157, 489, 537, 428, 523, 461, 918, 548, 543, 1036, 830, 296, 887]","[404, 616, 338, 580, 297, 72, 470, 517, 317, 676, 596, 426, 641, 589]","[-5, -5, -4, -5, -4, -2, -5, -4, 2, -5, -4, 0, 5, 5]","[-2, 0, -3, -1, -3, -5, -1, -3, -5, 0, -4, -5, -2, -2]",41.0,24.6,41514.0,"[37833.0, 37689.0, 38137.0, 38249.0, 38297.0, 37705.0, 38313.0, 38249.0, 38601.0, 38809.0, 38409.0, 38361.0, 38505.0, 39129.0, 38505.0, 38729.0, 39065.0, 38601.0, 38809.0, 39513.0]",[]
70,-18,False,906,411,-4,9,[],[],[],[],"[794, 297, 635, 130, 706]","[794, 297, 635, 130, 706]","[-316, -178, -220, 320, 192]","[2, 63, 42, -33, 76]","[111, 57, 409, 437, 348, 361, 838, 600, 443, 956, 830, 396, 987, 943, 492, 849, 161, 771]","[364, 613, 267, 560, 237, 450, 457, 217, 676, 516, 326, 601, 549, 647, 602, 596, 578, 602]","[-5, -5, -4, -5, -4, -5, -4, 3, -5, -4, 0, 5, 5, -1, 3, 4, 4, 4]","[-2, -1, -4, -1, -3, -1, -3, -5, 0, -4, -5, -2, -2, -5, -4, -4, -3, -4]",41.0,24.6,41690.0,"[38921.0, 38361.0, 38041.0, 37513.0, 36921.0, 36664.0, 36104.0, 35384.0, 35784.0, 36040.0, 36232.0, 35880.0, 36296.0, 36360.0, 36168.0, 36040.0, 36744.0, 36664.0, 36360.0, 37081.0]",[]
71,-22,False,893,455,6,-7,[904],[571],[-2],[5],"[654, 238, 549, 277, 781]","[654, 238, 549, 277, 781]","[-312, -51, -170, 442, 214]","[17, 80, 42, -16, 112]","[11, 329, 337, 268, 261, 758, 660, 343, 830, 496, 1087, 552, 241]","[324, 187, 540, 177, 418, 397, 125, 676, 226, 561, 509, 522, 518]","[-5, -4, -5, -4, -5, -4, 3, -5, 0, 5, 5, 3, 4]","[-2, -4, -1, -3, -2, -3, -4, 0, -5, -2, -2, -4, -3]",41.0,24.6,41466.0,"[38569.0, 38649.0, 39353.0, 39289.0, 38969.0, 39497.0, 39465.0, 39465.0, 39481.0, 38953.0, 39433.0, 39705.0, 39161.0, 39097.0, 39145.0, 39993.0, 40953.0, 42506.0, 45291.0, 47963.0]",[]
72,-22,False,979,374,0,0,[],[],[],[],"[514, 232, 484, 465]","[514, 232, 484, 465]","[-306, 60, -119, 514]","[5, 96, 38, 0]","[249, 237, 188, 161, 678, 720, 243, 830, 596, 1187, 614, 333, 653, 319, 585, 462, 872]","[107, 520, 106, 378, 337, 45, 676, 126, 521, 469, 442, 458, 698, 700, 641, 602, 709]","[-4, -5, -4, -5, -4, 3, -5, 0, 5, 5, 4, 5, 4, 5, 3, 5, 0]","[-4, -1, -4, -2, -3, -4, 0, -5, -2, -2, -4, -3, -3, -3, -4, -1, -5]",41.0,24.6,41610.0,"[49436.0, 50348.0, 50316.0, 49612.0, 48555.0, 46299.0, 45067.0, 43578.0, 42442.0, 41674.0, 41114.0, 39913.0, 39321.0, 38361.0, 38105.0, 38073.0, 37353.0, 36360.0, 36504.0, 36488.0]",[]
73,-22,False,1020,357,0,0,[],[],[],[],"[387, 264, 431, 665]","[387, 264, 431, 665]","[-257, 129, -71, 540]","[-27, 73, 4, 2]","[182, 137, 108, 61, 598, 143, 838, 696, 1287, 694, 433, 733, 419, 645, 562, 872]","[27, 500, 26, 338, 277, 674, 26, 481, 429, 362, 398, 638, 640, 561, 582, 609]","[-3, -5, -4, -5, -4, -5, 1, 5, 5, 4, 5, 4, 5, 3, 5, 0]","[-4, -1, -4, -2, -3, -1, -5, -2, -2, -4, -3, -3, -3, -4, -1, -5]",41.0,24.7,41354.0,"[39481.0, 39753.0, 39241.0, 39833.0, 38969.0, 39433.0, 39641.0, 39001.0, 39065.0, 39401.0, 39369.0, 38953.0, 39497.0, 39641.0, 38633.0, 39097.0, 38457.0, 39145.0, 38985.0, 39513.0]",[]
74,-22,False,1002,398,4,8,[],[],[],[],"[284, 318, 404, 865]","[284, 318, 404, 865]","[-200, 199, -16, 500]","[-62, 32, -25, -3]","[37, 518, 43, 796, 1387, 774, 533, 813, 519, 705, 662, 872]","[480, 217, 654, 441, 389, 282, 338, 578, 580, 481, 562, 509]","[-5, -4, -5, 5, 5, 4, 5, 4, 5, 3, 5, 0]","[-1, -3, -1, -2, -2, -4, -3, -3, -3, -4, -1, -5]",41.0,24.7,41834.0,"[39977.0, 40986.0, 43146.0, 46219.0, 48283.0, 49436.0, 50172.0, 50348.0, 48619.0, 47755.0, 47243.0, 45995.0, 44602.0, 43610.0, 41914.0, 40953.0, 40537.0, 39225.0, 38921.0, 37753.0]",[]
75,-22,False,1096,512,0,0,[],[],[],[],"[212, 398, 395, 1043, 1325]","[212, 398, 395, 1043, 1325]","[-109, 239, 30, 438, -166]","[-73, -24, -18, -13, -36]","[438, 896, 1487, 854, 633, 893, 619, 765, 762, 872, 424, 462, 549, 1010, 1310]","[157, 401, 333, 205, 293, 518, 520, 401, 542, 409, 654, 770, 666, 634, 791]","[-4, 5, 5, 4, 5, 4, 5, 3, 5, 0, 5, 5, 5, 5, -5]","[-3, -2, -3, -3, -2, -3, -3, -4, -1, -5, -2, 0, 0, 1, -2]",41.0,24.7,41162.0,"[37289.0, 36969.0, 36664.0, 37401.0, 37561.0, 37545.0, 37401.0, 37193.0, 37321.0, 38217.0, 37465.0, 37833.0, 38313.0, 38585.0, 38697.0, 38137.0, 37929.0, 38537.0, 38057.0, 38809.0]",[]
76,-22,False,1125,480,3,-9,[],[],[],[],"[170, 493, 407, 1220]","[170, 493, 407, 1220]","[-54, 282, 88, -305]","[-72, -51, -12, -91]","[358, 996, 934, 733, 973, 719, 825, 862, 872, 524, 562, 649, 1110, 1210]","[96, 361, 145, 253, 458, 470, 321, 522, 309, 614, 770, 666, 653, 743]","[-4, 5, 4, 5, 4, 5, 3, 5, 0, 5, 5, 5, 5, -5]","[-4, -2, -3, -2, -3, -2, -4, -1, -5, -2, 0, 0, 0, -3]",41.0,24.7,41162.0,"[48171.0, 47659.0, 45915.0, 44362.0, 43530.0, 42186.0, 40681.0, 39817.0, 39785.0, 38153.0, 37449.0, 37513.0, 37129.0, 36120.0, 35912.0, 36280.0, 35720.0, 36424.0, 36584.0, 36056.0]",[]
77,-23,False,1139,345,0,9,[],[],[],[],"[162, 603, 446, 1066, 718]","[162, 603, 446, 1066, 718]","[62, 321, 164, -398, 3]","[-42, -63, 10, -117, 22]","[278, 1014, 833, 1053, 819, 885, 962, 872, 624, 662, 749, 1210, 1110, 245, 640, 513, 1152, 797]","[16, 85, 213, 398, 430, 241, 502, 209, 574, 770, 666, 653, 683, 611, 699, 614, 701, 597]","[-4, 4, 5, 4, 5, 3, 5, 0, 5, 5, 5, 5, -5, 5, 5, 5, -3, 3]","[-4, -3, -2, -3, -2, -4, -1, -5, -2, 0, 0, 0, -3, 0, -2, 0, -4, -5]",41.0,24.7,41050.0,"[36264.0, 36584.0, 36376.0, 36392.0, 36953.0, 37289.0, 36776.0, 37337.0, 36440.0, 36824.0, 36969.0, 37065.0, 37289.0, 36953.0, 36969.0, 36889.0, 37193.0, 37145.0, 37353.0, 37865.0]",[]
78,-24,False,1127,489,0,0,[],[],[],[],"[205, 723, 520, 887, 718]","[205, 723, 520, 887, 718]","[184, 342, 247, -443, 23]","[4, -26, 43, -84, 80]","[1101, 933, 919, 954, 1062, 872, 724, 762, 849, 1310, 1010, 345, 740, 613, 1092, 857]","[25, 173, 390, 161, 482, 109, 534, 750, 666, 652, 623, 611, 659, 614, 613, 497]","[5, 5, 5, 4, 5, 0, 5, 5, 5, 5, -5, 5, 5, 5, -3, 3]","[-3, -2, -2, -4, -1, -5, -2, -1, 0, -1, -3, 0, -2, 0, -5, -5]",41.0,24.7,41578.0,"[40137.0, 41946.0, 44890.0, 48267.0, 49436.0, 50860.0, 50268.0, 49884.0, 48827.0, 48203.0, 46795.0, 44922.0, 43914.0, 42986.0, 42074.0, 40649.0, 40537.0, 39049.0, 38713.0, 38025.0]",[]
79,-25,False,1127,489,0,0,[],[],[],[],"[299, 843, 621, 707, 718]","[299, 843, 621, 707, 718]","[307, 334, 301, -425, 37]","[63, -3, 96, -26, 125]","[1033, 1019, 1034, 883, 824, 862, 949, 1410, 918, 445, 840, 713, 1032, 917]","[133, 350, 81, 9, 494, 730, 666, 630, 563, 611, 619, 614, 513, 398]","[5, 5, 4, 1, 5, 5, 5, 5, -4, 5, 5, 5, -3, 3]","[-2, -2, -4, -5, -2, -1, 0, -2, -3, 0, -2, 0, -5, -4]",41.0,24.7,41306.0,"[36873.0, 36424.0, 36776.0, 36744.0, 36808.0, 36024.0, 36184.0, 36072.0, 36392.0, 36168.0, 36488.0, 37161.0, 36744.0, 36808.0, 36744.0, 36760.0, 37193.0, 36552.0, 36648.0, 36873.0]",[]
80,-27,False,965,496,0,0,[],[],[],[],"[434, 963, 741, 536, 730]","[434, 963, 741, 536, 730]","[406, 321, 341, -384, 65]","[107, 52, 107, 8, 140]","[1133, 1119, 1114, 962, 1049, 1502, 838, 545, 940, 813, 977, 446, 964, 712, 835, 861]","[93, 310, 1, 710, 666, 581, 503, 611, 579, 614, 318, 585, 590, 536, 588, 691]","[5, 5, 4, 5, 5, 4, -4, 5, 5, 5, 3, 5, 4, 3, 5, 5]","[-2, -2, -4, -1, 0, -3, -3, 0, -2, 0, -4, -2, -3, -5, -2, 0]",41.0,24.6,41370.0,"[40601.0, 40377.0, 40505.0, 41226.0, 43338.0, 45675.0, 49436.0, 51100.0, 51852.0, 51564.0, 51484.0, 50796.0, 49164.0, 47707.0, 46763.0, 44810.0, 43930.0, 42698.0, 41658.0, 40457.0]",[]
81,-32,False,818,416,-8,-5,[],[],[],[],"[599, 1073, 864, 382, 750]","[599, 1073, 864, 382, 750]","[457, 285, 342, -329, 70]","[123, 95, 113, 51, 175]","[1233, 1219, 1062, 1149, 1528, 645, 913, 1037, 546, 961]","[61, 270, 690, 666, 488, 611, 614, 238, 545, 691]","[5, 5, 5, 5, -1, 5, 5, 3, 5, 5]","[-1, -2, -1, 0, -5, 0, 0, -4, -2, 0]",41.0,24.6,41386.0,"[35160.0, 35096.0, 34744.0, 34408.0, 35304.0, 35560.0, 35656.0, 35336.0, 36312.0, 36584.0, 36664.0, 36808.0, 36184.0, 36776.0, 37657.0, 36760.0, 37305.0, 37449.0, 37913.0, 38329.0]",[]
82,-32,False,744,520,-1,9,[784],[531],[0],[5],"[779, 1162, 983, 260, 770]","[779, 1162, 983, 260, 770]","[479, 196, 298, -238, 70]","[100, 85, 115, 62, 162]","[1333, 1319, 1162, 1249, 1455, 745, 1013, 1097, 646, 1061, 690, 1122, 974, 404, 797]","[41, 230, 670, 666, 419, 611, 614, 158, 505, 691, 699, 680, 681, 636, 768]","[5, 5, 5, 5, -5, 5, 5, 3, 5, 5, -5, -5, 0, 5, -1]","[-1, -2, -1, 0, -2, 0, 0, -4, -2, 0, -1, -2, -5, 0, -5]",41.0,24.6,41178.0,"[37913.0, 37769.0, 37769.0, 38313.0, 38953.0, 38889.0, 38409.0, 38921.0, 38457.0, 39209.0, 39193.0, 38985.0, 39721.0, 39897.0, 41114.0, 43674.0, 46027.0, 49180.0, 50444.0, 51628.0]",[]
83,-34,False,666,491,-6,-7,[784],[631],[0],[5],"[951, 1207, 1072, 174, 777]","[951, 1207, 1072, 174, 777]","[421, 75, 205, -149, 27]","[75, 50, 84, 54, 90]","[1433, 1419, 1262, 1349, 1355, 1113, 1157, 1161, 590, 1022, 974, 504, 777]","[21, 190, 650, 666, 393, 614, 75, 691, 679, 640, 581, 636, 668]","[5, 5, 5, 5, -5, 5, 3, 5, -5, -5, 0, 5, -1]","[-1, -2, -1, 0, -1, 0, -5, 0, -1, -2, -5, 0, -5]",41.0,24.6,41434.0,"[35624.0, 35400.0, 35416.0, 35816.0, 36360.0, 36264.0, 36248.0, 36184.0, 36184.0, 36937.0, 36184.0, 36504.0, 36328.0, 36840.0, 37145.0, 36328.0, 36873.0, 36552.0, 37081.0, 36873.0]",[]
84,-34,False,546,351,-6,-7,[],[],[],[],"[1093, 1200, 1125, 126]","[1093, 1200, 1125, 126]","[333, -54, 116, -43]","[41, 54, 31, 10]","[1533, 1519, 1362, 1449, 1255, 1213, 1261, 490, 922, 974, 604, 757]","[1, 150, 615, 663, 392, 614, 691, 649, 600, 481, 636, 568]","[5, 5, 5, 5, -5, 5, 5, -5, -5, 0, 5, -1]","[-1, -2, -2, -1, 0, 0, 0, -2, -2, -5, 0, -5]",41.0,24.6,41450.0,"[38425.0, 38713.0, 39001.0, 39897.0, 41306.0, 43274.0, 46795.0, 49180.0, 50716.0, 50284.0, 50140.0, 48779.0, 48155.0, 46571.0, 45163.0, 44330.0, 42746.0, 42090.0, 41050.0, 39929.0]",[]
85,-34,False,426,211,-6,-7,[],[],[],[],"[1191, 1143, 1139, 115, 1169]","[1191, 1143, 1139, 115, 1169]","[219, -161, 17, 44, -133]","[5, 32, -21, 2, -40]","[1462, 1155, 1313, 1361, 390, 822, 969, 704, 737, 1078, 1147, 1089, 268, 1169]","[575, 392, 614, 691, 609, 560, 381, 636, 468, 680, 713, 731, 648, 775]","[5, -5, 5, 5, -5, -5, -1, 5, -1, -3, -5, -4, 5, -4]","[-2, 0, 0, 0, -2, -2, -5, 0, -5, -4, -2, -3, -1, -3]",41.0,24.6,41130.0,"[38585.0, 38537.0, 37897.0, 36921.0, 36536.0, 36792.0, 35752.0, 36504.0, 36408.0, 36024.0, 36264.0, 35752.0, 36664.0, 36873.0, 36696.0, 37225.0, 36969.0, 37593.0, 36905.0, 37817.0]",[]
86,-34,False,414,197,0,0,[],[],[],[],"[1242, 1047, 1113, 142, 1083]","[1242, 1047, 1113, 142, 1083]","[87, -262, -93, 145, -253]","[-1, 27, -64, 38, -96]","[1055, 1413, 1461, 294, 722, 949, 804, 717, 1018, 1047, 1009, 368, 1089]","[392, 608, 671, 557, 520, 281, 636, 368, 600, 673, 671, 628, 715]","[-5, 5, 5, -4, -5, -1, 5, -1, -3, -5, -4, 5, -4]","[0, -1, -1, -3, -2, -5, 0, -5, -4, -2, -3, -1, -3]",41.0,24.6,41146.0,"[37065.0, 37065.0, 37209.0, 37433.0, 37865.0, 37465.0, 37353.0, 37529.0, 38201.0, 38201.0, 37641.0, 37929.0, 37417.0, 38569.0, 37817.0, 38745.0, 38745.0, 38793.0, 38121.0, 38377.0]",[]
87,-34,False,414,197,0,0,[],[],[],[],"[1243, 914, 1044, 211, 953]","[1243, 914, 1044, 211, 953]","[-28, -336, -177, 237, -330]","[-1, 34, -68, 76, -79]","[955, 1513, 214, 622, 929, 904, 695, 958, 947, 929, 468, 1009, 1243, 984, 1087, 217, 1010]","[392, 588, 497, 480, 181, 636, 268, 520, 633, 611, 608, 655, 727, 693, 705, 609, 727]","[-5, 5, -4, -5, -1, 5, -2, -3, -5, -4, 5, -4, -5, -3, -4, 0, -5]","[0, -1, -3, -2, -5, 0, -5, -4, -2, -3, -1, -3, -2, -5, -3, -5, -2]",40.9,24.7,41578.0,"[38105.0, 38201.0, 38425.0, 38777.0, 37961.0, 37529.0, 37849.0, 37945.0, 37385.0, 37401.0, 37689.0, 37961.0, 38457.0, 37529.0, 37529.0, 37785.0, 37401.0, 37449.0, 37097.0, 37849.0]",[]
