,Time,HP,Power up,Player x,Player y,Player speed_x,Player speed_y,Player bullet x,Player bullet y,Player bullet speed_x,Player bullet speed_y,Enemy x,Enemy y,Enemy speed_x,Enemy speed_y,Enemy bullet x,Enemy bullet y,Enemy bullet speed_x,Enemy bullet speed_y
0,6.63,10,False,1006,176,-5,8,[],[],[],[],"[341, 176, 858, 852, 379]","[341, 176, 858, 852, 379]","[417, 281, 114, -413, 197]","[21, 51, 81, -4, 40]",[],[],[],[]
1,6.88,10,False,887,300,-9,1,[1008],[330],[-2],[5],"[514, 302, 898, 672, 466]","[514, 302, 898, 672, 466]","[496, 397, 100, -403, 277]","[41, 65, 101, 16, 60]",[],[],[],[]
2,7.13,10,False,777,237,0,0,[968],[430],[-2],[5],"[713, 471, 918, 511, 579]","[713, 471, 918, 511, 579]","[518, 466, 60, -377, 317]","[41, 45, 87, 16, 60]","[691, 479, 955, 660, 585]","[629, 747, 727, 627, 683]","[3, 5, 0, 4, 2]","[-5, -3, -5, -3, -5]"
3,7.4,10,False,693,165,0,0,[928],[530],[-2],[5],"[905, 651, 921, 355, 699]","[905, 651, 921, 355, 699]","[480, 477, 0, -342, 312]","[21, 5, 47, -2, 40]","[744, 566, 955, 740, 625]","[529, 687, 627, 567, 583]","[2, 4, 0, 4, 2]","[-5, -3, -5, -3, -5]"
4,7.66,10,False,557,54,-9,-3,[888],[630],[-2],[5],"[1074, 831, 897, 222, 811]","[1074, 831, 897, 222, 811]","[408, 453, -60, -275, 284]","[1, -35, 7, -2, 20]","[784, 646, 955, 820, 665]","[429, 627, 527, 507, 483]","[2, 4, 0, 4, 2]","[-5, -3, -5, -3, -5]"
5,7.93,10,False,467,172,2,9,[],[],[],[],"[1206, 850, 120, 906]","[1206, 850, 120, 906]","[302, -114, -185, 236]","[-19, -33, -2, 0]","[824, 726, 955, 900, 705, 1077, 819, 870, 276, 811]","[329, 567, 427, 445, 383, 576, 684, 715, 537, 647]","[2, 4, 0, 4, 2, -2, -3, -3, 1, -2]","[-5, -3, -5, -4, -5, -5, -4, -4, -5, -5]"
6,8.19,10,False,487,271,3,-9,[],[],[],[],"[1290, 788, 58, 978]","[1290, 788, 58, 978]","[176, -154, -81, 173]","[-21, -69, -2, -20]","[864, 806, 955, 980, 745, 1037, 759, 810, 296, 771]","[229, 507, 327, 365, 283, 476, 604, 635, 437, 547]","[2, 4, 0, 4, 2, -2, -3, -3, 1, -2]","[-5, -3, -5, -4, -5, -5, -4, -4, -5, -5]"
7,8.46,10,False,506,109,0,-9,[],[],[],[],"[1324, 708, 43, 1023, 516]","[1324, 708, 43, 1023, 516]","[56, -159, 59, 113, 30]","[-1, -69, 18, -20, 10]","[897, 886, 955, 1055, 785, 997, 699, 750, 316, 731, 1312, 791, 107, 1022, 551]","[129, 429, 227, 285, 183, 376, 524, 555, 337, 447, 618, 686, 561, 688, 612]","[1, 4, 0, 3, 2, -2, -3, -3, 1, -2, -5, 0, 3, -3, 0]","[-5, -4, -5, -4, -5, -5, -4, -4, -5, -5, -2, -5, -5, -4, -5]"
8,8.74,10,False,638,132,8,4,[],[],[],[],"[1316, 640, 89, 1049, 530]","[1316, 640, 89, 1049, 530]","[-44, -130, 213, 73, 90]","[39, -49, 58, 0, 30]","[917, 966, 955, 1115, 825, 957, 639, 690, 336, 691, 1212, 791, 167, 962, 551]","[29, 349, 127, 205, 83, 276, 444, 475, 237, 347, 578, 586, 461, 608, 512]","[1, 4, 0, 3, 2, -2, -3, -3, 1, -2, -5, 0, 3, -3, 0]","[-5, -4, -5, -4, -5, -5, -4, -4, -5, -5, -2, -5, -5, -4, -5]"
9,9.02,10,False,783,251,7,6,[],[],[],[],"[1268, 586, 193, 1060, 568]","[1268, 586, 193, 1060, 568]","[-144, -90, 350, 33, 150]","[79, -22, 98, 20, 50]","[1034, 955, 1175, 917, 579, 630, 358, 651, 1112, 791, 227, 902, 551]","[269, 27, 125, 176, 364, 395, 137, 247, 538, 486, 371, 528, 412]","[3, 0, 3, -2, -3, -3, 2, -2, -5, 0, 3, -3, 0]","[-4, -5, -4, -5, -4, -4, -5, -5, -2, -5, -4, -4, -5]"
10,9.32,10,False,961,281,9,0,[],[],[],[],"[1183, 550, 348, 1056, 628]","[1183, 550, 348, 1056, 628]","[-224, -39, 461, -7, 191]","[116, 18, 128, 40, 70]","[1094, 1235, 867, 519, 570, 398, 611, 1012, 791, 287, 842, 561, 1229, 671, 323, 1055, 695]","[189, 28, 76, 284, 315, 37, 147, 498, 386, 291, 448, 312, 562, 559, 566, 588, 593]","[3, 3, -3, -3, -3, 2, -2, -5, 0, 3, -3, 1, -4, 2, 4, -2, 4]","[-4, -5, -5, -4, -4, -5, -5, -2, -5, -4, -4, -5, -4, -5, -4, -5, -4]"
11,9.6,10,False,1139,257,8,-5,[],[],[],[],"[1070, 538, 540, 1036, 704]","[1070, 538, 540, 1036, 704]","[-287, 21, 537, -47, 223]","[136, 58, 148, 60, 90]","[1154, 459, 510, 571, 912, 791, 347, 782, 581, 1149, 711, 403, 1020, 775]","[109, 188, 235, 47, 458, 286, 211, 355, 212, 482, 459, 500, 488, 513]","[3, -3, -3, -2, -5, 0, 3, -3, 1, -4, 2, 4, -1, 4]","[-4, -5, -4, -5, -2, -5, -4, -5, -5, -4, -5, -3, -5, -4]"
12,9.9,10,False,1168,236,9,-2,[1072],[337],[-5],[2],"[936, 549, 756, 995, 784]","[936, 549, 756, 995, 784]","[-344, 61, 553, -107, 220]","[136, 71, 142, 60, 90]","[1214, 401, 450, 812, 791, 420, 722, 609, 1069, 751, 483, 1000, 855, 1032, 639, 750, 1082, 830]","[29, 88, 155, 418, 186, 131, 255, 112, 402, 359, 440, 388, 433, 682, 648, 736, 672, 682]","[3, -2, -3, -5, 0, 4, -3, 2, -4, 2, 4, -1, 4, -1, 5, 5, 2, 4]","[-4, -5, -4, -2, -5, -4, -5, -5, -4, -5, -3, -5, -4, -5, -2, -2, -5, -4]"
13,10.2,10,False,1291,315,0,9,[973],[389],[-4],[3],"[778, 569, 958, 926, 854]","[778, 569, 958, 926, 854]","[-393, 81, 507, -176, 180]","[103, 51, 102, 40, 70]","[390, 712, 791, 500, 679, 649, 989, 791, 563, 980, 935, 1012, 739, 850, 1122, 910]","[58, 378, 86, 51, 155, 12, 322, 259, 380, 288, 353, 582, 608, 696, 572, 602]","[-3, -5, 0, 4, -2, 2, -4, 2, 4, -1, 4, -1, 5, 5, 2, 4]","[-5, -2, -5, -4, -5, -5, -4, -5, -3, -5, -4, -5, -2, -2, -5, -4]"
14,10.47,10,False,1409,340,4,-8,[893],[449],[-4],[3],"[603, 589, 1134, 834, 905]","[603, 589, 1134, 834, 905]","[-408, 81, 422, -230, 125]","[63, 31, 62, 20, 42]","[612, 639, 915, 831, 643, 960, 1015, 1001, 839, 950, 1162, 990]","[338, 55, 242, 159, 320, 188, 291, 482, 568, 656, 472, 522]","[-5, -2, -3, 2, 4, -1, 4, 0, 5, 5, 2, 4]","[-2, -5, -4, -5, -3, -5, -3, -5, -2, -2, -5, -4]"
15,10.76,10,False,1424,332,1,9,[813],[509],[-4],[3],"[432, 609, 1270, 724, 933]","[432, 609, 1270, 724, 933]","[-388, 81, 307, -263, 65]","[23, 11, 22, 0, 2]","[512, 855, 883, 723, 940, 1095, 1001, 939, 1050, 1202, 1070, 733, 725, 1241, 924, 1002]","[298, 162, 59, 260, 88, 231, 382, 528, 616, 372, 442, 768, 664, 744, 649, 677]","[-5, -3, 3, 4, -1, 4, 0, 5, 5, 2, 4, 5, 5, 3, 3, 3]","[-2, -4, -5, -3, -5, -3, -5, -2, -2, -5, -4, -2, -1, -4, -4, -4]"
16,11.04,10,False,1314,461,-9,3,[733],[569],[-4],[3],"[277, 629, 1354, 604, 938]","[277, 629, 1354, 604, 938]","[-336, 81, 167, -273, 5]","[-17, -9, -18, -20, -24]","[412, 795, 812, 1175, 1001, 1039, 1150, 1242, 1150, 833, 825, 1301, 992, 1062]","[258, 82, 200, 171, 282, 488, 576, 272, 362, 728, 644, 664, 569, 597]","[-5, -3, 5, 4, 0, 5, 5, 2, 4, 5, 5, 3, 4, 3]","[-2, -4, -3, -3, -5, -2, -2, -5, -4, -2, -1, -4, -4, -4]"
17,11.33,10,False,1166,377,-6,-7,[653],[629],[-4],[3],"[151, 650, 1382, 488, 919]","[151, 650, 1382, 488, 919]","[-235, 101, 34, -239, -35]","[-37, -9, -38, -20, -24]","[312, 735, 912, 1255, 1001, 1139, 1250, 1282, 1230, 933, 925, 1361, 1072, 1122, 292, 739, 1385, 628, 987]","[204, 2, 140, 111, 182, 448, 536, 172, 290, 688, 624, 584, 489, 517, 784, 648, 770, 683, 694]","[-5, -3, 5, 4, 0, 5, 5, 2, 4, 5, 5, 3, 4, 3, 5, 5, -4, 5, 1]","[-3, -4, -3, -3, -5, -2, -2, -5, -3, -2, -1, -4, -4, -4, -1, -3, -4, -2, -5]"
18,11.61,10,False,1040,241,-7,-6,[573],[689],[-4],[3],"[76, 690, 1361, 398, 894]","[76, 690, 1361, 398, 894]","[-95, 131, -83, -163, -55]","[-37, 31, -38, 0, -4]","[212, 1012, 1335, 1001, 1239, 1350, 1322, 1310, 1033, 1025, 1421, 1152, 1182, 392, 839, 1306, 728, 1007]","[144, 93, 51, 82, 408, 496, 72, 226, 648, 604, 499, 409, 437, 764, 588, 690, 643, 594]","[-5, 5, 4, 0, 5, 5, 2, 4, 5, 5, 3, 4, 3, 5, 5, -3, 5, 1]","[-3, -2, -3, -5, -2, -2, -5, -4, -2, -1, -5, -4, -4, -1, -3, -4, -2, -5]"
19,11.9,10,False,888,221,0,9,[493],[749],[-4],[3],"[60, 732, 1297, 341, 854]","[60, 732, 1297, 341, 854]","[61, 151, -183, -72, -68]","[-22, 65, -30, 20, 16]","[129, 1112, 1339, 1450, 1390, 1133, 1125, 1469, 1219, 1242, 492, 929, 1246, 828, 1027]","[84, 53, 368, 456, 146, 608, 584, 399, 329, 352, 744, 528, 610, 603, 494]","[-4, 5, 5, 5, 4, 5, 5, 2, 3, 3, 5, 4, -3, 5, 1]","[-3, -2, -2, -2, -4, -2, -1, -5, -4, -5, -1, -3, -4, -2, -5]"
20,12.19,10,False,814,289,-7,-5,"[413, 947]","[809, 376]","[-4, 1]","[3, 5]","[107, 792, 1195, 323, 814]","[107, 792, 1195, 323, 814]","[208, 164, -270, 28, -68]","[-2, 85, -10, 40, 36]","[49, 1212, 1439, 1470, 1233, 1225, 1509, 1279, 1302, 592, 1009, 1184, 928, 1047, 170, 759, 1255, 454, 927]","[24, 13, 328, 66, 568, 564, 299, 249, 252, 724, 468, 530, 563, 394, 673, 572, 673, 610, 598]","[-4, 5, 5, 4, 5, 5, 2, 3, 3, 5, 4, -4, 5, 1, 3, -1, -4, 4, 2]","[-3, -2, -2, -4, -2, -1, -5, -4, -5, -1, -3, -4, -2, -5, -4, -5, -4, -3, -5]"
21,12.49,10,False,656,190,-8,-4,[959],[476],[0],[5],"[209, 852, 1063, 345, 774]","[209, 852, 1063, 345, 774]","[342, 164, -335, 128, -68]","[18, 105, 10, 60, 56]","[1333, 1325, 1529, 1339, 1350, 692, 1089, 1104, 1028, 1067, 230, 739, 1175, 534, 967]","[528, 544, 199, 169, 152, 704, 408, 450, 523, 294, 593, 472, 593, 550, 498]","[5, 5, 1, 3, 2, 5, 4, -4, 5, 1, 3, -1, -4, 4, 2]","[-2, -1, -5, -4, -5, -1, -3, -4, -2, -5, -4, -5, -4, -3, -5]"
22,12.78,10,False,481,148,-9,1,[959],[576],[0],[5],"[359, 905, 910, 401, 734]","[359, 905, 910, 401, 734]","[431, 130, -388, 198, -71]","[18, 105, 10, 60, 56]","[1433, 1425, 1530, 1399, 1390, 792, 1169, 1024, 1128, 1074, 290, 719, 1095, 614, 1004, 352, 913, 967, 428, 769]","[473, 510, 99, 89, 52, 681, 348, 370, 469, 194, 513, 372, 513, 488, 398, 669, 693, 688, 651, 688]","[5, 5, 0, 3, 2, 5, 4, -4, 5, 0, 3, -1, -4, 4, 1, 3, -2, -5, 1, -3]","[-3, -2, -5, -4, -5, -2, -3, -4, -3, -5, -4, -5, -4, -4, -5, -5, -5, -3, -5, -4]"
23,13.06,10,False,451,141,-5,-8,[959],[676],[0],[5],"[531, 935, 734, 481, 694]","[531, 935, 734, 481, 694]","[467, 70, -431, 235, -91]","[-2, 69, -10, 40, 36]","[1522, 1525, 892, 1249, 944, 1212, 1074, 350, 699, 1015, 694, 1024, 412, 873, 869, 448, 709]","[413, 470, 641, 270, 290, 409, 94, 433, 272, 448, 408, 298, 569, 593, 628, 551, 608]","[4, 5, 5, 4, -4, 4, 0, 3, -1, -4, 4, 1, 3, -2, -4, 1, -3]","[-3, -2, -2, -4, -4, -3, -5, -4, -5, -3, -4, -5, -5, -5, -3, -5, -4]"
24,13.34,10,False,282,110,-8,5,[959],[776],[0],[5],"[711, 941, 554, 567, 643]","[711, 941, 554, 567, 643]","[468, 10, -438, 255, -103]","[-22, 29, -30, 20, 16]","[992, 1314, 864, 1292, 410, 679, 935, 774, 1044, 469, 833, 789, 455, 649]","[601, 190, 221, 346, 353, 172, 388, 328, 198, 469, 493, 568, 451, 528]","[5, 3, -4, 4, 3, -1, -4, 4, 1, 2, -2, -4, 0, -3]","[-2, -4, -3, -4, -4, -5, -3, -4, -5, -5, -5, -3, -5, -4]"
25,13.63,10,False,204,272,0,9,[],[],[],[],"[883, 924, 374, 667, 583]","[883, 924, 374, 667, 583]","[434, -50, -408, 256, -103]","[-42, -11, -50, 0, -4]","[1092, 1368, 784, 1366, 470, 659, 855, 843, 1064, 509, 793, 709, 455, 589, 719, 896, 544, 587, 595]","[561, 97, 161, 266, 273, 72, 328, 248, 98, 369, 393, 508, 351, 448, 600, 721, 591, 611, 651]","[5, 2, -4, 3, 3, -1, -4, 3, 1, 2, -2, -4, 0, -3, -2, -4, -2, -1, -4]","[-2, -5, -3, -4, -4, -5, -3, -4, -5, -5, -5, -3, -5, -4, -5, -3, -5, -5, -4]"
26,13.92,10,False,303,309,7,-6,[],[],[],[],"[1034, 880, 215, 754, 536]","[1034, 880, 215, 754, 536]","[365, -110, -342, 237, -88]","[-57, -51, -57, -20, -24]","[1192, 704, 1426, 530, 775, 903, 549, 753, 629, 455, 529, 679, 816, 504, 567, 515]","[507, 101, 180, 193, 268, 168, 269, 293, 448, 251, 368, 500, 661, 491, 511, 571]","[5, -4, 3, 3, -4, 3, 2, -2, -4, 0, -3, -2, -4, -2, -1, -4]","[-3, -3, -5, -4, -3, -4, -5, -5, -3, -5, -4, -5, -3, -5, -5, -4]"
27,14.2,10,False,464,350,3,9,[],[],[],[],"[1154, 820, 90, 834, 497]","[1154, 820, 90, 834, 497]","[291, -134, -229, 221, -48]","[-37, -51, -37, -20, -24]","[1276, 607, 1465, 590, 695, 963, 589, 693, 549, 455, 469, 621, 736, 464, 547, 435, 1107, 855, 184, 830, 521]","[447, 41, 80, 113, 208, 88, 169, 193, 388, 151, 288, 400, 601, 391, 411, 491, 592, 715, 570, 637, 678]","[4, -5, 1, 3, -4, 3, 2, -3, -4, 0, -3, -3, -4, -2, -1, -4, -4, -4, 0, -1, -4]","[-3, -3, -5, -4, -3, -4, -5, -5, -3, -5, -4, -5, -3, -5, -5, -4, -4, -3, -5, -5, -3]"
28,14.49,8,False,504,295,0,0,[],[],[],[],"[1245, 760, 20, 914, 482]","[1245, 760, 20, 914, 482]","[214, -132, -74, 210, 12]","[3, -31, 3, 4, -4]","[1356, 650, 615, 629, 633, 455, 409, 561, 656, 527, 355, 1027, 775, 198, 807, 441]","[387, 33, 148, 69, 93, 51, 208, 300, 541, 311, 411, 512, 655, 470, 537, 618]","[4, 3, -4, 2, -3, 0, -3, -3, -4, -1, -4, -4, -4, 1, -2, -4]","[-3, -4, -3, -5, -5, -5, -4, -5, -3, -5, -4, -4, -3, -5, -5, -3]"
29,14.77,8,False,464,241,3,-9,[],[],[],[],"[1302, 700, 14, 984, 490]","[1302, 700, 14, 984, 490]","[121, -112, 86, 185, 72]","[43, -11, 43, 44, 16]","[1436, 535, 349, 501, 576, 507, 295, 947, 695, 218, 767, 361]","[314, 88, 128, 200, 481, 211, 331, 435, 595, 370, 437, 549]","[4, -4, -3, -3, -4, -1, -3, -4, -4, 1, -2, -4]","[-4, -3, -4, -5, -3, -5, -4, -3, -3, -5, -5, -4]"
30,15.06,8,False,312,195,-9,4,[],[],[],[],"[1320, 649, 72, 1041, 521]","[1320, 649, 72, 1041, 521]","[21, -83, 246, 145, 132]","[83, 9, 83, 68, 36]","[1503, 455, 289, 441, 496, 480, 235, 867, 615, 238, 727, 281, 1239, 661, 110, 922, 526]","[234, 28, 48, 100, 421, 111, 251, 375, 535, 270, 337, 469, 551, 622, 531, 594, 564]","[3, -4, -3, -3, -4, -2, -3, -4, -4, 1, -2, -4, -5, -4, 3, -5, 0]","[-4, -3, -4, -5, -3, -5, -4, -3, -3, -5, -5, -4, -3, -3, -4, -3, -5]"
31,15.34,6,False,186,277,0,0,[],[],[],[],"[1298, 613, 191, 1080, 576]","[1298, 613, 191, 1080, 576]","[-79, -43, 383, 99, 190]","[121, 29, 121, 88, 56]","[416, 440, 787, 535, 687, 201, 1139, 581, 170, 822, 526]","[361, 11, 315, 475, 237, 389, 491, 562, 451, 534, 464]","[-4, -2, -4, -4, -2, -4, -5, -4, 3, -5, 0]","[-3, -5, -3, -3, -5, -4, -3, -3, -4, -3, -5]"
32,15.62,6,False,290,304,7,-6,[],[],[],[],"[1235, 593, 357, 1093, 652]","[1235, 593, 357, 1093, 652]","[-191, -23, 473, 19, 210]","[121, 29, 121, 88, 56]","[336, 707, 455, 647, 121, 1039, 501, 230, 722, 526, 1267, 617, 319, 1090, 608]","[301, 255, 415, 137, 309, 431, 502, 371, 474, 364, 695, 614, 639, 707, 679]","[-4, -4, -4, -2, -4, -5, -4, 3, -5, 0, -5, -2, 0, -5, -5]","[-3, -3, -3, -5, -4, -3, -3, -4, -3, -5, 0, -5, -5, -1, -1]"
33,15.89,5,False,356,379,-2,9,[],[],[],[],"[1124, 573, 545, 1069, 727]","[1124, 573, 545, 1069, 727]","[-304, -23, 508, -81, 195]","[101, 9, 101, 68, 36]","[627, 375, 607, 41, 939, 421, 290, 622, 526, 1167, 577, 319, 990, 508]","[195, 355, 37, 229, 387, 442, 291, 414, 264, 695, 514, 539, 687, 645]","[-4, -4, -2, -4, -5, -4, 3, -5, 0, -5, -2, 0, -5, -5]","[-3, -3, -5, -4, -2, -3, -4, -3, -5, 0, -5, -5, -1, -2]"
34,16.16,4,False,424,324,2,-9,[],[],[],[],"[973, 553, 745, 1010, 787]","[973, 553, 745, 1010, 787]","[-392, -8, 504, -162, 169]","[76, -9, 76, 48, 16]","[547, 839, 341, 350, 522, 526, 1067, 537, 319, 890, 408]","[135, 347, 382, 211, 354, 164, 695, 414, 439, 667, 605]","[-4, -5, -4, 3, -5, 0, -5, -2, 0, -5, -5]","[-3, -2, -3, -4, -3, -5, 0, -5, -5, -1, -2]"
35,16.45,4,False,454,243,-3,9,[],[],[],[],"[795, 546, 928, 919, 836]","[795, 546, 928, 919, 836]","[-445, 12, 461, -233, 129]","[36, -9, 36, 28, -4]","[467, 739, 261, 410, 422, 526, 967, 497, 319, 790, 308, 904, 541, 733, 941, 745]","[75, 307, 322, 131, 294, 64, 684, 314, 339, 647, 565, 726, 566, 685, 694, 637]","[-4, -5, -4, 3, -5, 0, -5, -2, 0, -5, -5, -5, -3, -3, -5, -4]","[-3, -2, -3, -4, -3, -5, -1, -5, -5, -1, -2, -2, -5, -4, -3, -3]"
36,16.73,3,False,417,267,9,-4,[],[],[],[],"[597, 546, 1087, 804, 870]","[597, 546, 1087, 804, 870]","[-461, 32, 384, -283, 88]","[-4, -9, -4, 8, -24]","[387, 639, 181, 470, 867, 457, 319, 690, 208, 804, 481, 673, 841, 665]","[15, 267, 262, 51, 664, 214, 239, 627, 525, 686, 466, 605, 634, 577]","[-4, -5, -4, 3, -5, -2, 0, -5, -5, -5, -3, -3, -5, -4]","[-3, -2, -3, -4, -1, -5, -5, -1, -2, -2, -5, -4, -3, -3]"
37,17.01,3,False,419,298,0,0,[],[],[],[],"[406, 554, 1212, 684, 888]","[406, 554, 1212, 684, 888]","[-418, 72, 297, -289, 48]","[-21, 11, -21, 8, -22]","[539, 101, 767, 417, 319, 590, 108, 704, 426, 613, 741, 585, 535, 601, 1159, 768, 890]","[227, 202, 644, 114, 139, 607, 479, 646, 366, 525, 574, 517, 714, 561, 736, 702, 636]","[-5, -4, -5, -2, 0, -5, -5, -5, -2, -3, -5, -4, 1, 2, -4, -1, -4]","[-2, -3, -1, -5, -5, -1, -3, -2, -5, -4, -3, -3, -5, -5, -3, -5, -4]"
38,17.29,3,False,364,249,0,0,[],[],[],[],"[248, 585, 1303, 564, 888]","[248, 585, 1303, 564, 888]","[-321, 124, 209, -252, 28]","[-1, 51, -1, 28, 18]","[439, 21, 667, 377, 319, 490, 14, 604, 386, 553, 641, 505, 555, 641, 1079, 748, 810]","[187, 142, 624, 14, 39, 587, 419, 606, 266, 445, 514, 457, 614, 461, 676, 602, 556]","[-5, -4, -5, -2, 0, -5, -4, -5, -2, -3, -5, -4, 1, 2, -4, -1, -4]","[-2, -3, -1, -5, -5, -1, -3, -2, -5, -4, -3, -3, -5, -5, -3, -5, -4]"
39,17.57,2,False,471,374,9,3,[],[],[],[],"[135, 633, 1355, 467, 888]","[135, 633, 1355, 467, 888]","[-195, 164, 109, -192, 8]","[19, 91, 19, 48, 58]","[339, 567, 390, 504, 493, 541, 425, 575, 671, 999, 728, 730]","[147, 604, 554, 566, 365, 454, 397, 514, 361, 616, 502, 476]","[-5, -5, -5, -5, -3, -5, -4, 1, 1, -4, -1, -4]","[-2, -1, -2, -2, -4, -3, -3, -5, -5, -3, -5, -4]"
