,Time,HP,Power up,Player x,Player y,Player speed_x,Player speed_y,Player bullet x,Player bullet y,Player bullet speed_x,Player bullet speed_y,Enemy x,Enemy y,Enemy speed_x,Enemy speed_y,Enemy bullet x,Enemy bullet y,Enemy bullet speed_x,Enemy bullet speed_y
0,0.02,10,False,951,360,-9,0,[],[],[],[],[1105],[1105],[-3],[-1],[],[],[],[]
1,0.25,10,False,771,349,-9,-3,[],[],[],[],[1080],[1080],[-63],[-21],[],[],[],[]
2,0.52,10,False,594,331,-7,6,[],[],[],[],"[1033, 1108]","[1033, 1108]","[-113, -3]","[-41, -3]",[],[],[],[]
3,0.77,10,False,653,496,4,8,[],[],[],[],"[973, 1088]","[973, 1088]","[-131, -41]","[-39, -22]",[],[],[],[]
4,1.01,10,False,769,606,9,-4,[],[],[],[],"[913, 1057, 252]","[913, 1057, 252]","[-116, -60, 8]","[-19, -22, 0]",[],[],[],[]
5,1.26,10,False,809,462,-9,-1,[],[],[],[],"[858, 1017, 278]","[858, 1017, 278]","[-95, -60, 161]","[19, -22, 0]",[],[],[],[]
6,1.5,10,False,810,637,4,8,[829],[640],[0],[6],"[818, 977, 362, 1741]","[818, 977, 362, 1741]","[-55, -60, 301, -7]","[59, -22, 0, 0]",[],[],[],[]
7,1.75,10,False,983,648,9,-2,[829],[760],[0],[6],"[796, 939, 498, 1700]","[796, 939, 498, 1700]","[-15, -49, 417, -147]","[83, -5, 0, 0]",[],[],[],[]
8,1.99,10,False,1121,540,1,-9,[829],[880],[0],[6],"[789, 918, 672, 1600, 194]","[789, 918, 672, 1600, 194]","[3, -51, 482, -299, 6]","[81, -7, -22, -22, -2]",[],[],[],[]
9,2.24,10,False,991,428,-9,-2,[829],[1000],[0],[6],"[789, 878, 852, 1439, 212]","[789, 878, 852, 1439, 212]","[3, -71, 492, -443, 126]","[61, -27, -62, -62, -42]",[],[],[],[]
10,2.49,10,False,890,517,1,9,[],[],[],[],"[789, 838, 1032, 1229, 277]","[789, 838, 1032, 1229, 277]","[3, -80, 466, -549, 242]","[41, -47, -102, -90, -82]",[],[],[],[]
11,2.74,10,False,989,672,6,7,[],[],[],[],"[789, 798, 1198, 984, 385]","[789, 798, 1198, 984, 385]","[3, -80, 406, -610, 338]","[21, -65, -127, -110, -115]",[],[],[],[]
12,2.99,10,False,1082,720,3,9,[1126],[819],[3],[5],"[789, 758, 1332, 724, 527]","[789, 758, 1332, 724, 527]","[3, -79, 315, -620, 410]","[1, -65, -146, -119, -135]",[],[],[],[]
13,3.24,10,False,1204,720,9,3,[1193],[919],[4],[5],"[789, 723, 1428, 474, 694]","[789, 723, 1428, 474, 694]","[25, -37, 223, -556, 474]","[3, -43, -124, -97, -119]",[],[],[],[]
14,3.49,10,False,1367,657,6,-7,[1275],[1013],[5],[4],"[797, 711, 1489, 268, 886]","[797, 711, 1489, 268, 886]","[65, 23, 133, -429, 520]","[23, -3, -84, -57, -79]",[],[],[],[]
15,3.74,10,False,1489,537,7,6,[],[],[],[],"[820, 723, 1511, 121, 1086]","[820, 723, 1511, 121, 1086]","[105, 83, 33, -264, 526]","[43, 37, -44, -17, -39]",[],[],[],[]
16,3.98,10,False,1517,715,-4,9,[],[],[],[],"[860, 758, 1493, 44, 1283]","[860, 758, 1493, 44, 1283]","[145, 143, -67, -78, 492]","[63, 77, -4, 23, 1]",[],[],[],[]
17,4.23,10,False,1460,720,-1,9,[1506],[809],[-1],[6],"[917, 816, 1436, 46, 1455]","[917, 816, 1436, 46, 1455]","[166, 185, -160, 122, 421]","[83, 117, 36, 63, 41]",[],[],[],[]
18,4.48,10,False,1416,720,-5,8,[1486],[929],[-1],[6],"[977, 885, 1343, 123, 1590]","[977, 885, 1343, 123, 1590]","[159, 196, -259, 286, 295]","[75, 134, 54, 81, 59]",[],[],[],[]
19,4.73,10,False,1274,611,-8,-5,[1466],[1049],[-1],[6],"[1021, 945, 1210, 256, 1664]","[1021, 945, 1210, 256, 1664]","[119, 176, -352, 413, 134]","[35, 114, 54, 81, 59]",[],[],[],[]
20,4.98,10,False,1111,634,-6,7,[],[],[],[],"[1050, 1001, 1043, 431, 1670]","[1050, 1001, 1043, 431, 1670]","[79, 142, -418, 507, -46]","[-5, 94, 54, 81, 59]",[],[],[],[]
21,5.23,10,False,991,720,-6,7,[],[],[],[],"[1063, 1041, 863, 638, 1606]","[1063, 1041, 863, 638, 1606]","[30, 102, -448, 563, -211]","[-41, 74, 54, 75, 59]",[],[],[],[]
22,5.48,10,False,918,720,-1,9,[],[],[],[],"[1053, 1062, 683, 858, 1479]","[1053, 1062, 683, 858, 1479]","[-23, 61, -441, 578, -360]","[-61, 38, 41, 55, 44]",[],[],[],[]
23,5.73,10,False,920,720,1,9,[],[],[],[],"[1033, 1065, 508, 1303]","[1033, 1065, 508, 1303]","[-41, 23, -376, -455]","[-59, 20, 43, 46]",[],[],[],[]
24,5.97,10,False,950,720,9,3,[],[],[],[],"[1013, 1065, 370, 1103, 1320]","[1013, 1065, 370, 1103, 1320]","[-41, 3, -263, -495, -3]","[-36, 20, 63, 66, 1]",[],[],[],[]
25,6.22,10,False,1043,565,5,-8,[],[],[],[],"[993, 1048, 283, 903, 1295]","[993, 1048, 283, 903, 1295]","[-41, -5, -125, -495, -63]","[4, 20, 83, 86, 21]",[],[],[],[]
26,6.46,10,False,985,556,-5,8,[],[],[],[],"[973, 1028, 254, 703, 1247]","[973, 1028, 254, 703, 1247]","[-41, -5, 25, -455, -119]","[44, 20, 103, 106, 41]",[],[],[],[]
27,6.71,10,False,944,720,0,9,[],[],[],[],"[953, 1008, 286, 528, 1182]","[953, 1008, 286, 528, 1182]","[-34, -5, 175, -376, -159]","[84, 20, 122, 120, 61]",[],[],[],[]
28,6.97,10,False,944,720,0,9,[979],[830],[0],[5],"[933, 988, 372, 387, 1099]","[933, 988, 372, 387, 1099]","[-36, -27, 291, -287, -207]","[85, -2, 100, 98, 59]","[937, 1022, 403, 551, 1140]","[879, 891, 926, 966, 845]","[-5, -1, 3, 5, -4]","[2, -5, -4, -1, -3]"
29,7.23,10,False,973,673,4,-8,[],[],[],[],"[907, 496, 281, 996]","[907, 496, 281, 996]","[-56, 366, -192, -255]","[65, 60, 58, 39]","[837, 1002, 463, 651, 1060]","[907, 791, 846, 946, 785]","[-5, -1, 3, 5, -4]","[1, -5, -4, -1, -3]"
30,7.5,10,False,1056,513,5,-8,[],[],[],[],"[867, 645, 218, 876, 383]","[867, 645, 218, 876, 383]","[-76, 416, -78, -281, 4]","[45, 20, 18, 19, -1]","[737, 982, 541, 751, 980, 905, 682, 258, 913, 421]","[927, 691, 766, 926, 725, 884, 998, 1010, 885, 883]","[-5, -1, 4, 5, -4, 3, 2, 5, 2, 3]","[1, -5, -4, -1, -3, -4, -5, -2, -5, -4]"
31,7.77,10,False,1013,378,-9,0,[],[],[],[],"[827, 805, 202, 756, 392]","[827, 805, 202, 756, 392]","[-80, 433, 42, -284, 84]","[25, -20, -22, -1, -21]","[637, 962, 621, 851, 900, 965, 722, 358, 953, 481]","[939, 591, 686, 888, 665, 804, 898, 970, 785, 803]","[-5, -1, 4, 5, -4, 3, 2, 5, 2, 3]","[0, -5, -4, -2, -3, -4, -5, -2, -5, -4]"
32,8.04,10,False,902,502,-3,9,[],[],[],[],"[787, 965, 235, 636, 433]","[787, 965, 235, 636, 433]","[-80, 420, 162, -260, 164]","[5, -60, -62, -21, -41]","[537, 954, 701, 951, 820, 1025, 762, 458, 993, 541]","[939, 491, 606, 848, 605, 724, 798, 930, 685, 723]","[-5, -1, 4, 5, -4, 3, 2, 5, 2, 3]","[0, -5, -4, -2, -3, -4, -5, -2, -5, -4]"
33,8.32,10,False,866,678,7,6,[911],[679],[-1],[5],"[747, 1119, 316, 534, 507]","[747, 1119, 316, 534, 507]","[-52, 394, 292, -193, 255]","[7, -75, -80, -19, -31]","[437, 934, 781, 1051, 740, 1085, 802, 558, 1033, 601, 804, 1087, 371, 656, 562]","[920, 391, 526, 808, 545, 644, 698, 890, 585, 643, 840, 900, 956, 810, 844]","[-5, -1, 4, 5, -4, 3, 2, 5, 2, 3, 0, 0, 5, 3, 5]","[-2, -5, -4, -2, -3, -4, -5, -2, -5, -4, -5, -5, -1, -5, 0]"
34,8.6,10,False,1046,682,9,0,[877],[779],[-2],[5],"[730, 1259, 451, 468, 619]","[730, 1259, 451, 468, 619]","[8, 360, 420, -93, 346]","[27, -55, -60, 7, 9]","[344, 914, 861, 1151, 660, 1145, 842, 658, 1073, 661, 804, 1087, 471, 716, 662]","[871, 291, 446, 768, 485, 564, 598, 850, 485, 563, 740, 800, 936, 717, 844]","[-4, -1, 4, 5, -4, 3, 2, 5, 2, 3, 0, 0, 5, 3, 5]","[-3, -5, -4, -2, -3, -4, -5, -2, -5, -4, -5, -5, -1, -4, 0]"
35,8.88,10,False,1145,676,0,0,[837],[879],[-2],[5],"[737, 1381, 630, 445, 764]","[737, 1381, 630, 445, 764]","[68, 298, 515, 23, 412]","[47, -35, -40, 47, 49]","[304, 901, 941, 1251, 580, 1205, 882, 758, 1113, 721, 804, 1087, 571, 776, 762, 777, 1417, 673, 485, 803]","[779, 191, 366, 728, 425, 484, 498, 810, 385, 483, 640, 700, 916, 637, 844, 879, 870, 866, 832, 809]","[0, 0, 4, 5, -4, 3, 2, 5, 2, 3, 0, 0, 5, 3, 5, 5, -5, 5, 5, 4]","[-5, -5, -4, -2, -3, -4, -5, -2, -5, -4, -5, -5, -1, -4, 0, -2, 0, -3, -1, -3]"
36,9.21,10,False,1119,720,-8,5,[797],[979],[-2],[5],"[767, 1473, 840, 469, 924]","[767, 1473, 840, 469, 924]","[125, 215, 572, 139, 445]","[67, -15, -20, 71, 89]","[347, 901, 1021, 1351, 500, 1265, 927, 858, 1153, 800, 809, 1087, 671, 836, 862, 877, 1317, 773, 585, 883]","[688, 91, 302, 688, 365, 404, 398, 770, 285, 403, 540, 600, 896, 557, 844, 839, 870, 806, 812, 749]","[4, 0, 4, 5, -4, 3, 3, 5, 2, 4, 1, 0, 5, 3, 5, 5, -5, 5, 5, 4]","[-4, -5, -3, -2, -3, -4, -5, -2, -5, -4, -5, -5, -1, -4, 0, -2, 0, -3, -1, -3]"
37,9.54,10,False,1087,712,9,-4,[757],[1079],[-2],[5],"[815, 1529, 1060, 535, 1096]","[815, 1529, 1060, 535, 1096]","[165, 115, 585, 239, 446]","[87, 16, 9, 91, 113]","[438, 1101, 1451, 420, 1325, 987, 958, 1193, 880, 832, 1087, 771, 896, 962, 977, 1217, 873, 685, 963]","[636, 242, 648, 305, 324, 300, 730, 185, 323, 440, 500, 876, 477, 844, 799, 870, 746, 792, 689]","[5, 4, 5, -4, 3, 3, 5, 2, 4, 2, 0, 5, 3, 5, 5, -5, 5, 5, 4]","[-2, -3, -2, -3, -4, -4, -2, -5, -4, -5, -5, -1, -4, 0, -2, 0, -3, -1, -3]"
38,9.85,10,False,1247,614,8,-5,[],[],[],[],"[875, 1542, 1276, 635, 1254]","[875, 1542, 1276, 635, 1254]","[179, -7, 533, 303, 393]","[82, 34, 27, 89, 111]","[538, 1181, 1551, 340, 1385, 1047, 1058, 1233, 960, 878, 1087, 871, 956, 1062, 1077, 1117, 973, 785, 1043, 933, 1522, 1194, 679, 1240]","[607, 182, 608, 241, 244, 220, 690, 85, 245, 343, 400, 856, 397, 844, 759, 870, 686, 772, 629, 894, 822, 776, 867, 838]","[5, 4, 5, -4, 3, 3, 5, 2, 4, 3, 0, 5, 3, 5, 5, -5, 5, 5, 4, 4, -5, -1, 5, 2]","[-1, -3, -2, -4, -4, -4, -2, -5, -3, -4, -5, -1, -4, 0, -2, 0, -3, -1, -3, -4, -1, -5, -2, -5]"
39,10.17,10,False,1408,516,9,-3,[],[],[],[],"[935, 1501, 1457, 755, 1380]","[935, 1501, 1457, 755, 1380]","[159, -147, 422, 328, 291]","[42, 34, 27, 69, 90]","[638, 1268, 1651, 264, 1445, 1107, 1158, 1040, 949, 1087, 971, 1025, 1162, 1177, 1017, 1073, 885, 1123, 1013, 1422, 1183, 779, 1280]","[587, 122, 559, 161, 164, 140, 650, 185, 268, 300, 836, 317, 842, 719, 859, 626, 752, 569, 814, 802, 676, 827, 738]","[5, 5, 5, -3, 3, 3, 5, 4, 4, 0, 5, 4, 5, 5, -5, 5, 5, 4, 4, -5, 0, 5, 2]","[-1, -3, -3, -4, -4, -4, -2, -3, -3, -5, -1, -4, -1, -2, -1, -3, -1, -3, -4, -1, -5, -2, -5]"
40,10.48,10,False,1448,681,2,9,[1485],[692],[1],[5],"[984, 1403, 1587, 875, 1461]","[984, 1403, 1587, 875, 1461]","[128, -277, 279, 327, 171]","[2, 34, 27, 49, 50]","[738, 1368, 1751, 209, 1506, 1187, 1258, 1120, 1042, 1100, 1071, 1105, 1262, 1277, 917, 1173, 985, 1221, 1093, 1322, 1183, 879, 1320, 1023, 1436, 1626, 915, 1505]","[572, 69, 499, 73, 84, 61, 610, 125, 219, 200, 816, 237, 822, 679, 839, 566, 732, 509, 752, 782, 576, 787, 638, 952, 828, 828, 929, 961]","[5, 5, 5, -2, 4, 4, 5, 4, 5, 1, 5, 4, 5, 5, -5, 5, 5, 5, 4, -5, 0, 5, 2, 4, -2, 4, 5, 0]","[0, -2, -3, -5, -4, -3, -2, -3, -2, -5, -1, -4, -1, -2, -1, -3, -1, -3, -3, -1, -5, -2, -5, -3, -5, -3, -3, -5]"
41,10.8,10,False,1563,626,6,-7,[1493],[792],[0],[5],"[1018, 1259, 1655, 995, 1491]","[1018, 1259, 1655, 995, 1491]","[88, -384, 119, 302, 31]","[-38, 34, 27, 29, 10]","[838, 1468, 1851, 1586, 1267, 1358, 1208, 1142, 1124, 1171, 1185, 1362, 1377, 817, 1273, 1085, 1321, 1173, 1222, 1183, 979, 1360, 1103, 1396, 1706, 1015, 1505]","[572, 29, 439, 5, 1, 570, 65, 206, 100, 796, 166, 802, 639, 819, 515, 712, 466, 692, 762, 476, 747, 538, 892, 728, 756, 869, 861]","[5, 5, 5, 4, 4, 5, 5, 5, 2, 5, 4, 5, 5, -5, 5, 5, 5, 4, -5, 0, 5, 2, 4, -2, 4, 5, 0]","[0, -2, -3, -3, -3, -2, -3, 0, -5, -1, -3, -1, -2, -1, -2, -1, -2, -3, -1, -5, -2, -5, -3, -5, -4, -3, -5]"
42,11.13,10,False,1683,486,6,-7,[1493],[892],[0],[5],"[1037, 1081, 1657, 1096, 1464]","[1037, 1081, 1657, 1096, 1464]","[48, -456, -55, 255, -109]","[-59, 34, 27, 9, -30]","[938, 1458, 1308, 1242, 1271, 1265, 1462, 1477, 717, 1373, 1185, 1421, 1253, 1122, 1183, 1079, 1400, 1183, 1356, 1786, 1115, 1505]","[572, 530, 17, 206, 776, 106, 782, 599, 795, 475, 692, 426, 632, 723, 376, 707, 438, 832, 628, 676, 824, 761]","[5, 5, 5, 5, 5, 4, 5, 5, -5, 5, 5, 5, 4, -5, 0, 5, 2, 4, -2, 4, 5, 0]","[0, -2, -2, 0, -1, -3, -1, -2, -2, -2, -1, -2, -3, -2, -5, -2, -5, -3, -5, -4, -2, -5]"
43,11.46,10,False,1798,415,9,4,[1493],[992],[0],[5],"[1037, 881, 1594, 1177, 1387]","[1037, 881, 1594, 1177, 1387]","[30, -470, -193, 213, -209]","[-57, 55, 49, 11, -35]","[1038, 1558, 1342, 1371, 1351, 1562, 1577, 617, 1473, 1285, 1521, 1333, 1025, 1204, 1179, 1451, 1263, 1334, 1847, 1215, 1505, 1116, 1071, 1711, 1194, 1505]","[572, 490, 206, 756, 46, 762, 559, 755, 435, 672, 386, 572, 675, 276, 667, 338, 772, 528, 596, 784, 661, 843, 822, 787, 877, 895]","[5, 5, 5, 5, 5, 5, 5, -5, 5, 5, 5, 4, -4, 2, 5, 3, 4, -1, 3, 5, 0, 4, 5, 4, 2, 3]","[0, -2, 0, -1, -3, -1, -2, -2, -2, -1, -2, -3, -3, -5, -2, -5, -3, -5, -4, -2, -5, -4, -1, -4, -5, -4]"
44,11.79,10,False,1829,576,-1,9,[],[],[],[],"[1037, 690, 1485, 1243, 1278]","[1037, 690, 1485, 1243, 1278]","[30, -426, -300, 173, -275]","[-37, 75, 74, 31, -15]","[1138, 1658, 1442, 1471, 1662, 1677, 532, 1573, 1385, 1621, 1413, 948, 1248, 1279, 1511, 1343, 1314, 1907, 1315, 1505, 1196, 1171, 1791, 1251, 1565]","[572, 450, 222, 736, 742, 519, 692, 395, 652, 350, 512, 605, 176, 627, 249, 712, 428, 516, 744, 561, 763, 802, 707, 777, 815]","[5, 5, 5, 5, 5, 5, -4, 5, 5, 5, 4, -3, 3, 5, 3, 4, -1, 3, 5, 0, 4, 5, 4, 3, 3]","[0, -2, 1, -1, -1, -2, -4, -2, -1, -1, -3, -4, -5, -2, -4, -3, -5, -4, -2, -5, -4, -1, -4, -5, -4]"
45,12.12,10,False,1685,676,-8,4,[],[],[],[],"[1037, 524, 1336, 1292, 1149]","[1037, 524, 1336, 1292, 1149]","[30, -346, -381, 119, -317]","[-3, 95, 94, 51, 5]","[1238, 1758, 1542, 1571, 1762, 1777, 475, 1673, 1485, 1721, 1493, 899, 1316, 1379, 1571, 1423, 1302, 1415, 1520, 1276, 1271, 1871, 1311, 1625, 1077, 569, 1379, 1342, 1187]","[572, 427, 242, 716, 722, 479, 604, 355, 632, 330, 452, 513, 96, 587, 169, 652, 328, 704, 461, 694, 782, 627, 677, 735, 822, 881, 872, 941, 884]","[5, 5, 5, 5, 5, 5, -2, 5, 5, 5, 4, -1, 4, 5, 3, 4, 0, 5, 1, 4, 5, 4, 3, 3, 5, 5, 4, 3, 3]","[0, -1, 1, -1, -1, -2, -5, -2, -1, -1, -3, -5, -4, -2, -4, -3, -5, -2, -5, -3, -1, -4, -5, -4, 1, -1, -3, -5, -4]"
46,12.45,9,False,1508,720,-9,3,[],[],[],[],"[1037, 398, 1162, 1318, 1009]","[1037, 398, 1162, 1318, 1009]","[30, -236, -431, 59, -330]","[37, 115, 114, 53, 25]","[1338, 1858, 1642, 1862, 1877, 464, 1773, 1585, 1821, 1573, 892, 1403, 1479, 1641, 1503, 1302, 1515, 1540, 1356, 1371, 1371, 1685, 1177, 669, 1459, 1402, 1247]","[572, 407, 280, 702, 439, 504, 315, 612, 313, 392, 413, 40, 547, 89, 592, 228, 664, 361, 634, 762, 593, 655, 842, 861, 812, 841, 804]","[5, 5, 5, 5, 5, 0, 5, 5, 5, 4, 0, 5, 5, 4, 4, 0, 5, 1, 4, 5, 3, 3, 5, 5, 4, 3, 3]","[0, -1, 2, -1, -2, -5, -2, -1, 0, -3, -5, -2, -2, -4, -3, -5, -2, -5, -3, -1, -4, -4, 1, -1, -3, -5, -4]"
47,12.78,9,False,1343,720,-8,5,[],[],[],[],"[1037, 320, 982, 1320, 869]","[1037, 320, 982, 1320, 869]","[30, -105, -444, -1, -317]","[77, 127, 129, 53, 45]","[1438, 1739, 502, 1873, 1685, 1659, 934, 1503, 1579, 1721, 1583, 1302, 1615, 1560, 1436, 1471, 1431, 1745, 1277, 769, 1539, 1462, 1307]","[572, 330, 409, 275, 592, 332, 320, 11, 507, 10, 532, 128, 624, 261, 574, 742, 513, 575, 862, 841, 752, 741, 724]","[5, 4, 3, 5, 5, 5, 3, 5, 5, 4, 4, 0, 5, 1, 4, 5, 3, 3, 5, 5, 4, 3, 3]","[0, 3, -4, -2, -1, -3, -4, -1, -2, -3, -3, -5, -2, -5, -3, -1, -4, -4, 1, -1, -3, -5, -4]"
48,13.09,8,False,1205,720,-9,0,[1299],[825],[-4],[3],"[1037, 296, 802, 1293, 733]","[1037, 296, 802, 1293, 733]","[8, 13, -443, -83, -297]","[77, 105, 107, 31, 43]","[1538, 1819, 584, 1785, 1759, 1025, 1603, 1679, 1663, 1302, 1715, 1580, 1516, 1571, 1491, 1805, 1377, 869, 1619, 1522, 1094, 404, 977, 1359, 894]","[572, 396, 343, 572, 272, 271, 13, 467, 472, 28, 584, 161, 514, 722, 433, 495, 882, 821, 692, 641, 789, 973, 939, 943, 910]","[5, 4, 5, 5, 5, 5, 5, 5, 4, 0, 5, 1, 4, 5, 3, 3, 5, 5, 4, 3, 2, 5, 4, 0, 5]","[0, 4, -2, -1, -3, -1, 1, -2, -3, -5, -2, -5, -3, -1, -4, -4, 1, -1, -3, -5, -5, -1, -3, -5, 1]"
49,13.41,8,False,1113,568,-4,-8,[1219],[885],[-4],[3],"[1021, 312, 622, 1229, 613]","[1021, 312, 622, 1229, 613]","[-32, 113, -424, -175, -270]","[57, 65, 67, -9, 23]","[1638, 1882, 684, 1885, 1859, 1125, 1697, 1779, 1743, 1815, 1584, 1596, 1671, 1551, 1865, 1477, 969, 1699, 1580, 1134, 504, 1057, 1356, 994]","[572, 480, 310, 552, 212, 266, 55, 427, 412, 544, 61, 454, 702, 353, 415, 902, 801, 632, 541, 689, 953, 879, 843, 930]","[5, 3, 5, 5, 5, 5, 4, 5, 4, 5, 0, 4, 5, 3, 3, 5, 5, 4, 2, 2, 5, 4, -1, 5]","[0, 5, -1, -1, -3, 0, 3, -2, -3, -2, -5, -3, -1, -4, -4, 1, -1, -3, -5, -5, -1, -3, -5, 1]"
50,13.71,8,False,1010,413,-6,-7,[],[],[],[],"[990, 368, 452, 504, 274]","[990, 368, 452, 504, 274]","[-72, 212, -370, -219, 5]","[37, 25, 27, 3, -2]","[1738, 1914, 784, 1225, 1752, 1879, 1823, 1915, 1676, 1771, 1611, 1920, 1577, 1069, 1779, 1620, 1173, 604, 1137, 1336, 1094, 1024, 407, 490, 542, 314]","[572, 580, 290, 283, 143, 387, 352, 484, 394, 673, 263, 317, 905, 781, 556, 441, 589, 933, 819, 743, 931, 876, 1018, 1012, 893, 991]","[5, 1, 5, 5, 1, 5, 4, 5, 4, 5, 3, 2, 5, 5, 4, 2, 1, 5, 4, -1, 5, -1, 4, 3, 3, 5]","[0, 5, -1, 2, 5, -2, -3, -3, -3, -2, -5, -5, 0, -1, -4, -5, -5, -1, -3, -5, 0, -5, -3, -5, -4, -1]"
51,14.02,7,False,860,306,-9,-3,[],[],[],[],"[944, 459, 312, 419, 288]","[944, 459, 312, 419, 288]","[-107, 292, -283, -149, 105]","[17, -15, -13, -17, -42]","[1838, 1912, 1320, 1754, 1903, 1756, 1871, 1664, 1677, 1169, 1850, 1660, 1193, 704, 1217, 1316, 1194, 1004, 487, 550, 602, 414]","[572, 680, 328, 243, 292, 314, 633, 163, 905, 761, 476, 341, 489, 913, 743, 643, 931, 776, 958, 912, 813, 971]","[5, -1, 4, -1, 4, 4, 5, 2, 5, 5, 3, 2, 1, 5, 4, -1, 5, -1, 4, 3, 3, 5]","[0, 5, 3, 5, -3, -4, -2, -5, 0, -1, -4, -5, -5, -1, -4, -5, 0, -5, -3, -5, -4, -1]"
52,14.36,7,False,804,446,0,9,[],[],[],[],"[884, 578, 211, 367, 342]","[884, 578, 211, 367, 342]","[-127, 351, -173, -69, 205]","[-3, -55, -53, -37, -82]","[1857, 1369, 1708, 1828, 1704, 1777, 1269, 1910, 1689, 1198, 804, 1280, 1288, 1294, 984, 567, 610, 662, 514]","[767, 411, 335, 234, 63, 905, 741, 389, 241, 389, 893, 663, 543, 931, 676, 898, 812, 733, 951]","[-4, 0, -3, 3, 2, 5, 5, 3, 1, 0, 5, 3, -2, 5, -1, 4, 3, 3, 5]","[3, 5, 4, -4, -5, 0, -1, -5, -5, -5, -1, -4, -5, 0, -5, -3, -5, -4, -1]"
53,14.69,7,False,804,626,0,9,[839],[598],[0],[5],"[824, 720, 160, 351, 436]","[824, 720, 160, 351, 436]","[-113, 405, -31, 49, 312]","[-1, -73, -71, -35, -81]","[1764, 1318, 1630, 1888, 1877, 1369, 1707, 1197, 904, 1337, 1248, 1394, 964, 647, 670, 722, 614, 865, 744, 259, 424, 483]","[816, 494, 404, 154, 905, 721, 141, 289, 873, 571, 443, 931, 576, 838, 712, 653, 931, 833, 945, 926, 809, 904]","[-5, -4, -4, 3, 5, 5, 0, -1, 5, 2, -2, 5, -1, 4, 3, 3, 5, -3, 4, 3, 2, 5]","[2, 3, 3, -4, 0, -1, -5, -5, -1, -5, -5, 0, -5, -3, -5, -4, -1, -4, -3, -5, -5, -2]"
54,15.0,7,False,887,720,9,3,[839],[698],[0],[5],"[778, 880, 175, 389, 574]","[778, 880, 175, 389, 574]","[-73, 449, 141, 178, 416]","[19, -61, -58, 0, -61]","[1664, 1238, 1550, 1469, 1707, 1168, 1004, 1377, 1196, 1494, 944, 727, 730, 782, 714, 805, 824, 319, 464, 583]","[842, 554, 464, 701, 41, 189, 853, 471, 346, 931, 476, 778, 612, 573, 911, 753, 885, 826, 709, 864]","[-5, -4, -4, 5, 0, -2, 5, 2, -3, 5, -1, 4, 3, 3, 5, -3, 4, 3, 2, 5]","[1, 3, 3, -1, -5, -5, -1, -5, -4, 0, -5, -3, -5, -4, -1, -4, -3, -5, -5, -2]"
55,15.31,7,False,1001,720,0,9,[839],[798],[0],[5],"[748, 1060, 255, 475, 746]","[748, 1060, 255, 475, 746]","[-22, 458, 301, 296, 487]","[39, -41, -38, 40, -32]","[1564, 1158, 1452, 1569, 1100, 1104, 1408, 1136, 1594, 924, 807, 790, 852, 814, 745, 904, 379, 504, 683, 785, 1104, 299, 515, 790]","[862, 614, 524, 681, 111, 833, 371, 266, 914, 376, 718, 519, 493, 889, 673, 825, 744, 609, 824, 853, 883, 883, 821, 828]","[-5, -4, -5, 5, -4, 5, 1, -3, 5, -1, 4, 3, 4, 5, -3, 4, 3, 2, 5, 2, 5, 4, 5, 5]","[1, 3, 3, -1, -3, -1, -5, -4, -1, -5, -3, -4, -4, -2, -4, -3, -4, -5, -2, -5, -1, -3, 0, -2]"
56,15.64,7,False,931,720,-2,9,[839],[898],[0],[5],"[741, 1229, 396, 605, 941]","[741, 1229, 396, 605, 941]","[38, 431, 438, 390, 521]","[59, -21, -18, 79, 8]","[1464, 1078, 1352, 1669, 1001, 1204, 1426, 1062, 1694, 904, 887, 850, 932, 914, 685, 984, 439, 549, 783, 825, 1204, 392, 615, 890]","[869, 674, 584, 661, 91, 813, 271, 186, 894, 276, 658, 439, 413, 849, 593, 765, 664, 509, 784, 753, 863, 823, 821, 788]","[-5, -4, -5, 5, -5, 5, 0, -4, 5, -1, 4, 3, 4, 5, -3, 4, 3, 3, 5, 2, 5, 5, 5, 5]","[0, 3, 3, -1, 0, -1, -5, -4, -1, -5, -3, -4, -4, -2, -4, -3, -4, -5, -2, -5, -1, -3, 0, -2]"
57,15.97,7,False,934,720,2,9,[839],[998],[0],[5],"[758, 1380, 585, 766, 1141]","[758, 1380, 585, 766, 1141]","[98, 373, 544, 458, 515]","[79, -1, 2, 99, 48]","[1364, 986, 1252, 1769, 910, 1304, 1426, 981, 1794, 884, 967, 910, 1012, 1014, 625, 1064, 499, 609, 883, 865, 1304, 492, 715, 990]","[869, 734, 634, 641, 136, 793, 171, 125, 858, 176, 598, 359, 333, 809, 513, 705, 584, 409, 744, 653, 835, 763, 821, 748]","[-5, -5, -5, 5, -4, 5, 0, -5, 5, -1, 4, 3, 4, 5, -3, 4, 3, 3, 5, 2, 5, 5, 5, 5]","[0, 3, 2, -1, 4, -1, -5, -3, -2, -5, -3, -4, -4, -2, -4, -3, -4, -5, -2, -5, -2, -3, 0, -2]"
58,16.31,7,False,1021,630,7,-6,[],[],[],[],"[798, 1499, 804, 946, 1328]","[798, 1499, 804, 946, 1328]","[118, 264, 586, 467, 448]","[77, -3, 0, 97, 66]","[1264, 886, 1152, 1869, 851, 1404, 1392, 881, 1882, 864, 1047, 970, 1092, 1114, 565, 1144, 563, 669, 983, 905, 1404, 592, 815, 1090, 880, 1425, 784, 952, 1223]","[869, 793, 674, 602, 222, 753, 75, 81, 802, 76, 538, 279, 253, 769, 433, 645, 504, 328, 704, 553, 795, 703, 821, 708, 910, 862, 811, 861, 825]","[-5, -5, -5, 5, -2, 5, -3, -5, 4, -1, 4, 3, 4, 5, -3, 4, 4, 3, 5, 2, 5, 5, 5, 5, 5, -5, 5, 5, -5]","[0, 2, 2, -2, 5, -2, -4, -2, -4, -5, -3, -4, -4, -2, -4, -3, -4, -4, -2, -5, -2, -3, 0, -2, 0, 2, -3, -2, 0]"
59,16.64,7,False,1160,687,3,9,[],[],[],[],"[838, 1566, 1024, 1115, 1473]","[838, 1566, 1024, 1115, 1473]","[118, 122, 567, 423, 331]","[57, -5, -9, 77, 51]","[1164, 786, 1052, 821, 1504, 1303, 781, 1127, 1030, 1172, 1214, 505, 1224, 643, 729, 1083, 945, 1497, 692, 915, 1190, 980, 1325, 884, 1052, 1123]","[869, 833, 714, 322, 713, 28, 62, 478, 199, 177, 729, 339, 585, 424, 248, 664, 453, 742, 656, 821, 668, 905, 894, 751, 821, 825]","[-5, -5, -5, -1, 5, -5, -5, 4, 3, 4, 5, -3, 4, 4, 3, 5, 2, 4, 5, 5, 5, 5, -5, 5, 5, -5]","[0, 2, 2, 5, -2, 0, 0, -3, -4, -3, -2, -5, -3, -4, -4, -2, -5, -3, -2, 0, -2, -1, 1, -3, -2, 0]"
60,16.97,7,False,1262,720,9,4,[1248],[844],[2],[5],"[878, 1572, 1231, 1261, 1566]","[878, 1572, 1231, 1261, 1566]","[110, -38, 504, 349, 190]","[37, -5, -9, 57, 31]","[1064, 705, 952, 819, 1604, 1206, 681, 1207, 1090, 1252, 1314, 456, 1304, 723, 799, 1183, 992, 1577, 792, 1015, 1290, 1080, 1225, 984, 1152, 1023, 918, 1616, 1272, 1299, 1597]","[869, 895, 754, 422, 673, 55, 68, 418, 119, 117, 689, 239, 525, 346, 168, 624, 353, 682, 616, 821, 628, 885, 914, 691, 781, 825, 933, 811, 812, 934, 849]","[-5, -3, -5, 0, 5, -4, -5, 4, 3, 4, 5, -2, 4, 4, 4, 5, 3, 4, 5, 5, 5, 5, -5, 5, 5, -5, 5, -5, 3, -2, -4]","[0, 4, 2, 5, -2, 3, 1, -3, -4, -3, -2, -5, -3, -3, -4, -2, -5, -3, -2, 0, -2, -1, 1, -3, -2, 0, -2, 0, 5, -5, -3]"
61,17.31,7,False,1441,702,8,-5,[],[],[],[],"[908, 1515, 1403, 1599]","[908, 1515, 1403, 1599]","[90, -185, 403, 30]","[17, -5, -9, 11]","[964, 722, 855, 830, 1704, 1145, 606, 1287, 1168, 1332, 1414, 416, 1388, 803, 879, 1283, 1052, 1657, 892, 1115, 1390, 1180, 1125, 1084, 1252, 923, 1018, 1516, 1332, 1259, 1517]","[869, 970, 813, 522, 633, 138, 137, 358, 39, 57, 649, 139, 465, 286, 95, 599, 267, 606, 576, 821, 588, 865, 934, 633, 741, 825, 893, 811, 897, 834, 789]","[-5, 5, -4, 1, 5, -2, -2, 4, 4, 4, 5, -2, 5, 4, 4, 5, 3, 4, 5, 5, 5, 5, -5, 5, 5, -5, 5, -5, 3, -2, -4]","[0, 1, 3, 5, -2, 5, 5, -3, -4, -3, -2, -5, -3, -3, -3, -1, -4, -4, -2, 0, -2, -1, 1, -2, -2, 0, -2, 0, 4, -5, -3]"
62,17.64,5,False,1445,524,0,-9,[],[],[],[],"[928, 1403, 1527, 1568]","[928, 1403, 1527, 1568]","[70, -316, 272, -130]","[-3, -5, -9, -9]","[864, 822, 775, 871, 1804, 1125, 605, 1386, 1430, 391, 1488, 883, 959, 1383, 1119, 1723, 992, 1215, 1280, 1025, 1184, 1352, 823, 1118, 1416, 1392, 1235, 1437]","[867, 966, 873, 622, 593, 238, 237, 298, 1, 39, 405, 226, 35, 579, 187, 526, 536, 821, 838, 954, 593, 701, 825, 853, 811, 977, 734, 729]","[-5, 5, -4, 3, 5, 0, 1, 5, 5, -1, 5, 4, 4, 5, 4, 3, 5, 5, 5, -5, 5, 5, -5, 5, -5, 3, -1, -4]","[-1, -1, 3, 5, -2, 5, 5, -3, -2, -5, -3, -3, -3, -1, -4, -4, -2, 0, -2, 1, -2, -2, 0, -2, 0, 4, -5, -3]"
63,17.97,5,False,1471,488,9,-1,[],[],[],[],"[948, 1248, 1598, 1478, 659]","[948, 1248, 1598, 1478, 659]","[72, -399, 142, -251, 44]","[-1, 17, 13, 5, 0]","[764, 922, 695, 936, 1904, 1125, 652, 1486, 1588, 981, 1483, 1199, 1771, 1092, 1315, 1380, 925, 1284, 1452, 723, 1218, 1316, 1469, 1215, 1357, 1009, 1411, 1612, 1526, 738]","[843, 936, 936, 703, 553, 338, 330, 238, 363, 166, 559, 115, 433, 496, 821, 798, 954, 553, 661, 825, 813, 811, 1052, 634, 669, 881, 726, 707, 795, 980]","[-5, 5, -4, 4, 5, 0, 3, 5, 5, 5, 5, 4, 2, 5, 5, 5, -5, 5, 5, -5, 5, -5, 4, -1, -4, 2, 4, 0, -4, 4]","[-2, -2, 4, 4, -2, 5, 4, -3, -2, -3, -1, -3, -5, -2, 0, -2, 0, -2, -2, 0, -2, 0, 3, -5, -3, -5, -3, -5, -4, -3]"
64,18.31,5,False,1624,503,0,0,[],[],[],[],"[968, 1068, 1620, 1349, 681]","[968, 1068, 1620, 1349, 681]","[85, -429, 22, -333, 107]","[19, 57, 53, 45, 0]","[675, 1022, 648, 1018, 1138, 727, 1586, 1688, 1081, 1583, 1281, 1787, 1192, 1415, 1480, 825, 1384, 1552, 623, 1318, 1216, 1195, 1277, 1049, 1491, 1612, 1447, 818]","[788, 896, 1024, 767, 438, 403, 196, 323, 124, 539, 55, 333, 456, 821, 749, 951, 513, 621, 802, 773, 805, 534, 608, 781, 666, 607, 715, 920]","[-4, 5, 1, 5, 1, 4, 5, 5, 5, 5, 5, 0, 5, 5, 5, -5, 5, 5, -5, 5, -5, -1, -4, 2, 4, 0, -3, 4]","[-4, -2, 5, 3, 5, 3, -2, -2, -2, -1, -3, -5, -2, 0, -3, -1, -2, -2, -2, -2, -1, -5, -4, -5, -3, -5, -4, -3]"
65,18.64,4,False,1692,532,7,6,[],[],[],[],"[988, 888, 1595, 1194, 727]","[988, 888, 1595, 1194, 727]","[85, -422, -98, -385, 167]","[39, 97, 93, 77, 0]","[645, 1122, 738, 1118, 1179, 815, 1686, 1788, 1181, 1381, 1787, 1292, 1515, 1570, 733, 1484, 1652, 572, 1418, 1116, 1175, 1197, 1089, 1571, 1612, 1387, 898, 1028, 932, 1645, 1238, 767]","[693, 856, 1046, 810, 538, 462, 156, 283, 84, 10, 233, 416, 811, 689, 907, 473, 581, 720, 733, 785, 434, 528, 681, 606, 507, 635, 860, 911, 783, 785, 848, 1013]","[0, 5, 5, 5, 3, 5, 5, 5, 5, 5, 0, 5, 5, 4, -3, 5, 5, 0, 5, -5, -1, -4, 2, 4, 0, -3, 4, 5, 5, 3, 5, 5]","[-5, -2, -1, 2, 5, 2, -2, -2, -2, -2, -5, -2, -1, -3, -4, -2, -2, -5, -2, -1, -5, -4, -5, -3, -5, -4, -3, -1, 0, -4, 0, 0]"
66,18.97,3,False,1775,631,0,0,[],[],[],[],"[1008, 716, 1521, 1024, 797]","[1008, 716, 1521, 1024, 797]","[85, -381, -209, -406, 218]","[59, 137, 133, 97, 0]","[685, 1222, 838, 1218, 1242, 915, 1786, 1888, 1281, 1754, 1392, 1615, 1650, 718, 1584, 628, 1518, 1016, 1171, 1120, 1129, 1651, 1612, 1327, 983, 1128, 1032, 1705, 1338, 867]","[600, 816, 1026, 834, 619, 502, 116, 246, 48, 181, 384, 791, 629, 810, 433, 639, 693, 765, 334, 448, 581, 546, 407, 555, 800, 891, 783, 705, 848, 1013]","[4, 5, 5, 5, 4, 5, 5, 5, 5, -2, 5, 5, 4, 2, 5, 4, 5, -5, 0, -3, 2, 4, 0, -3, 5, 5, 5, 3, 5, 5]","[-4, -2, -1, 1, 4, 2, -2, -1, -1, 4, -1, -1, -3, -5, -2, -3, -2, -1, -5, -4, -5, -3, -5, -4, -3, -1, 0, -4, 0, 0]"
67,19.31,2,False,1747,671,0,0,[],[],[],[],"[1028, 567, 1408, 851, 882]","[1028, 567, 1408, 851, 882]","[85, -308, -301, -393, 254]","[73, 165, 163, 117, 0]","[773, 1322, 938, 1318, 1322, 1015, 1886, 1381, 1750, 1492, 1715, 1750, 785, 1684, 727, 1618, 916, 1171, 1060, 1189, 1731, 1612, 1267, 1083, 1228, 1132, 1438, 967]","[542, 776, 1006, 852, 689, 542, 82, 28, 280, 364, 771, 569, 732, 393, 599, 653, 745, 234, 368, 481, 486, 307, 468, 740, 871, 783, 848, 1013]","[5, 5, 5, 5, 4, 5, 5, 5, 0, 5, 5, 5, 4, 5, 5, 5, -5, 0, -3, 3, 4, 0, -3, 5, 5, 5, 5, 5]","[-2, -2, -1, 0, 3, 2, -1, -1, 5, -1, -1, -3, -3, -2, -1, -2, -1, -5, -4, -5, -3, -5, -5, -3, -1, 0, 0, 0]"
68,19.64,1,False,1639,668,-9,-2,[],[],[],[],"[1048, 453, 1260, 691, 981]","[1048, 453, 1260, 691, 981]","[63, -230, -390, -367, 248]","[51, 163, 161, 112, -22]","[873, 1422, 1038, 1418, 1402, 1115, 1481, 1750, 1592, 1815, 1850, 881, 1784, 827, 816, 1171, 1000, 1249, 1811, 1625, 1219, 1183, 1328, 1232, 1538, 1067, 1131, 608, 1439, 868, 1028]","[510, 736, 985, 852, 749, 582, 10, 380, 344, 751, 526, 684, 353, 579, 708, 134, 285, 395, 426, 207, 368, 680, 851, 783, 848, 1001, 926, 903, 896, 918, 996]","[5, 5, 5, 5, 4, 5, 5, 0, 5, 5, 5, 5, 5, 5, -5, 0, -3, 3, 4, 1, -2, 5, 5, 5, 5, 5, 4, 5, 5, 5, 5]","[-1, -2, -2, 0, 3, 2, 0, 5, -1, -1, -2, -2, -2, -1, -2, -5, -5, -4, -3, -5, -5, -3, -1, 0, 0, -1, -3, -1, -1, -1, -2]"
69,19.97,1,False,1459,638,-9,-1,[],[],[],[],"[1054, 367, 1078, 541, 1061]","[1054, 367, 1078, 541, 1061]","[23, -150, -462, -329, 208]","[11, 125, 125, 72, -62]","[973, 1522, 1138, 1518, 1500, 1215, 1581, 1746, 1692, 1915, 981, 1884, 927, 716, 1171, 952, 1309, 1891, 1645, 1179, 1283, 1428, 1332, 1638, 1167, 1211, 708, 1539, 968, 1128]","[490, 696, 945, 852, 806, 622, 10, 480, 324, 731, 645, 332, 573, 668, 34, 185, 315, 366, 107, 268, 620, 831, 783, 848, 981, 866, 883, 876, 898, 956]","[5, 5, 5, 5, 5, 5, 5, -1, 5, 5, 5, 5, 5, -5, 0, -2, 3, 4, 1, -2, 5, 5, 5, 5, 5, 4, 5, 5, 5, 5]","[-1, -2, -2, 0, 2, 2, 0, 5, -1, -1, -1, -1, 0, -2, -5, -5, -4, -3, -5, -5, -3, -1, 0, 0, -1, -3, -1, -1, -1, -2]"
70,30.05,0,False,1369,628,-9,-1,[],[],[],[],"[1054, 337, 978, 472, 1093]","[1054, 337, 978, 472, 1093]","[3, -103, -484, -299, 178]","[-9, 105, 105, 52, -82]","[1023, 1572, 1188, 1568, 1550, 1265, 1631, 1736, 1742, 1031, 977, 666, 932, 1339, 1655, 1159, 1478, 1382, 1688, 1217, 1251, 758, 1589, 1018, 1178]","[484, 676, 925, 852, 826, 642, 10, 530, 314, 635, 573, 642, 135, 275, 57, 218, 821, 780, 843, 971, 836, 873, 866, 888, 936]","[5, 5, 5, 5, 5, 5, 5, -1, 5, 5, 5, -5, -2, 3, 1, -2, 5, 5, 5, 5, 4, 5, 5, 5, 5]","[0, -2, -2, 0, 2, 2, 0, 5, -1, -1, 0, -3, -5, -4, -5, -5, -1, -1, -1, -1, -3, -1, -1, -1, -2]"
71,30.2,10,False,1009,438,3,9,[],[],[],[],[1335],[1335],[-50],[-10],[],[],[],[]
72,30.44,10,False,987,618,-3,9,[],[],[],[],[1285],[1285],[-150],[-30],[],[],[],[]
73,30.67,10,False,1096,720,8,4,[],[],[],[],"[1195, 499]","[1195, 499]","[-237, 30]","[-50, -20]",[],[],[],[]
74,30.91,10,False,1237,667,4,-9,[],[],[],[],"[1081, 523]","[1081, 523]","[-264, 130]","[-30, -20]",[],[],[],[]
75,31.16,10,False,1265,489,-6,-7,[],[],[],[],"[961, 587, 453]","[961, 587, 453]","[-268, 224, 60]","[-8, -20, 20]",[],[],[],[]
76,31.4,10,False,1096,535,-8,4,[1151],[578],[-6],[3],"[844, 682, 491]","[844, 682, 491]","[-246, 300, 167]","[32, -20, 60]",[],[],[],[]
77,31.64,10,False,927,592,-9,-2,[1031],[638],[-6],[3],"[744, 805, 569, 1128]","[744, 805, 569, 1128]","[-203, 354, 266, -10]","[66, -20, 85, 0]",[],[],[],[]
78,31.89,10,False,777,484,-7,-6,[911],[698],[-6],[3],"[667, 945, 681, 1108]","[667, 945, 681, 1108]","[-143, 382, 343, -30]","[86, -2, 105, 0]",[],[],[],[]
79,32.13,10,False,636,369,-7,-5,[791],[758],[-6],[3],"[607, 1082, 815, 1074, 112]","[607, 1082, 815, 1074, 112]","[-106, 342, 356, -90, 70]","[66, -22, 85, -40, -20]",[],[],[],[]
80,32.38,10,False,519,281,0,0,[671],[818],[-6],[3],"[565, 1196, 948, 1017, 159]","[565, 1196, 948, 1017, 159]","[-66, 276, 343, -136, 210]","[46, -42, 65, -80, -60]",[],[],[],[]
81,32.63,10,False,519,281,0,0,[551],[878],[-6],[3],"[539, 1280, 1068, 944, 259]","[539, 1280, 1068, 944, 259]","[-9, 191, 305, -172, 331]","[26, -62, 39, -113, -82]",[],[],[],[]
82,32.88,10,False,625,251,9,0,[431],[938],[-6],[3],"[538, 1326, 1167, 864, 403]","[538, 1326, 1167, 864, 403]","[51, 91, 244, -192, 427]","[6, -67, -1, -133, -102]",[],[],[],[]
83,33.13,10,False,805,251,9,0,[311],[998],[-6],[3],"[562, 1332, 1238, 784, 578]","[562, 1332, 1238, 784, 578]","[111, -9, 164, -193, 493]","[-14, -67, -21, -140, -110]",[],[],[],[]
84,33.38,10,False,843,340,-2,9,[191],[1058],[-6],[3],"[613, 1305, 1285, 708, 782]","[613, 1305, 1285, 708, 782]","[191, -69, 112, -139, 561]","[6, -27, -1, -100, -70]",[],[],[],[]
85,33.63,10,False,840,520,0,9,[875],[546],[0],[6],"[696, 1255, 1309, 656, 1002]","[696, 1255, 1309, 656, 1002]","[264, -128, 52, -77, 586]","[26, 13, 19, -60, -30]",[],[],[],[]
86,33.88,10,False,879,615,6,-7,[875],[666],[0],[6],"[805, 1186, 1306, 631, 1222]","[805, 1186, 1306, 631, 1222]","[317, -168, -8, 3, 567]","[46, 53, 39, -20, 10]",[],[],[],[]
87,34.13,10,False,990,466,5,-8,[875],[786],[0],[6],"[925, 1106, 1280, 640, 1429]","[925, 1106, 1280, 640, 1429]","[347, -195, -68, 83, 505]","[66, 93, 59, 20, 50]",[],[],[],[]
88,34.38,10,False,1089,306,5,-8,[875],[906],[0],[6],"[1063, 1011, 1231, 679, 1601]","[1063, 1011, 1231, 679, 1601]","[353, -206, -118, 156, 404]","[86, 133, 79, 60, 90]",[],[],[],[]
89,34.63,10,False,1102,206,-5,8,[875],[1026],[0],[6],"[1181, 911, 1159, 739, 1717]","[1181, 911, 1159, 739, 1717]","[290, -237, -198, 176, 233]","[66, 124, 50, 60, 90]",[],[],[],[]
90,34.88,10,False,1089,386,1,9,[],[],[],[],"[1271, 811, 1056, 799, 1763]","[1271, 811, 1056, 799, 1763]","[208, -248, -258, 184, 51]","[34, 104, 10, 60, 90]",[],[],[],[]
91,35.13,10,False,1102,566,1,9,[],[],[],[],"[1323, 711, 936, 859, 1733]","[1323, 711, 936, 859, 1733]","[108, -239, -294, 184, -137]","[-6, 84, -25, 60, 90]",[],[],[],[]
92,35.38,10,False,1117,720,1,9,[1138],[736],[0],[6],"[1335, 611, 802, 919, 1631]","[1335, 611, 802, 919, 1631]","[8, -210, -306, 165, -313]","[-28, 62, -45, 55, 70]",[],[],[],[]
93,35.63,10,False,1185,720,6,7,[1138],[856],[0],[6],"[1307, 527, 671, 973, 1464]","[1307, 527, 671, 973, 1464]","[-92, -162, -292, 139, -463]","[-48, 22, -65, 35, 50]",[],[],[],[]
94,35.88,10,False,1280,720,8,5,[1138],[976],[0],[6],"[1249, 473, 561, 1013, 1253]","[1249, 473, 561, 1013, 1253]","[-149, -62, -214, 139, -535]","[-28, 22, -45, 55, 70]",[],[],[],[]
95,36.13,10,False,1453,720,9,0,[],[],[],[],"[1169, 459, 487, 1053, 1020]","[1169, 459, 487, 1053, 1020]","[-189, 47, -115, 139, -561]","[-8, 22, -11, 75, 90]",[],[],[],[]
96,36.38,10,False,1408,720,-9,1,[],[],[],[],"[1077, 489, 453, 1093, 786]","[1077, 489, 453, 1093, 786]","[-212, 149, -8, 123, -540]","[12, 22, 29, 95, 105]",[],[],[],[]
97,36.62,10,False,1228,720,-9,2,[],[],[],[],"[977, 559, 466, 1133, 573]","[977, 559, 466, 1133, 573]","[-216, 249, 110, 103, -475]","[32, 22, 69, 115, 105]",[],[],[],[]
98,36.86,10,False,1048,720,-9,3,[],[],[],[],"[878, 667, 522, 1156, 394]","[878, 667, 522, 1156, 394]","[-200, 329, 210, 83, -369]","[52, 22, 99, 119, 105]",[],[],[],[]
99,37.13,10,False,880,720,-8,5,[957],[792],[-5],[2],"[778, 787, 608, 1165, 256]","[778, 787, 608, 1165, 256]","[-204, 345, 260, 8, -274]","[32, -18, 79, 79, 65]","[914, 728, 668, 1103, 528]","[760, 844, 814, 981, 996]","[0, 1, 5, -5, 5]","[-5, -5, -2, 0, -2]"
100,37.39,10,False,912,612,5,-8,[857],[832],[-5],[2],"[691, 907, 708, 1144, 161]","[691, 907, 708, 1144, 161]","[-188, 338, 291, -59, -154]","[12, -38, 59, 39, 25]","[914, 748, 768, 1003, 628]","[660, 744, 774, 981, 956]","[0, 1, 5, -5, 5]","[-5, -5, -2, 0, -2]"
101,37.66,10,False,1021,462,6,-7,[],[],[],[],"[611, 1027, 1097, 120]","[611, 1027, 1097, 120]","[-156, 307, -119, -15]","[-8, -58, -1, -15]","[914, 768, 868, 903, 728, 732, 1023, 801, 1167, 217]","[560, 644, 734, 981, 916, 835, 859, 845, 961, 1002]","[0, 1, 5, -5, 5, 5, 1, 0, 1, 5]","[-5, -5, -2, 0, -2, -2, -5, -5, -5, -3]"
102,37.93,10,False,1120,306,3,-9,[],[],[],[],"[549, 1130, 1027, 133]","[549, 1130, 1027, 133]","[-113, 254, -171, 125]","[-20, -78, -41, -55]","[914, 788, 968, 803, 828, 832, 1043, 801, 1170, 317]","[460, 544, 694, 981, 876, 795, 759, 745, 861, 942]","[0, 1, 5, -5, 5, 5, 1, 0, 0, 5]","[-5, -5, -2, 0, -2, -2, -5, -5, -5, -3]"
103,38.19,10,False,992,214,-9,-1,[],[],[],[],"[505, 1206, 941, 202]","[505, 1206, 941, 202]","[-53, 182, -208, 256]","[-20, -84, -81, -95]","[914, 808, 1068, 703, 928, 932, 1063, 801, 1170, 417]","[360, 444, 654, 969, 836, 753, 659, 645, 761, 882]","[0, 1, 5, -5, 5, 5, 1, 0, 0, 5]","[-5, -5, -2, -1, -2, -3, -5, -5, -5, -3]"
104,38.48,10,False,860,326,-5,8,[],[],[],[],"[495, 1262, 854, 328, 1202]","[495, 1262, 854, 328, 1202]","[47, 142, -187, 407, -40]","[20, -44, -71, -83, 0]","[914, 828, 1168, 603, 1028, 1032, 1083, 819, 1170, 517, 633, 1157, 981, 332, 1236]","[260, 344, 614, 940, 795, 693, 559, 545, 661, 822, 760, 758, 862, 898, 880]","[0, 1, 5, -5, 5, 5, 1, 1, 0, 5, 4, -5, 0, 4, -1]","[-5, -5, -2, -2, -3, -3, -5, -5, -5, -3, -3, -3, -5, -3, -5]"
105,38.77,9,False,750,476,-6,7,[796],[529],[-3],[4],"[525, 1296, 776, 508, 1167]","[525, 1296, 776, 508, 1167]","[147, 82, -147, 528, -80]","[60, -4, -51, -63, 0]","[914, 1268, 503, 1128, 1115, 1103, 839, 1170, 617, 713, 1057, 981, 412, 1216]","[160, 562, 900, 735, 633, 459, 445, 561, 762, 700, 698, 762, 838, 780]","[0, 5, -5, 5, 4, 1, 1, 0, 5, 4, -5, 0, 4, -1]","[-5, -3, -2, -3, -3, -5, -5, -5, -3, -3, -3, -5, -3, -5]"
106,39.06,9,False,625,529,-4,-8,[736],[609],[-3],[4],"[595, 1306, 719, 728, 1123]","[595, 1306, 719, 728, 1123]","[239, 22, -93, 609, -104]","[100, 36, -31, -43, 0]","[914, 1368, 411, 1228, 1195, 1123, 848, 1170, 717, 793, 957, 975, 492, 1196, 611, 1291, 787, 686, 1160]","[60, 502, 840, 675, 573, 359, 345, 461, 702, 640, 638, 662, 778, 680, 772, 745, 822, 804, 930]","[0, 5, -4, 5, 4, 1, 0, 0, 5, 4, -5, -1, 4, -1, 1, -5, 0, 2, -2]","[-5, -3, -3, -3, -3, -5, -5, -5, -3, -3, -3, -5, -3, -5, -5, -1, -5, -5, -5]"
107,39.39,9,False,562,350,-3,-9,[676],[689],[-3],[4],"[698, 1293, 685, 968, 1063]","[698, 1293, 685, 968, 1063]","[313, -38, -33, 644, -124]","[126, 76, -10, -6, 0]","[1458, 331, 1309, 1275, 1136, 848, 1170, 813, 873, 857, 955, 572, 1163, 631, 1191, 787, 726, 1120]","[442, 780, 615, 513, 259, 245, 361, 642, 580, 578, 562, 718, 580, 672, 725, 722, 704, 830]","[4, -4, 4, 4, 0, 0, 0, 4, 4, -5, -1, 4, -2, 1, -5, 0, 2, -2]","[-3, -3, -3, -3, -5, -5, -5, -3, -3, -3, -5, -3, -5, -5, -1, -5, -5, -5]"
108,39.72,9,False,459,201,-9,-3,[616],[769],[-3],[4],"[826, 1257, 675, 1208, 1003]","[826, 1257, 675, 1208, 1003]","[364, -97, 27, 629, -125]","[146, 116, 30, 34, 0]","[1538, 251, 1389, 1355, 1136, 848, 1170, 893, 953, 757, 935, 652, 1123, 651, 1091, 787, 766, 1080]","[382, 703, 555, 434, 159, 145, 261, 582, 520, 518, 462, 651, 480, 572, 705, 622, 604, 730]","[4, -4, 4, 4, 0, 0, 0, 4, 4, -5, -1, 4, -2, 1, -5, 0, 2, -2]","[-3, -4, -3, -4, -5, -5, -5, -3, -3, -3, -5, -4, -5, -5, -1, -5, -5, -5]"
109,40.04,9,False,424,342,3,9,[556],[849],[-3],[4],"[965, 1190, 675, 1430, 935]","[965, 1190, 675, 1430, 935]","[349, -177, 47, 528, -159]","[122, 115, 30, 34, -40]","[1618, 191, 1469, 1415, 1136, 848, 1157, 973, 1033, 657, 915, 732, 1083, 671, 991, 787, 796, 1040, 816, 1202, 670, 1155, 1014]","[313, 623, 486, 354, 59, 45, 161, 522, 440, 458, 362, 571, 380, 472, 685, 522, 504, 630, 815, 773, 730, 756, 888]","[4, -3, 4, 3, 0, 0, -1, 4, 4, -5, -1, 4, -2, 1, -5, 0, 1, -2, -3, -5, -2, -5, -2]","[-4, -4, -4, -4, -5, -5, -5, -3, -4, -3, -5, -4, -5, -5, -1, -5, -5, -5, -5, -2, -5, -3, -5]"
110,40.35,9,False,489,522,4,9,[496],[929],[-3],[4],"[1085, 1095, 693, 1603, 855]","[1085, 1095, 693, 1603, 855]","[305, -244, 67, 387, -178]","[82, 95, 30, 34, -75]","[1691, 131, 1547, 1461, 1137, 1053, 1113, 557, 895, 812, 1043, 691, 891, 787, 816, 991, 756, 1102, 630, 1055, 974]","[233, 537, 406, 254, 61, 462, 360, 398, 262, 491, 280, 372, 665, 422, 404, 530, 715, 733, 630, 696, 788]","[3, -3, 3, 2, -1, 4, 4, -5, -1, 4, -2, 1, -5, 0, 1, -3, -3, -5, -2, -5, -2]","[-4, -5, -4, -5, -5, -3, -4, -3, -5, -4, -5, -5, -1, -5, -5, -5, -5, -2, -5, -3, -5]"
111,40.69,9,False,465,648,-9,1,"[436, 578]","[1009, 676]","[-3, 2]","[4, 5]","[1183, 977, 713, 1713, 775]","[1183, 977, 713, 1713, 775]","[240, -291, 87, 216, -178]","[42, 75, 30, 34, -95]","[1751, 85, 1607, 1488, 1133, 1193, 457, 869, 892, 998, 711, 791, 787, 836, 931, 696, 1002, 590, 955, 934, 1132, 1031, 689, 1657, 808]","[152, 437, 326, 154, 402, 280, 338, 162, 411, 180, 272, 645, 322, 304, 430, 615, 693, 530, 636, 688, 963, 859, 830, 806, 915]","[3, -2, 3, 1, 4, 4, -5, -2, 4, -3, 1, -5, 0, 1, -3, -3, -5, -2, -5, -2, -5, -4, -5, -5, -5]","[-5, -5, -4, -5, -3, -4, -3, -5, -4, -5, -5, -1, -5, -5, -5, -5, -2, -5, -3, -5, -3, -3, 0, -1, 0]"
112,41.05,9,False,366,653,0,0,[618],[776],[2],[5],"[1253, 843, 741, 1751, 695]","[1253, 843, 741, 1751, 695]","[160, -312, 107, 36, -162]","[2, 55, 30, 34, -114]","[1797, 45, 1667, 1490, 1213, 1254, 357, 829, 972, 938, 727, 691, 785, 856, 871, 636, 902, 550, 855, 894, 1032, 951, 589, 1557, 708]","[52, 337, 238, 54, 342, 200, 282, 62, 331, 87, 172, 625, 222, 204, 350, 515, 653, 430, 593, 588, 903, 799, 830, 786, 915]","[2, -2, 3, 0, 4, 3, -5, -2, 4, -3, 0, -5, -1, 1, -3, -3, -5, -2, -5, -2, -5, -4, -5, -5, -5]","[-5, -5, -5, -5, -3, -4, -2, -5, -4, -4, -5, -1, -5, -5, -4, -5, -2, -5, -2, -5, -3, -3, 0, -1, 0]"
113,41.39,9,False,366,653,0,0,[658],[876],[2],[5],"[1287, 703, 781, 1719, 625]","[1287, 703, 781, 1719, 625]","[63, -304, 117, -144, -131]","[-38, 35, 30, 34, -114]","[8, 1707, 1293, 1314, 257, 1052, 878, 727, 591, 765, 874, 811, 576, 802, 506, 755, 854, 932, 871, 489, 1457, 608]","[237, 138, 282, 120, 242, 251, 7, 72, 605, 122, 104, 270, 416, 613, 330, 553, 488, 852, 739, 830, 766, 915]","[-1, 2, 4, 3, -5, 4, -3, 0, -5, -1, 0, -3, -3, -5, -3, -5, -2, -5, -4, -5, -5, -5]","[-5, -5, -3, -4, -2, -4, -4, -5, -1, -5, -5, -4, -4, -2, -5, -2, -5, -2, -3, 0, -1, 0]"
114,41.71,9,False,537,677,9,2,[],[],[],[],"[1291, 825, 1622, 578]","[1291, 825, 1622, 578]","[3, 157, -278, -51]","[-38, 65, 74, -74]","[1724, 1373, 1374, 157, 1132, 491, 745, 874, 743, 516, 702, 446, 655, 814, 832, 791, 389, 1357, 508, 1237, 631, 718, 1650, 571]","[38, 218, 39, 202, 171, 585, 22, 4, 190, 336, 573, 230, 513, 388, 812, 679, 830, 746, 915, 986, 898, 830, 816, 801]","[0, 4, 3, -5, 4, -5, -1, 0, -4, -3, -5, -3, -5, -2, -5, -4, -5, -5, -5, -5, -5, -5, -5, -5]","[-5, -4, -5, -2, -4, -1, -5, -5, -4, -4, -2, -5, -2, -5, -2, -3, 0, -1, 0, 0, -1, 0, 0, 1]"
115,42.04,9,False,636,695,9,0,[],[],[],[],"[1269, 885, 1477, 566]","[1269, 885, 1477, 566]","[-57, 189, -388, 29]","[-36, 85, 101, -34]","[1453, 57, 1212, 391, 663, 456, 602, 386, 555, 774, 732, 711, 289, 1257, 408, 1137, 531, 618, 1550, 471]","[138, 162, 91, 565, 110, 256, 533, 130, 473, 288, 772, 619, 830, 726, 915, 986, 878, 830, 816, 821]","[4, -5, 4, -5, -4, -3, -5, -3, -5, -2, -5, -4, -5, -5, -5, -5, -5, -5, -5, -5]","[-4, -2, -4, -1, -4, -4, -2, -5, -2, -5, -2, -3, 0, -1, 0, 0, -1, 0, 0, 1]"
116,42.37,9,False,816,711,9,2,[],[],[],[],"[1228, 955, 1294, 584, 842]","[1228, 955, 1294, 584, 842]","[-102, 209, -465, 109, 20]","[-16, 105, 121, 6, 10]","[1533, 1292, 291, 583, 396, 502, 326, 455, 734, 632, 631, 189, 1157, 308, 1037, 431, 518, 1450, 371, 1254, 921, 1371, 671, 837]","[58, 11, 545, 38, 176, 493, 30, 433, 188, 732, 559, 830, 706, 915, 986, 858, 830, 816, 841, 904, 849, 869, 749, 931]","[4, 4, -5, -4, -3, -5, -3, -5, -2, -5, -4, -5, -5, -5, -5, -5, -5, -5, -5, -4, -4, -5, 5, -4]","[-4, -4, -1, -3, -4, -2, -5, -2, -5, -2, -3, 0, -1, 0, 0, -1, 0, 0, 1, -3, -3, -1, -2, 3]"
117,42.69,9,False,914,720,2,9,[953],[820],[2],[5],"[1168, 1035, 1091, 634, 848]","[1168, 1035, 1091, 634, 848]","[-142, 211, -503, 189, 60]","[4, 125, 141, 46, 30]","[191, 336, 402, 355, 694, 532, 551, 89, 1057, 208, 937, 331, 418, 1350, 271, 1174, 841, 1271, 771, 757]","[525, 96, 453, 393, 88, 681, 499, 830, 686, 900, 986, 838, 830, 816, 861, 844, 789, 849, 709, 991]","[-5, -3, -5, -5, -2, -5, -4, -5, -5, -5, -5, -5, -5, -5, -5, -4, -4, -5, 5, -4]","[-1, -4, -2, -2, -5, -3, -3, 0, -1, -1, 0, -1, 0, 0, 1, -3, -3, -1, -2, 3]"
118,42.99,9,False,902,627,1,-9,[],[],[],[],"[1093, 1113, 715, 868]","[1093, 1113, 715, 868]","[-165, 198, 257, 93]","[24, 130, 86, 50]","[91, 276, 302, 255, 432, 471, 957, 108, 837, 231, 318, 1250, 171, 1094, 761, 1171, 871, 677]","[505, 16, 413, 353, 621, 439, 666, 880, 980, 806, 830, 816, 881, 784, 729, 829, 683, 1051]","[-5, -3, -5, -5, -5, -4, -5, -5, -5, -5, -5, -5, -5, -4, -4, -5, 5, -4]","[-1, -4, -2, -2, -3, -3, -1, -1, -1, -2, 0, 0, 1, -3, -3, -1, -1, 3]"
119,43.3,9,False,990,467,6,-7,[],[],[],[],"[1006, 1169, 815, 888, 1094]","[1006, 1169, 815, 888, 1094]","[-214, 134, 267, 73, -60]","[4, 90, 86, 30, 0]","[202, 155, 332, 391, 857, 8, 737, 131, 218, 1150, 71, 1014, 681, 1071, 971, 1104, 1104, 683, 1004, 1092]","[373, 313, 561, 379, 646, 850, 960, 766, 830, 816, 901, 724, 669, 809, 650, 798, 902, 705, 900, 680]","[-5, -5, -5, -4, -5, -5, -5, -5, -5, -5, -5, -4, -4, -5, 5, -1, -3, -3, 5, -3]","[-2, -2, -3, -3, -1, -2, -1, -2, 0, 0, 1, -3, -3, -1, -2, -5, -4, -4, 0, -4]"
120,43.6,9,False,1120,390,-4,8,[],[],[],[],"[906, 1197, 915, 908, 1047]","[906, 1197, 915, 908, 1047]","[-244, 54, 257, 53, -116]","[-16, 50, 86, 10, 0]","[102, 55, 249, 311, 757, 637, 33, 118, 1050, 934, 601, 971, 1071, 1084, 1044, 626, 1104, 1032]","[333, 273, 501, 319, 626, 940, 717, 827, 816, 664, 609, 789, 610, 698, 822, 619, 882, 600]","[-5, -5, -4, -4, -5, -5, -4, -5, -5, -4, -4, -5, 5, -1, -3, -2, 5, -3]","[-2, -2, -3, -3, -1, -1, -3, -1, 0, -3, -3, -1, -2, -5, -4, -5, -2, -4]"
121,43.9,9,False,1012,541,-6,7,[],[],[],[],"[792, 1191, 1002, 911, 984]","[792, 1191, 1002, 911, 984]","[-253, -26, 227, 33, -156]","[-36, 10, 86, -10, 0]","[2, 169, 231, 657, 537, 18, 950, 854, 521, 871, 1171, 1064, 984, 594, 1197, 972, 906, 1233, 1058, 946, 1049]","[293, 441, 243, 606, 920, 807, 816, 592, 533, 769, 570, 598, 727, 519, 832, 520, 826, 967, 822, 849, 710]","[-5, -4, -4, -5, -5, -5, -5, -4, -4, -5, 5, -1, -3, -1, 4, -3, 2, 0, 5, 0, 0]","[-2, -3, -4, -1, -1, -1, 0, -4, -4, -1, -2, -5, -5, -5, -3, -4, -5, -5, -1, -5, -5]"
122,44.18,7,False,955,662,9,-3,[],[],[],[],"[684, 1155, 1075, 911, 904]","[684, 1155, 1075, 911, 904]","[-239, -105, 183, 13, -182]","[-56, -30, 68, -30, 0]","[89, 163, 557, 437, 850, 774, 441, 771, 1271, 1044, 587, 1274, 946, 1224, 1158, 946, 1049]","[381, 163, 586, 890, 816, 512, 453, 737, 530, 498, 419, 761, 726, 867, 795, 749, 610]","[-4, -3, -5, -5, -5, -4, -4, -5, 5, -1, 0, 3, 2, -1, 5, 0, 0]","[-3, -4, -1, -2, 0, -4, -4, -2, -2, -5, -5, -4, -5, -5, -2, -5, -5]"
123,44.51,6,False,1078,524,7,-6,[],[],[],[],"[584, 1090, 1126, 904, 824]","[584, 1090, 1126, 904, 824]","[-204, -165, 123, -7, -193]","[-57, -70, 48, -50, 0]","[9, 105, 457, 337, 750, 694, 376, 671, 1371, 1024, 594, 1330, 986, 1204, 1258, 946]","[301, 78, 566, 850, 816, 432, 373, 697, 490, 398, 319, 675, 626, 767, 755, 649]","[-4, -2, -5, -5, -5, -4, -3, -5, 5, -1, 1, 2, 2, -1, 5, 0]","[-4, -5, -1, -2, 0, -4, -4, -2, -2, -5, -5, -5, -5, -5, -2, -5]"
124,44.84,6,False,1092,608,-7,6,[],[],[],[],"[513, 1010, 1166, 898, 745]","[513, 1010, 1166, 898, 745]","[-110, -173, 101, 13, -149]","[-17, -69, 68, -25, 40]","[357, 237, 650, 614, 316, 571, 1471, 1004, 646, 1365, 1026, 1184, 1358, 946, 727, 1133, 1123, 932, 955]","[546, 810, 816, 352, 290, 657, 450, 298, 228, 575, 526, 667, 715, 549, 746, 882, 772, 763, 760]","[-5, -5, -5, -4, -3, -5, 5, -1, 4, 1, 2, -1, 5, 0, 5, 0, -2, -1, 5]","[-1, -2, 0, -4, -5, -2, -2, -5, -4, -5, -5, -5, -2, -5, -3, -5, -5, -5, 0]"
125,45.15,5,False,935,709,-8,4,[1017],[736],[-5],[3],"[481, 930, 1186, 898, 689]","[481, 930, 1186, 898, 689]","[-10, -166, 61, 33, -89]","[23, -49, 88, 15, 80]","[257, 137, 550, 534, 271, 471, 1571, 980, 737, 1376, 1066, 1164, 1458, 946, 827, 1133, 1083, 1055]","[526, 757, 816, 272, 190, 617, 410, 198, 178, 475, 426, 567, 675, 449, 686, 782, 672, 760]","[-5, -5, -5, -4, -2, -5, 5, -2, 5, 0, 2, -1, 5, 0, 5, 0, -2, 5]","[-1, -3, 0, -4, -5, -2, -2, -5, -1, -5, -5, -5, -2, -5, -3, -5, -5, 0]"
126,45.46,4,False,879,571,-3,-9,[917],[796],[-5],[3],"[489, 855, 1191, 902, 657]","[489, 855, 1191, 902, 657]","[90, -145, 21, 53, -26]","[63, -29, 106, 55, 120]","[157, 56, 450, 454, 239, 371, 1671, 940, 837, 1350, 1106, 1144, 1551, 946, 1133, 1043, 1155, 565, 898, 1196, 883, 736]","[506, 697, 816, 192, 90, 577, 370, 98, 172, 378, 326, 467, 617, 349, 682, 572, 760, 755, 850, 882, 838, 753]","[-5, -4, -5, -4, -1, -5, 5, -2, 5, -3, 2, -1, 4, 0, 0, -2, 5, 5, -3, -3, -5, 2]","[-1, -3, 0, -4, -5, -2, -2, -5, 0, -4, -5, -5, -3, -5, -5, -5, 0, -1, -4, -4, 2, -5]"
127,45.77,4,False,809,397,-5,-8,[817],[856],[-5],[3],"[537, 795, 1181, 922, 653]","[537, 795, 1181, 922, 653]","[190, -105, -19, 73, 54]","[103, -9, 106, 90, 155]","[57, 350, 387, 278, 1771, 937, 1267, 1146, 1124, 1629, 946, 1133, 1003, 1255, 665, 838, 1136, 783, 776]","[486, 816, 112, 519, 329, 189, 318, 226, 367, 548, 249, 582, 472, 749, 735, 770, 802, 878, 653]","[-5, -5, -3, -4, 5, 5, -5, 2, -1, 3, 0, 0, -2, 5, 5, -3, -3, -5, 2]","[-1, 0, -4, -3, -3, 2, -2, -5, -5, -4, -5, -5, -5, -1, -1, -4, -4, 2, -5]"
128,46.07,4,False,662,292,-9,-1,[717],[916],[-5],[3],"[623, 753, 1156, 942, 681]","[623, 753, 1156, 942, 681]","[277, -62, -57, 93, 122]","[143, 11, 106, 110, 175]","[250, 327, 198, 1843, 1037, 1167, 1186, 1104, 1673, 946, 1133, 963, 1355, 765, 778, 1076, 683, 816]","[816, 32, 456, 256, 231, 289, 126, 267, 455, 149, 482, 372, 729, 715, 687, 722, 900, 553]","[-5, -3, -4, 2, 5, -5, 2, -1, 1, 0, 0, -2, 5, 5, -3, -3, -5, 2]","[0, -4, -4, -5, 3, -1, -5, -5, -5, -5, -5, -5, -1, -1, -5, -4, 1, -5]"
129,46.38,4,False,632,438,4,9,[617],[976],[-5],[3],"[729, 722, 1110, 962, 721]","[729, 722, 1110, 962, 721]","[305, -42, -117, 72, 142]","[124, -9, 66, 90, 143]","[150, 127, 1808, 1111, 1067, 1226, 1078, 1664, 931, 1133, 914, 1455, 865, 718, 1016, 583, 841, 733, 746, 1143, 949, 731]","[816, 376, 168, 300, 272, 26, 167, 355, 49, 382, 272, 709, 695, 587, 642, 902, 453, 766, 746, 931, 785, 829]","[-5, -3, -4, 3, -5, 2, -2, -2, -1, 0, -3, 5, 5, -3, -3, -5, 1, 3, -2, -3, -2, 0]","[0, -4, -3, 4, 0, -5, -5, -5, -5, -5, -5, -1, -1, -5, -4, 0, -5, -4, -5, -5, -5, -5]"
130,46.69,3,False,716,600,4,8,"[517, 742]","[1036, 624]","[-5, 2]","[3, 5]","[849, 702, 1041, 973, 774]","[849, 702, 1041, 973, 774]","[311, -22, -173, 32, 158]","[104, -11, 26, 70, 103]","[50, 71, 1708, 1131, 967, 1038, 1602, 1133, 854, 1555, 965, 956, 483, 861, 793, 706, 1083, 909, 731]","[813, 288, 148, 399, 272, 67, 272, 282, 184, 669, 675, 562, 902, 353, 686, 646, 831, 685, 729]","[-5, -2, -5, 0, -5, -2, -4, 0, -3, 5, 5, -3, -5, 1, 3, -2, -3, -2, 0]","[-1, -5, 0, 5, 0, -5, -3, -5, -4, -2, -1, -4, 0, -5, -4, -5, -5, -5, -5]"
131,47.01,3,False,839,720,9,0,[782],[724],[2],[5],"[962, 682, 954, 969, 834]","[962, 682, 954, 969, 834]","[293, -2, -212, -8, 158]","[82, -11, -14, 44, 63]","[43, 1608, 1117, 867, 1508, 1133, 794, 1655, 1065, 896, 383, 881, 853, 666, 1023, 869, 731, 915, 690, 982, 1008, 831]","[188, 148, 499, 278, 225, 182, 104, 629, 655, 482, 889, 253, 602, 546, 731, 585, 629, 894, 820, 1017, 883, 980]","[0, -5, -1, -5, -5, 0, -3, 5, 5, -3, -5, 1, 3, -2, -3, -2, 0, -4, -5, -5, 0, -2]","[-5, 0, 5, 1, -1, -5, -4, -2, -1, -4, -1, -5, -4, -5, -5, -5, -5, -4, 0, -1, -5, -5]"
132,47.34,3,False,930,720,2,9,[822],[824],[2],[5],"[1062, 681, 854, 949, 891]","[1062, 681, 854, 949, 891]","[253, 18, -231, -37, 147]","[42, -11, -54, 4, 23]","[81, 1508, 1077, 767, 1408, 1133, 719, 1755, 1165, 836, 283, 904, 913, 626, 963, 829, 731, 835, 590, 882, 1008, 791]","[99, 166, 599, 308, 212, 82, 24, 582, 635, 402, 861, 153, 522, 446, 642, 485, 529, 814, 820, 997, 783, 880]","[4, -5, -2, -5, -5, 0, -4, 5, 5, -3, -5, 2, 3, -2, -3, -2, 0, -4, -5, -5, 0, -2]","[-3, 1, 5, 2, 0, -5, -4, -3, -1, -4, -2, -5, -4, -5, -4, -5, -5, -4, 0, -1, -5, -5]"
133,47.67,2,False,992,720,4,8,[862],[924],[2],[5],"[1140, 681, 754, 922, 931]","[1140, 681, 754, 922, 931]","[193, 38, -230, -57, 127]","[2, -11, -94, -22, -17]","[181, 1408, 1037, 678, 1308, 1839, 1265, 776, 197, 944, 973, 586, 903, 789, 731, 755, 490, 782, 751]","[87, 198, 699, 362, 212, 522, 615, 322, 802, 53, 442, 346, 562, 385, 429, 734, 820, 971, 780]","[5, -5, -2, -4, -5, 4, 5, -3, -3, 2, 3, -2, -3, -2, 0, -4, -5, -5, -2]","[0, 2, 5, 3, 0, -3, -1, -4, -4, -5, -4, -5, -4, -5, -5, -4, 0, -2, -5]"
134,47.98,1,False,1162,703,9,-2,[902],[1024],[2],[5],"[1200, 698, 665, 896, 971]","[1200, 698, 665, 896, 971]","[160, 98, -170, -37, 142]","[2, 29, -86, -2, -17]","[281, 1308, 610, 1208, 1916, 1365, 716, 188, 1033, 546, 843, 749, 731, 687, 390, 682, 711, 1078, 816, 894, 927, 1040]","[105, 238, 441, 224, 450, 595, 242, 705, 362, 246, 482, 285, 329, 654, 820, 931, 680, 934, 716, 966, 832, 945]","[5, -5, -3, -5, 3, 5, -3, 2, 3, -2, -3, -2, 0, -3, -5, -5, -2, -5, 5, 5, -2, 3]","[1, 2, 5, 1, -4, -1, -4, -5, -4, -5, -4, -5, -5, -4, 0, -2, -5, -1, -2, 0, -5, -4]"
135,48.29,1,False,1315,667,0,0,[],[],[],[],"[1245, 741, 603, 876, 1011]","[1245, 741, 603, 876, 1011]","[120, 158, -92, -17, 142]","[2, 69, -66, 18, -17]","[381, 1209, 581, 1108, 1465, 656, 272, 1105, 525, 783, 709, 746, 627, 290, 582, 671, 978, 916, 994, 887, 1100]","[144, 290, 541, 254, 575, 162, 645, 282, 146, 383, 185, 229, 574, 818, 891, 580, 904, 676, 966, 732, 865]","[5, -4, 0, -5, 5, -3, 5, 4, -1, -3, -2, 1, -3, -5, -5, -2, -5, 5, 5, -2, 3]","[2, 3, 5, 2, -1, -4, -2, -4, -5, -5, -5, -5, -4, -1, -2, -5, -2, -2, 0, -5, -4]"
136,48.6,1,False,1142,720,-9,3,[],[],[],[],"[1274, 804, 573, 860, 1051]","[1274, 804, 573, 860, 1051]","[68, 205, -12, 7, 142]","[2, 109, -46, 38, -17]","[481, 1129, 587, 1010, 1565, 596, 372, 1185, 505, 723, 669, 766, 567, 193, 482, 633, 878, 1016, 1094, 847, 1160, 1290, 868, 678, 940, 1130]","[184, 350, 641, 302, 555, 82, 620, 214, 46, 283, 85, 129, 494, 785, 851, 480, 864, 636, 966, 632, 785, 904, 765, 847, 870, 965]","[5, -4, 1, -4, 5, -3, 5, 4, -1, -3, -2, 1, -3, -4, -5, -1, -5, 5, 5, -2, 3, -1, 5, 5, 4, 5]","[2, 3, 5, 3, -1, -4, -1, -3, -5, -5, -5, -5, -4, -3, -2, -5, -2, -2, 0, -5, -4, -5, -2, -2, -3, -1]"
137,58.82,0,False,978,720,-8,4,[1026],[773],[-5],[2],"[1280, 880, 575, 860, 1089]","[1280, 880, 575, 860, 1089]","[11, 239, 64, 45, 128]","[2, 147, -16, 57, -17]","[576, 1053, 620, 934, 1660, 539, 467, 1262, 666, 785, 510, 191, 390, 614, 783, 1111, 1189, 809, 1217, 1271, 773, 1016, 1225]","[222, 407, 736, 359, 536, 6, 611, 157, 188, 34, 409, 702, 794, 385, 826, 598, 966, 537, 709, 809, 809, 813, 946]","[5, -4, 2, -4, 5, -3, 5, 5, -3, 1, -3, 4, -4, -1, -5, 5, 5, -2, 3, -1, 5, 4, 5]","[2, 3, 5, 3, -1, -4, 0, -3, -5, -5, -5, -3, -3, -5, -2, -2, 0, -5, -4, -5, -2, -3, -1]"
138,58.86,10,False,957,369,-3,9,[],[],[],[],[1130],[1130],[-3],[-1],[],[],[],[]
139,59.09,10,False,878,549,-4,9,[],[],[],[],[1105],[1105],[-63],[-21],[],[],[],[]
140,59.32,10,False,800,720,-4,9,[],[],[],[],"[1057, 1231]","[1057, 1231]","[-122, -4]","[-41, 0]",[],[],[],[]
