,HP,Power up,Player x,Player y,Player speed_x,Player speed_y,Player bullet x,Player bullet y,Player bullet speed_x,Player bullet speed_y,Enemy x,Enemy y,Enemy speed_x,Enemy speed_y,Enemy bullet x,Enemy bullet y,Enemy bullet speed_x,Enemy bullet speed_y
0,10,False,327,299,-4,8,[],[],[],[],"[787, 1171, 185, 1216, 712]","[787, 1171, 185, 1216, 712]","[-113, -98, 34, 267, -128]","[83, 84, 75, 86, 31]",[],[],[],[]
1,10,False,435,312,9,0,[],[],[],[],"[728, 1108, 214, 1296, 652]","[728, 1108, 214, 1296, 652]","[-100, -159, 154, 180, -103]","[121, 104, 95, 103, 51]",[],[],[],[]
2,10,False,392,297,5,8,[],[],[],[],"[688, 1020, 288, 1336, 611]","[688, 1020, 288, 1336, 611]","[-100, -229, 250, 60, -83]","[121, 104, 95, 83, 51]","[705, 1071, 338, 1323, 676]","[666, 701, 714, 779, 701]","[-5, -4, 4, -5, 0]","[-3, -3, -4, -2, -5]"
3,10,False,508,402,0,0,[505],[433],[3],[4],"[628, 905, 392, 1320, 571]","[628, 905, 392, 1320, 571]","[-107, -299, 307, -80, -83]","[101, 79, 56, 43, 31]","[605, 991, 399, 1223, 676]","[606, 641, 634, 739, 601]","[-5, -4, 3, -5, 0]","[-3, -3, -4, -2, -5]"
4,10,False,654,315,8,-5,[565],[516],[3],[5],"[568, 765, 512, 1249, 531]","[568, 765, 512, 1249, 531]","[-107, -345, 340, -216, -65]","[76, 39, 16, 3, 11]","[505, 911, 459, 1123, 676]","[546, 581, 554, 699, 501]","[-5, -4, 3, -5, 0]","[-3, -3, -4, -2, -5]"
5,10,False,814,222,8,-5,[625],[616],[3],[5],"[522, 610, 643, 1128, 497]","[522, 610, 643, 1128, 497]","[-87, -358, 350, -331, -45]","[36, -1, -24, -37, -9]","[419, 831, 519, 1023, 676, 609, 813, 553, 1199, 604]","[486, 521, 474, 659, 401, 671, 675, 678, 721, 649]","[-4, -4, 3, -5, 0, 0, 1, 0, -4, 2]","[-3, -3, -4, -2, -5, -5, -5, -5, -4, -5]"
6,10,False,991,183,9,0,[685],[716],[3],[5],"[482, 457, 767, 966, 477]","[482, 457, 767, 966, 477]","[-67, -343, 334, -419, -25]","[-4, -40, -55, -74, -29]","[339, 751, 586, 923, 676, 609, 833, 553, 1119, 644]","[426, 461, 394, 619, 301, 571, 575, 578, 641, 549]","[-4, -4, 4, -5, 0, 0, 1, 0, -4, 2]","[-3, -3, -4, -2, -5, -5, -5, -5, -4, -5]"
7,10,False,1171,175,9,-2,[745],[811],[3],[4],"[452, 322, 887, 786, 464]","[452, 322, 887, 786, 464]","[-14, -276, 312, -450, 26]","[-21, -40, -55, -74, -29]","[259, 671, 666, 823, 676, 609, 853, 553, 1039, 684, 550, 470, 907, 918, 565]","[366, 401, 314, 579, 201, 471, 475, 478, 561, 449, 735, 728, 678, 682, 693]","[-4, -4, 4, -5, 0, 0, 1, 0, -4, 2, 4, 5, 3, 1, 5]","[-3, -3, -4, -2, -5, -5, -5, -5, -4, -5, -4, -2, -5, -5, -3]"
8,10,False,1187,232,-3,9,[],[],[],[],"[454, 223, 999, 606, 479]","[454, 223, 999, 606, 479]","[66, -166, 286, -426, 96]","[-1, -20, -35, -54, -9]","[179, 591, 746, 723, 690, 609, 873, 553, 959, 724, 630, 570, 967, 938, 665]","[291, 336, 234, 539, 101, 371, 375, 378, 481, 349, 655, 688, 578, 582, 633]","[-4, -4, 4, -5, 1, 0, 1, 0, -4, 2, 4, 5, 3, 1, 5]","[-4, -4, -4, -2, -5, -5, -5, -5, -4, -5, -4, -2, -5, -5, -3]"
9,10,False,1251,269,9,-3,[1206],[389],[-1],[5],"[486, 172, 1095, 436, 521]","[486, 172, 1095, 436, 521]","[138, -46, 240, -367, 156]","[19, 0, -15, -24, 11]","[108, 511, 826, 623, 710, 609, 893, 553, 891, 783, 710, 670, 1027, 958, 765]","[211, 256, 157, 491, 1, 271, 275, 278, 401, 249, 575, 648, 478, 482, 573]","[-3, -4, 4, -5, 1, 0, 1, 0, -3, 3, 4, 5, 3, 1, 5]","[-4, -4, -3, -3, -5, -5, -5, -5, -4, -5, -4, -2, -5, -5, -3]"
10,10,False,1255,305,-6,7,[1186],[489],[-1],[5],"[543, 171, 1168, 297, 587]","[543, 171, 1168, 297, 587]","[198, 88, 180, -277, 212]","[39, 20, 23, 16, 31]","[48, 431, 906, 523, 619, 927, 553, 831, 843, 790, 770, 1087, 978, 865, 623, 306, 1141, 547, 623]","[128, 176, 97, 431, 171, 175, 178, 321, 165, 495, 608, 378, 382, 513, 692, 675, 563, 568, 592]","[-3, -4, 4, -5, 1, 2, 0, -3, 3, 4, 5, 3, 1, 5, 5, 5, 0, 4, 4]","[-5, -4, -3, -3, -5, -5, -5, -4, -4, -4, -2, -5, -5, -3, -2, -1, -5, -4, -4]"
11,9,False,1116,304,-7,-6,[1166],[589],[-1],[5],"[623, 222, 1215, 199, 669]","[623, 222, 1215, 199, 669]","[245, 208, 101, -162, 252]","[59, 40, 63, 56, 51]","[3, 351, 986, 428, 639, 967, 563, 771, 903, 870, 870, 998, 965, 723, 406, 1141, 627, 703]","[28, 96, 37, 371, 71, 75, 78, 241, 85, 415, 568, 282, 453, 652, 655, 463, 488, 512]","[-2, -4, 4, -4, 1, 2, 1, -3, 3, 4, 5, 1, 5, 5, 5, 0, 4, 4]","[-5, -4, -3, -3, -5, -5, -5, -4, -4, -4, -2, -5, -3, -2, -1, -5, -4, -4]"
12,9,False,994,256,-8,-4,[1146],[689],[-1],[5],"[721, 316, 1226, 148, 769]","[721, 316, 1226, 148, 769]","[255, 299, 1, -52, 252]","[53, 40, 63, 74, 51]","[282, 348, 711, 963, 950, 970, 1018, 1065, 823, 506, 1141, 707, 783, 737, 356, 1265, 263, 805]","[16, 311, 161, 5, 335, 528, 182, 393, 612, 635, 363, 408, 432, 709, 666, 631, 651, 651]","[-3, -4, -3, 3, 4, 5, 1, 5, 5, 5, 0, 4, 4, 2, 5, -1, 5, 4]","[-4, -3, -4, -4, -4, -2, -5, -3, -2, -1, -5, -4, -4, -5, -3, -5, -1, -4]"
13,9,False,858,188,0,0,[1126],[789],[-1],[5],"[806, 436, 1190, 138, 850]","[806, 436, 1190, 138, 850]","[226, 348, -119, 48, 212]","[13, 20, 43, 54, 31]","[268, 651, 1030, 1070, 1038, 1151, 923, 606, 1141, 787, 863, 777, 456, 1236, 363, 885]","[251, 81, 255, 488, 82, 333, 572, 612, 263, 328, 352, 609, 606, 531, 631, 571]","[-4, -3, 4, 5, 1, 4, 5, 5, 0, 4, 4, 2, 5, -2, 5, 4]","[-3, -4, -4, -2, -5, -3, -2, -2, -5, -4, -4, -5, -3, -5, -1, -4]"
14,9,False,738,299,-4,9,[791],[329],[-2],[5],"[879, 576, 1109, 168, 915]","[879, 576, 1109, 168, 915]","[183, 372, -226, 148, 157]","[-21, 0, 23, 34, 11]","[188, 591, 1110, 1170, 1231, 1023, 706, 1141, 867, 943, 817, 556, 1196, 463, 965]","[191, 1, 175, 448, 273, 532, 572, 163, 248, 272, 509, 546, 431, 611, 491]","[-4, -3, 4, 5, 4, 5, 5, 0, 4, 4, 2, 5, -2, 5, 4]","[-3, -4, -4, -2, -3, -2, -2, -5, -4, -4, -5, -3, -5, -1, -4]"
15,9,False,591,208,-7,-6,[751],[429],[-2],[5],"[930, 716, 989, 236, 956]","[930, 716, 989, 236, 956]","[123, 366, -314, 229, 97]","[-41, -20, 3, 14, -9]","[108, 1190, 1270, 1311, 1123, 806, 1122, 947, 1023, 857, 656, 1156, 563, 1045, 886, 623, 1079, 306, 873]","[131, 95, 408, 213, 472, 532, 63, 168, 192, 409, 486, 331, 591, 411, 657, 600, 589, 638, 615]","[-4, 4, 5, 4, 5, 5, -1, 4, 4, 2, 5, -2, 5, 4, -2, 0, -3, 5, -4]","[-3, -4, -2, -3, -3, -2, -5, -4, -4, -5, -3, -5, -1, -4, -5, -5, -5, -3, -4]"
16,9,False,509,172,-9,-2,[711],[529],[-2],[5],"[957, 848, 840, 331, 971]","[957, 848, 840, 331, 971]","[63, 334, -374, 297, 30]","[-61, -40, -17, -6, -29]","[28, 1268, 1370, 1391, 1217, 906, 1027, 1084, 897, 740, 1116, 663, 1108, 846, 623, 1019, 406, 793]","[71, 15, 358, 153, 412, 492, 88, 112, 309, 426, 231, 563, 331, 557, 500, 491, 578, 535]","[-4, 3, 5, 4, 4, 5, 4, 3, 2, 4, -2, 5, 3, -2, 0, -3, 5, -4]","[-3, -4, -3, -3, -3, -2, -4, -4, -5, -3, -5, -2, -4, -5, -5, -4, -3, -4]"
17,9,False,380,192,0,0,[],[],[],[],"[961, 966, 455, 958]","[961, 966, 455, 958]","[23, 298, 364, -20]","[-61, -21, -6, -20]","[1462, 1471, 1297, 1006, 1107, 1144, 937, 820, 1066, 763, 1168, 806, 623, 959, 497, 713, 956, 914, 771, 437, 996]","[298, 91, 352, 452, 8, 32, 209, 366, 131, 523, 251, 457, 400, 411, 518, 455, 646, 620, 615, 620, 619]","[4, 4, 4, 5, 4, 3, 2, 4, -3, 5, 3, -2, 0, -3, 4, -4, -4, -4, -2, 0, -2]","[-3, -4, -3, -2, -4, -4, -5, -3, -5, -2, -4, -5, -5, -4, -3, -4, -3, -3, -5, -5, -5]"
18,9,False,375,200,0,0,[],[],[],[],"[961, 1066, 604, 938]","[961, 1066, 604, 938]","[3, 259, 422, -40]","[-23, 19, 33, 20]","[1377, 1106, 958, 900, 1006, 863, 1228, 766, 623, 899, 577, 633, 876, 834, 731, 437, 956]","[292, 412, 109, 306, 45, 483, 167, 357, 300, 331, 458, 375, 586, 560, 515, 520, 519]","[4, 5, 1, 4, -3, 5, 3, -2, 0, -3, 4, -4, -4, -4, -2, 0, -2]","[-3, -2, -5, -3, -4, -2, -5, -5, -5, -4, -3, -4, -3, -3, -5, -5, -5]"
19,9,False,375,200,0,0,[],[],[],[],"[944, 1149, 766, 908]","[944, 1149, 766, 908]","[-17, 200, 451, -60]","[17, 59, 64, 60]","[1457, 1206, 978, 980, 963, 1280, 726, 623, 839, 657, 553, 796, 754, 691, 437, 916]","[216, 372, 9, 246, 443, 67, 257, 200, 251, 398, 295, 526, 500, 415, 420, 419]","[4, 5, 1, 4, 5, 2, -2, 0, -3, 4, -4, -4, -4, -2, 0, -2]","[-4, -2, -5, -3, -2, -5, -5, -5, -4, -3, -4, -3, -3, -5, -5, -5]"
20,9,False,375,200,0,0,[],[],[],[],"[924, 1203, 940, 868, 848]","[924, 1203, 940, 868, 848]","[-37, 127, 444, -80, 0]","[57, 99, 84, 93, 40]","[1526, 1306, 1060, 1063, 670, 623, 779, 737, 473, 716, 674, 651, 437, 873, 918, 1116, 714, 873, 843]","[136, 329, 184, 403, 157, 100, 171, 338, 215, 466, 440, 315, 320, 319, 541, 561, 610, 596, 515]","[3, 5, 4, 5, -3, 0, -3, 4, -4, -4, -4, -2, 0, -3, -3, -4, -5, -4, -2]","[-4, -3, -4, -2, -5, -5, -4, -3, -4, -3, -3, -5, -5, -5, -4, -4, -3, -3, -5]"
