,HP,Power up,Player x,Player y,Player speed_x,Player speed_y,Player bullet x,Player bullet y,Player bullet speed_x,Player bullet speed_y,Enemy x,Enemy y,Enemy speed_x,Enemy speed_y,Enemy bullet x,Enemy bullet y,Enemy bullet speed_x,Enemy bullet speed_y,Humidity,Temperature,Skin conductance,Relative blood volume,Accelerations
0,10,False,707,246,2,-9,[],[],[],[],"[582, 683, 450, 810, 758]","[582, 683, 450, 810, 758]","[76, 14, -128, -78, -54]","[22, 96, 55, 49, 74]",[],[],[],[],40.9,24.300002,41498.0,"[22245.0, 21909.0, 20741.0, 19892.0, 19636.0, 18388.0, 18068.0, 17956.0, 17332.0, 16932.0, 16852.0, 16820.0, 16388.0, 16596.0, 16404.0, 16452.0, 16516.0, 17044.0, 16980.0, 17508.0]",[]
1,10,False,723,255,0,9,[758],[283],[0],[5],"[610, 685, 412, 770, 734]","[610, 685, 412, 770, 734]","[124, 51, -28, -76, -29]","[68, 131, 80, 52, 107]",[],[],[],[],40.9,24.300002,41434.0,"[40217.0, 42986.0, 44122.0, 45691.0, 46075.0, 45803.0, 45323.0, 44890.0, 43594.0, 42554.0, 41450.0, 40953.0, 39977.0, 38505.0, 37513.0, 36120.0, 34248.0, 32808.0, 32247.0, 30743.0]",[]
2,10,False,800,272,5,-8,[758],[383],[0],[5],"[650, 705, 405, 730, 714]","[650, 705, 405, 730, 714]","[140, 55, 18, -76, -37]","[75, 126, 66, 32, 112]","[700, 742, 474, 827, 753]","[595, 654, 675, 775, 688]","[2, 0, 3, 3, -1]","[-5, -5, -4, -4, -5]",40.9,24.300002,41178.0,"[21429.0, 20757.0, 20228.0, 20276.0, 19844.0, 20068.0, 19300.0, 19380.0, 19268.0, 19908.0, 19508.0, 20116.0, 19556.0, 20116.0, 19924.0, 20036.0, 19972.0, 19972.0, 20885.0, 20869.0]",[]
3,10,False,885,105,3,-9,[758],[483],[0],[5],"[690, 716, 408, 690, 694]","[690, 716, 408, 690, 694]","[125, 40, 57, -78, -37]","[70, 109, 26, -10, 94]","[740, 742, 534, 887, 752]","[495, 554, 595, 677, 588]","[2, 0, 3, 3, 0]","[-5, -5, -4, -5, -5]",40.9,24.300002,41274.0,"[20821.0, 21205.0, 20949.0, 21637.0, 21829.0, 21781.0, 21445.0, 21573.0, 21093.0, 22037.0, 22197.0, 22613.0, 24245.0, 26310.0, 28566.0, 30919.0, 34376.0, 38169.0, 40361.0, 43594.0]",[]
4,10,False,906,24,0,0,[758],[583],[0],[5],"[726, 716, 428, 650, 671]","[726, 716, 428, 650, 671]","[100, 22, 81, -86, -56]","[33, 51, -18, -66, 60]","[780, 742, 594, 931, 752]","[395, 454, 515, 577, 488]","[2, 0, 3, 2, 0]","[-5, -5, -4, -5, -5]",40.9,24.300002,41226.0,"[29959.0, 29031.0, 29575.0, 28630.0, 28390.0, 28566.0, 27430.0, 26886.0, 26230.0, 25830.0, 24902.0, 24742.0, 23893.0, 23205.0, 22917.0, 21525.0, 21397.0, 20388.0, 20148.0, 19892.0]",[]
5,10,False,1050,47,9,2,[],[],[],[],"[703, 462, 610, 631]","[703, 462, 610, 631]","[-26, 134, -86, -52]","[20, -40, -98, 10]","[820, 756, 654, 971, 752, 772, 761, 551, 737, 778]","[295, 354, 435, 477, 388, 585, 687, 647, 680, 735]","[2, 1, 3, 2, 0, 0, 0, 4, 2, 3]","[-5, -5, -4, -5, -5, -5, -5, -4, -5, -4]",40.9,24.300002,41274.0,"[20901.0, 20613.0, 21157.0, 21045.0, 21141.0, 21317.0, 22117.0, 22309.0, 23893.0, 25734.0, 28086.0, 30375.0, 33048.0, 36873.0, 39113.0, 42506.0, 44490.0, 46171.0, 47291.0, 47275.0]",[]
6,10,False,1191,154,3,9,[],[],[],[],"[680, 516, 570, 596]","[680, 516, 570, 596]","[-48, 170, -78, -52]","[-25, -62, -116, -14]","[860, 776, 714, 1011, 754, 772, 773, 631, 777, 838]","[195, 254, 355, 377, 288, 485, 587, 567, 580, 655]","[2, 1, 3, 2, 1, 0, 1, 4, 2, 3]","[-5, -5, -4, -5, -5, -5, -5, -4, -5, -4]",40.9,24.300002,41274.0,"[20901.0, 20613.0, 21157.0, 21045.0, 21141.0, 21317.0, 22117.0, 22309.0, 23893.0, 25734.0, 28086.0, 30375.0, 33048.0, 36873.0, 39113.0, 42506.0, 44490.0, 46171.0, 47291.0, 47275.0]",[]
7,10,False,1163,325,-5,8,[1208],[377],[-3],[4],"[651, 581, 530, 575, 1397]","[651, 581, 530, 575, 1397]","[-31, 211, -59, -19, -66]","[-28, -37, -100, -52, 5]","[900, 796, 774, 1051, 774, 776, 793, 711, 817, 898, 750, 643, 646, 673, 1430]","[95, 154, 275, 277, 188, 385, 487, 487, 480, 575, 736, 626, 639, 750, 786]","[2, 1, 3, 2, 1, 1, 1, 4, 2, 3, 4, 5, 5, 4, -2]","[-5, -5, -4, -5, -5, -5, -5, -4, -5, -4, -3, -3, -1, -4, -5]",40.8,24.300002,41514.0,"[20757.0, 20997.0, 20773.0, 21589.0, 21173.0, 20901.0, 21013.0, 21301.0, 21989.0, 21365.0, 21845.0, 21637.0, 22325.0, 21989.0, 22229.0, 22869.0, 23973.0, 25734.0, 27974.0, 30807.0]",[]
8,10,False,1219,433,9,0,[1160],[477],[-2],[5],"[636, 661, 508, 563, 1336]","[636, 661, 508, 563, 1336]","[7, 242, -5, 29, -183]","[-13, -7, -68, -41, 18]","[836, 835, 1091, 812, 796, 813, 791, 857, 958, 830, 743, 746, 753, 1390]","[54, 195, 177, 88, 285, 387, 416, 380, 495, 676, 566, 619, 673, 686]","[2, 4, 2, 2, 1, 1, 4, 2, 3, 4, 5, 5, 4, -2]","[-5, -4, -5, -5, -5, -5, -3, -5, -4, -3, -3, -1, -3, -5]",40.8,24.300002,41178.0,"[35032.0, 33640.0, 32808.0, 31223.0, 30727.0, 31143.0, 30135.0, 30151.0, 30087.0, 29623.0, 29783.0, 28775.0, 29031.0, 28438.0, 27622.0, 26582.0, 25526.0, 24966.0, 24101.0, 23717.0]",[]
9,10,False,1324,378,5,-7,[1120],[577],[-2],[5],"[636, 755, 504, 576, 1230]","[636, 755, 504, 576, 1230]","[44, 276, 41, 90, -279]","[4, 50, -43, -10, 43]","[915, 1145, 816, 833, 871, 897, 1018, 910, 843, 846, 833, 1350]","[115, 77, 185, 287, 356, 280, 415, 616, 516, 599, 613, 586]","[4, 3, 1, 1, 4, 2, 3, 4, 5, 5, 4, -2]","[-4, -5, -5, -5, -3, -5, -4, -3, -2, -1, -3, -5]",40.8,24.300002,41306.0,"[19684.0, 19556.0, 19748.0, 19780.0, 20436.0, 20356.0, 20677.0, 20789.0, 20757.0, 20773.0, 20757.0, 21669.0, 22341.0, 23141.0, 24678.0, 27622.0, 31639.0, 35128.0, 38761.0, 42810.0]",[]
10,10,False,1218,345,-7,6,[1080],[677],[-2],[5],"[655, 855, 527, 599, 1094]","[655, 855, 527, 599, 1094]","[87, 295, 111, 102, -340]","[16, 93, 4, -10, 29]","[995, 849, 863, 951, 937, 1078, 990, 943, 946, 913, 1310, 753, 901, 653, 714, 1303]","[35, 85, 187, 296, 180, 335, 556, 476, 579, 553, 486, 650, 619, 585, 702, 711]","[4, 2, 2, 4, 2, 3, 4, 5, 5, 4, -2, 4, 5, 5, 5, 2]","[-4, -5, -5, -3, -5, -4, -3, -2, -1, -3, -5, -3, 0, -2, -1, -5]",40.8,24.300002,41258.0,"[33288.0, 32215.0, 31831.0, 32087.0, 31559.0, 31015.0, 30983.0, 30823.0, 30407.0, 29719.0, 29511.0, 28855.0, 27734.0, 26662.0, 24934.0, 24565.0, 23365.0, 22197.0, 21685.0, 21317.0]",[]
11,10,False,1135,511,-2,9,[],[],[],[],"[683, 955, 574, 639]","[683, 955, 574, 639]","[95, 265, 173, 139]","[25, 120, 29, -16]","[903, 1031, 977, 1138, 1070, 1043, 1046, 993, 1270, 833, 1001, 753, 814, 1343]","[87, 236, 80, 255, 496, 436, 559, 493, 386, 590, 619, 545, 682, 611]","[2, 4, 2, 3, 4, 5, 5, 4, -2, 4, 5, 5, 5, 2]","[-5, -3, -5, -4, -3, -2, -1, -3, -5, -3, 0, -2, -1, -5]",40.8,24.300002,41178.0,"[20164.0, 19828.0, 18820.0, 18660.0, 17940.0, 17460.0, 17300.0, 16900.0, 16996.0, 16676.0, 16227.0, 16596.0, 16307.0, 16227.0, 16484.0, 16580.0, 17156.0, 16788.0, 17700.0, 17060.0]",[]
12,7,False,1133,556,0,0,[],[],[],[],"[717, 1041, 634, 698, 98]","[717, 1041, 634, 698, 98]","[114, 201, 186, 162, 53]","[19, 110, 37, -18, -17]","[1111, 1198, 1143, 1073, 1230, 913, 853, 914, 1383, 793, 1072, 698, 757, 193]","[176, 175, 396, 433, 286, 530, 505, 662, 511, 697, 654, 637, 668, 803]","[4, 3, 5, 4, -2, 4, 5, 5, 2, 5, 2, 5, 5, 5]","[-3, -4, -2, -3, -5, -3, -2, -1, -5, -2, -5, 2, -1, -1]",40.8,24.300002,41226.0,"[17524.0, 17860.0, 17556.0, 17588.0, 18148.0, 17684.0, 18372.0, 18788.0, 18660.0, 19604.0, 21333.0, 23653.0, 26758.0, 31207.0, 34968.0, 39817.0, 43450.0, 47307.0, 50412.0, 52364.0]",[]
13,6,False,1090,525,-6,-7,[],[],[],[],"[754, 694, 758, 132]","[754, 694, 758, 132]","[96, 163, 151, 152]","[-11, 38, -13, -41]","[1191, 1276, 1243, 1153, 1190, 993, 953, 1014, 1423, 893, 798, 857, 293]","[116, 95, 356, 373, 186, 470, 465, 642, 411, 657, 677, 648, 783]","[4, 4, 5, 4, -2, 4, 5, 5, 2, 5, 5, 5, 5]","[-3, -4, -2, -3, -5, -3, -2, -1, -5, -2, 2, -1, -1]",40.8,24.300002,41354.0,"[13507.0, 14211.0, 14227.0, 14051.0, 14803.0, 14355.0, 15059.0, 15235.0, 14995.0, 15587.0, 16227.0, 15715.0, 16740.0, 16179.0, 16548.0, 17380.0, 16820.0, 17380.0, 18900.0, 20501.0]",[]
14,4,False,942,420,-8,-4,[],[],[],[],"[780, 741, 803, 205]","[780, 741, 803, 205]","[87, 132, 131, 256]","[-27, 31, -17, -72]","[1271, 1356, 1343, 1233, 1150, 1114, 1463, 993, 898, 957, 393]","[56, 15, 316, 313, 86, 622, 311, 617, 711, 628, 763]","[4, 4, 5, 4, -2, 5, 2, 5, 5, 5, 5]","[-3, -4, -2, -3, -5, -1, -5, -2, 1, -1, -1]",40.8,24.300002,41194.0,"[22949.0, 26150.0, 30855.0, 34344.0, 38745.0, 42010.0, 44842.0, 47259.0, 48923.0, 49420.0, 48059.0, 47627.0, 45915.0, 44346.0, 42618.0, 40953.0, 39801.0, 37417.0, 35480.0, 33496.0]",[]
15,2,False,816,496,1,9,[],[],[],[],"[800, 781, 837, 317, 193]","[800, 781, 837, 317, 193]","[51, 119, 91, 340, 76]","[-43, 52, -12, -100, -34]","[1443, 1313, 1214, 1484, 1093, 998, 1057, 493, 732, 353, 321]","[276, 253, 602, 211, 577, 731, 608, 743, 728, 741, 809]","[5, 4, 5, 1, 5, 5, 5, 5, -5, 5, 5]","[-2, -3, -1, -5, -2, 1, -1, -1, 1, 0, -1]",40.8,24.300002,41258.0,"[20677.0, 20485.0, 19332.0, 18740.0, 18916.0, 18084.0, 18068.0, 17732.0, 17428.0, 17348.0, 17892.0, 17284.0, 17076.0, 17028.0, 17812.0, 17540.0, 17428.0, 17332.0, 18276.0, 17764.0]",[]
16,2,False,822,523,0,0,[],[],[],[],"[800, 804, 857, 456, 228]","[800, 804, 857, 456, 228]","[4, 63, 60, 390, 153]","[-54, 47, -21, -102, -74]","[1393, 1314, 1504, 1193, 1098, 1157, 593, 632, 453, 421]","[193, 582, 111, 537, 751, 580, 723, 736, 741, 789]","[4, 5, 1, 5, 5, 5, 5, -5, 5, 5]","[-3, -1, -5, -2, 1, -2, -1, 0, 0, -1]",40.8,24.300002,41658.0,"[45099.0, 48843.0, 51292.0, 53693.0, 53949.0, 54381.0, 53389.0, 52188.0, 50396.0, 49340.0, 47339.0, 45515.0, 43546.0, 42058.0, 40953.0, 38329.0, 36552.0, 34504.0, 32679.0, 31495.0]",[]
17,2,False,749,377,-3,9,[],[],[],[],"[782, 809, 861, 603, 297]","[782, 809, 861, 603, 297]","[-29, 45, 21, 406, 234]","[-39, 67, -19, -81, -80]","[1473, 1414, 1505, 1293, 1198, 1257, 693, 562, 553, 521, 825, 888, 920, 606, 337]","[133, 562, 11, 497, 771, 540, 703, 678, 741, 769, 670, 602, 675, 579, 703]","[4, 5, 0, 5, 5, 5, 5, -1, 5, 5, -1, 3, 1, 3, 3]","[-3, -1, -5, -2, 1, -2, -1, -5, 0, -1, 5, -4, 5, -4, -4]",40.8,24.300002,41178.0,"[17844.0, 17364.0, 16307.0, 16131.0, 16259.0, 15539.0, 15859.0, 15411.0, 15587.0, 15475.0, 15267.0, 15443.0, 15283.0, 15827.0, 15795.0, 15987.0, 16115.0, 16195.0, 16772.0, 17076.0]",[]
18,2,False,760,530,-3,-9,[],[],[],[],"[813, 861, 763, 403]","[813, 861, 763, 403]","[55, 26, 432, 341]","[94, 15, -50, -70]","[1514, 1393, 1298, 1357, 793, 564, 653, 621, 805, 948, 940, 666, 397]","[530, 457, 791, 500, 683, 578, 741, 749, 770, 522, 775, 499, 623]","[5, 5, 5, 5, 5, 1, 5, 5, -1, 3, 1, 3, 3]","[-2, -2, 1, -2, -1, -5, 0, -1, 5, -4, 5, -4, -4]",40.8,24.300002,41354.0,"[16948.0, 17412.0, 17332.0, 18020.0, 18020.0, 17892.0, 18436.0, 18692.0, 19332.0, 19236.0, 20757.0, 21909.0, 24293.0, 26710.0, 30311.0, 35368.0, 38553.0, 42954.0, 45275.0, 47947.0]",[]
19,1,False,702,351,-4,-8,[],[],[],[],"[817, 861, 923, 550]","[817, 861, 923, 550]","[41, 37, 431, 435]","[115, 38, -13, -38]","[1493, 1398, 1453, 893, 600, 753, 721, 1008, 457]","[402, 811, 449, 663, 478, 736, 729, 441, 543]","[5, 5, 4, 5, 2, 5, 5, 3, 3]","[-3, 1, -3, -1, -5, -1, -1, -5, -4]",40.8,24.4,41738.0,"[25094.0, 24614.0, 24213.0, 22997.0, 21989.0, 21557.0, 20549.0, 20677.0, 19844.0, 18948.0, 18676.0, 19156.0, 18084.0, 18324.0, 17732.0, 17748.0, 17444.0, 17364.0, 17300.0, 17460.0]",[]
20,1,False,549,265,-9,0,[],[],[],[],"[817, 861, 1083, 726, 207]","[817, 861, 1083, 726, 207]","[32, 33, 423, 471, 139]","[128, 81, 16, 0, -8]","[1498, 1530, 993, 640, 853, 821, 1064, 517, 781, 870, 900, 595, 288]","[821, 381, 643, 378, 716, 694, 341, 463, 624, 525, 532, 545, 752]","[5, 3, 5, 2, 5, 5, 2, 3, -4, -2, -4, 0, 3]","[0, -4, -1, -5, -1, -2, -5, -4, -4, -5, -4, -5, -4]",40.8,24.4,41402.0,"[17556.0, 18228.0, 17796.0, 18772.0, 18916.0, 18820.0, 19268.0, 18980.0, 18996.0, 19156.0, 19332.0, 20180.0, 19860.0, 20388.0, 20613.0, 20917.0, 20324.0, 21349.0, 21573.0, 21445.0]",[]
21,0,False,510,429,1,9,[],[],[],[],"[817, 861, 1230, 906, 279]","[817, 861, 1230, 906, 279]","[37, 29, 351, 473, 256]","[145, 123, 54, 28, -29]","[1093, 671, 953, 921, 1104, 701, 821, 820, 595, 348]","[623, 278, 696, 654, 241, 544, 425, 452, 445, 672]","[5, 1, 5, 5, 2, -4, -3, -4, 0, 3]","[-1, -5, -1, -2, -5, -4, -5, -4, -5, -4]",40.8,24.4,41258.0,"[38585.0, 37529.0, 35528.0, 34024.0, 32487.0, 31047.0, 29991.0, 28999.0, 28759.0, 28582.0, 28358.0, 27654.0, 27750.0, 27574.0, 28118.0, 27878.0, 26902.0, 27158.0, 26182.0, 25510.0]",[]
22,-2,False,624,511,0,0,[],[],[],[],"[817, 855, 1342, 1077, 383]","[817, 855, 1342, 1077, 383]","[26, -11, 256, 405, 306]","[120, 139, 93, 30, -44]","[1193, 691, 1053, 1021, 1142, 761, 740, 408, 859, 860, 1288, 1013, 422]","[591, 178, 676, 614, 141, 344, 388, 592, 753, 648, 621, 588, 773]","[5, 1, 5, 5, 1, -3, -4, 3, 0, -4, -5, -3, 5]","[-2, -5, -1, -2, -5, -4, -3, -4, -5, -4, -1, -4, 0]",40.8,24.4,41194.0,"[20565.0, 20372.0, 20517.0, 20661.0, 20917.0, 21717.0, 21925.0, 21253.0, 21557.0, 22085.0, 22261.0, 21829.0, 22197.0, 22741.0, 23045.0, 22709.0, 24261.0, 25110.0, 27174.0, 29255.0]",[]
23,-3,False,509,481,-8,-5,[],[],[],[],"[806, 835, 1403, 1204, 506]","[806, 835, 1403, 1204, 506]","[-24, -41, 93, 284, 350]","[78, 116, 95, 48, -72]","[1293, 696, 1153, 1121, 1162, 699, 660, 856, 780, 1188, 953, 522]","[551, 157, 650, 574, 41, 264, 328, 653, 578, 601, 508, 764]","[5, -1, 5, 5, 1, -4, -4, -1, -4, -5, -3, 5]","[-2, 4, -2, -2, -5, -4, -3, -5, -3, -1, -4, -1]",40.8,24.4,41418.0,"[31143.0, 29671.0, 29127.0, 28582.0, 28695.0, 28134.0, 28358.0, 28246.0, 28887.0, 28935.0, 28166.0, 27814.0, 27430.0, 27126.0, 26694.0, 26086.0, 25494.0, 24934.0, 24117.0, 23317.0]",[]
24,-3,False,383,360,0,0,[],[],[],[],"[776, 800, 1393, 1280, 646]","[776, 800, 1393, 1280, 646]","[-77, -88, -81, 148, 368]","[8, 70, 90, 66, -91]","[1393, 651, 1253, 1221, 619, 563, 836, 700, 1088, 876, 622]","[511, 246, 610, 534, 190, 276, 553, 518, 581, 428, 744]","[5, -3, 5, 5, -4, -5, -1, -4, -5, -4, 5]","[-2, 4, -2, -2, -3, -2, -5, -3, -1, -4, -1]",40.8,24.4,41226.0,"[23221.0, 22469.0, 22341.0, 21765.0, 22373.0, 21845.0, 22101.0, 22117.0, 21269.0, 21957.0, 21285.0, 21461.0, 22309.0, 21461.0, 21765.0, 22053.0, 22245.0, 22677.0, 22165.0, 23045.0]",[]
25,-3,False,445,483,8,4,[491],[528],[5],[2],"[736, 742, 1321, 1297, 786]","[736, 742, 1321, 1297, 786]","[-94, -128, -236, 15, 354]","[-8, 21, 68, 71, -109]","[1493, 591, 1353, 1321, 537, 463, 816, 620, 988, 796, 722, 793, 767, 1340, 1228, 595]","[471, 326, 567, 494, 130, 236, 453, 458, 561, 348, 724, 705, 705, 648, 653, 649]","[5, -3, 5, 5, -5, -5, -1, -4, -5, -4, 5, -1, -4, -5, -5, -5]","[-2, 4, -3, -2, -3, -2, -5, -3, -1, -4, -1, -5, -4, -2, 0, -2]",40.8,24.4,41194.0,"[22373.0, 23237.0, 22757.0, 23013.0, 23637.0, 23125.0, 23349.0, 23941.0, 23701.0, 23893.0, 24069.0, 24630.0, 26166.0, 28614.0, 31767.0, 35176.0, 38105.0, 41898.0, 44810.0, 48011.0]",[]
26,-4,False,581,532,9,-1,[591],[568],[5],[2],"[694, 675, 1191, 1270, 910]","[694, 675, 1191, 1270, 910]","[-107, -157, -358, -101, 322]","[-57, -16, 41, 47, -120]","[531, 1440, 1421, 437, 363, 796, 540, 888, 716, 822, 773, 687, 1240, 1128]","[406, 507, 436, 87, 208, 353, 398, 541, 269, 704, 605, 625, 608, 653]","[-3, 4, 5, -5, -5, -1, -4, -5, -4, 5, -1, -4, -5, -5]","[4, -3, -3, -2, -1, -5, -3, -1, -3, -1, -5, -4, -2, 0]",40.8,24.300002,41194.0,"[20148.0, 20228.0, 20372.0, 20517.0, 20613.0, 20805.0, 21029.0, 21685.0, 21557.0, 21909.0, 22405.0, 21989.0, 21845.0, 22037.0, 22229.0, 21941.0, 22853.0, 22533.0, 23061.0, 23621.0]",[]
27,-6,False,707,432,9,-3,[691],[611],[5],[3],"[634, 601, 1019, 1199, 1016]","[634, 601, 1019, 1199, 1016]","[-112, -135, -445, -195, 271]","[-40, -1, 38, 37, -106]","[482, 1520, 1510, 337, 263, 776, 460, 788, 636, 922, 1140, 1028, 728, 627, 1096, 1236, 976]","[497, 438, 376, 63, 197, 253, 338, 521, 209, 684, 568, 653, 713, 712, 677, 656, 591]","[-2, 4, 4, -5, -5, -1, -4, -5, -4, 5, -5, -5, 2, -4, -4, -4, -4]","[5, -4, -3, -1, 0, -5, -3, -1, -3, -1, -2, 0, -5, -4, -3, -3, -3]",40.8,24.300002,41386.0,"[42810.0, 41066.0, 40361.0, 38281.0, 35752.0, 34712.0, 33064.0, 32359.0, 31063.0, 30439.0, 30519.0, 30023.0, 29463.0, 29319.0, 29447.0, 28598.0, 28855.0, 27718.0, 27270.0, 26278.0]",[]
28,-7,False,869,436,5,8,[],[],[],[],"[580, 550, 1096, 1107]","[580, 550, 1096, 1107]","[-79, -82, -263, 225]","[-15, 18, 60, -62]","[467, 237, 163, 756, 380, 688, 556, 1022, 1040, 928, 768, 552, 1016, 1156]","[597, 62, 198, 153, 278, 501, 149, 661, 528, 653, 613, 632, 617, 596]","[0, -5, -5, -1, -4, -5, -4, 5, -5, -5, 2, -3, -4, -4]","[5, 0, 1, -5, -3, -1, -3, -2, -2, 0, -5, -4, -3, -3]",40.8,24.300002,41242.0,"[18884.0, 18868.0, 19140.0, 19780.0, 19604.0, 19716.0, 20565.0, 20228.0, 21157.0, 21205.0, 20949.0, 21301.0, 21189.0, 20965.0, 21061.0, 21413.0, 22309.0, 22197.0, 23477.0, 24261.0]",[]
29,-8,False,890,477,0,0,[],[],[],[],"[549, 521, 968, 1175]","[549, 521, 968, 1175]","[-16, -13, -312, 163]","[1, 46, 69, -17]","[518, 166, 118, 736, 300, 588, 476, 1122, 828, 808, 492, 936, 1076]","[680, 123, 269, 53, 212, 481, 89, 621, 653, 513, 552, 557, 536]","[4, 0, 2, -1, -4, -5, -4, 5, -5, 2, -3, -4, -4]","[3, 5, 5, -5, -4, -1, -3, -2, 0, -5, -4, -3, -3]",40.8,24.300002,41338.0,"[26438.0, 29479.0, 33160.0, 36921.0, 41546.0, 45083.0, 47675.0, 50620.0, 51292.0, 52460.0, 51500.0, 51164.0, 49884.0, 47659.0, 45931.0, 44938.0, 42490.0, 40809.0, 40121.0, 37849.0]",[]
30,-9,False,915,342,2,-9,[],[],[],[],"[546, 514, 828, 1216, 1320]","[546, 514, 828, 1216, 1320]","[43, 46, -328, 87, -106]","[10, 38, 89, 14, -1]","[616, 201, 198, 220, 488, 396, 1222, 728, 848, 432, 996, 608, 664, 942, 1197, 1293]","[705, 216, 330, 132, 461, 29, 581, 653, 413, 465, 476, 608, 750, 635, 515, 753]","[5, 3, 5, -4, -5, -4, 5, -5, 2, -3, -4, 1, 5, -3, -1, -5]","[0, 4, 2, -4, -1, -3, -2, 0, -5, -5, -3, -5, 0, -4, -5, -3]",40.8,24.300002,41178.0,"[23093.0, 22245.0, 21429.0, 21333.0, 20533.0, 20485.0, 19556.0, 19668.0, 19220.0, 19620.0, 19412.0, 18900.0, 19076.0, 19156.0, 19588.0, 19908.0, 19604.0, 19780.0, 20821.0, 20068.0]",[]
31,-9,False,1067,332,6,7,[1119],[385],[3],[4],"[566, 536, 688, 1225, 1249]","[566, 536, 688, 1225, 1249]","[104, 112, -341, 0, -196]","[32, 42, 104, 51, -7]","[716, 285, 298, 140, 388, 1322, 628, 888, 389, 916, 628, 764, 882, 1177, 1199]","[696, 278, 359, 52, 441, 541, 653, 313, 365, 416, 508, 737, 544, 415, 693]","[5, 5, 5, -4, -5, 5, -5, 2, -2, -4, 1, 5, -3, -1, -4]","[-1, 2, 1, -4, -1, -2, 0, -5, -5, -3, -5, -1, -5, -5, -3]",40.8,24.300002,41578.0,"[20180.0, 20885.0, 21189.0, 21333.0, 21461.0, 21557.0, 21317.0, 21621.0, 22405.0, 22165.0, 23125.0, 23317.0, 24918.0, 27830.0, 29799.0, 33384.0, 37209.0, 40537.0, 43706.0, 46779.0]",[]
32,-10,False,1163,356,2,-9,[1179],[465],[3],[4],"[607, 576, 548, 1193, 1140]","[607, 576, 548, 1193, 1140]","[151, 142, -325, -114, -304]","[59, 28, 87, 53, -28]","[816, 385, 398, 288, 1422, 528, 945, 363, 836, 648, 864, 822, 1119, 663, 652, 705, 1213, 1182]","[664, 318, 379, 421, 501, 653, 213, 265, 356, 408, 717, 444, 633, 673, 741, 753, 637, 764]","[5, 5, 5, -5, 5, -5, 3, -1, -4, 1, 5, -3, -4, 3, 5, 5, -5, -5]","[-2, 2, 1, -1, -2, 0, -5, -5, -3, -5, -1, -5, -3, -4, -1, -3, 0, -2]",40.9,24.300002,41546.0,"[20901.0, 21349.0, 21269.0, 21285.0, 22037.0, 21989.0, 22629.0, 22293.0, 22805.0, 22357.0, 23301.0, 22997.0, 22805.0, 23525.0, 23573.0, 23685.0, 24053.0, 24357.0, 24565.0, 26246.0]",[]
33,-10,False,1235,189,7,-6,[1239],[545],[3],[4],"[661, 616, 408, 1116, 990]","[661, 616, 408, 1116, 990]","[156, 136, -303, -219, -380]","[47, 12, 64, 58, -67]","[916, 485, 498, 188, 1522, 428, 1005, 361, 756, 688, 964, 782, 1039, 723, 752, 788, 1113, 1082]","[624, 344, 383, 394, 449, 653, 125, 165, 296, 308, 697, 344, 573, 593, 721, 693, 620, 723]","[5, 5, 5, -5, 5, -5, 3, 0, -4, 2, 5, -2, -4, 3, 5, 4, -5, -5]","[-2, 1, 0, -2, -3, 0, -4, -5, -3, -5, -1, -5, -3, -4, -1, -3, -1, -3]",40.9,24.300002,41210.0,"[40377.0, 37689.0, 36504.0, 34248.0, 32968.0, 31703.0, 30807.0, 30903.0, 30327.0, 29479.0, 29655.0, 29015.0, 28791.0, 28358.0, 27046.0, 27014.0, 25622.0, 24726.0, 23941.0, 23093.0]",[]
34,-10,False,1240,194,-5,8,[1299],[632],[3],[5],"[711, 656, 283, 994, 815]","[711, 656, 283, 994, 815]","[148, 135, -271, -326, -432]","[31, -13, 43, 49, -108]","[1010, 585, 598, 88, 328, 1065, 377, 676, 728, 1064, 742, 959, 783, 852, 868, 1013, 992]","[569, 361, 383, 354, 653, 45, 65, 225, 208, 677, 244, 513, 513, 696, 633, 600, 663]","[4, 5, 5, -5, -5, 3, 2, -4, 2, 5, -2, -4, 3, 5, 4, -5, -4]","[-3, 0, 0, -2, 0, -4, -5, -4, -5, -1, -5, -3, -4, -2, -3, -1, -3]",40.9,24.300002,41450.0,"[20148.0, 19716.0, 20741.0, 20805.0, 20485.0, 21173.0, 20741.0, 20805.0, 21349.0, 21893.0, 21381.0, 21653.0, 22565.0, 22997.0, 23989.0, 26246.0, 29063.0, 32872.0, 37209.0, 41258.0]",[]
35,-10,False,1114,339,-7,7,[1340],[732],[2],[5],"[751, 696, 180, 840, 626]","[751, 696, 180, 840, 626]","[121, 110, -195, -394, -454]","[20, -46, 9, 31, -131]","[1090, 685, 698, 228, 596, 782, 1164, 707, 879, 843, 952, 948, 913, 912, 814, 755, 417, 1087, 948]","[509, 361, 383, 636, 145, 108, 657, 144, 453, 433, 656, 573, 572, 603, 657, 648, 802, 572, 676]","[4, 5, 5, -5, -4, 3, 5, -1, -4, 3, 5, 4, -5, -4, 3, 3, 5, 3, 5]","[-3, 0, 0, -1, -4, -5, -1, -5, -3, -4, -2, -3, -2, -3, -4, -4, -1, -5, -2]",40.9,24.300002,41370.0,"[31335.0, 30535.0, 29783.0, 29831.0, 29351.0, 29191.0, 29671.0, 28502.0, 28855.0, 27766.0, 27078.0, 26854.0, 25270.0, 24485.0, 24005.0, 23397.0, 22213.0, 21205.0, 20517.0, 20501.0]",[]
36,-10,False,1120,276,0,-9,[1358],[832],[0],[5],"[786, 718, 111, 663, 431]","[786, 718, 111, 663, 431]","[88, 81, -103, -425, -452]","[16, -95, -33, 9, -136]","[1170, 785, 798, 128, 536, 842, 1264, 687, 799, 903, 1052, 1028, 813, 832, 874, 815, 517, 1147, 1048]","[449, 361, 383, 616, 65, 27, 636, 44, 378, 353, 616, 513, 532, 530, 577, 568, 782, 472, 636]","[4, 5, 5, -5, -3, 3, 5, -1, -4, 3, 5, 4, -5, -4, 3, 3, 5, 3, 5]","[-3, 0, 0, -1, -4, -4, -2, -5, -4, -4, -2, -3, -2, -4, -4, -4, -1, -5, -2]",40.9,24.300002,41226.0,"[20212.0, 21141.0, 20436.0, 20933.0, 20997.0, 21765.0, 21269.0, 22293.0, 21861.0, 23301.0, 24678.0, 26246.0, 29095.0, 32583.0, 36536.0, 40569.0, 45002.0, 47947.0, 49692.0, 51020.0]",[]
37,-10,False,1057,164,-9,-2,[],[],[],[],"[806, 738, 82, 487, 256]","[806, 738, 82, 487, 256]","[55, 72, 10, -393, -388]","[14, -84, -36, 16, -109]","[1250, 885, 898, 28, 1364, 719, 963, 1152, 1108, 713, 759, 934, 875, 617, 1207, 1148, 883, 808, 188, 629, 426]","[380, 361, 383, 596, 596, 298, 273, 576, 453, 492, 450, 497, 488, 755, 372, 596, 702, 618, 775, 629, 600]","[4, 5, 5, -5, 5, -4, 3, 5, 4, -5, -3, 3, 3, 5, 3, 5, 5, 3, 5, 3, 5]","[-4, 0, 0, -1, -2, -4, -4, -2, -3, -2, -4, -4, -4, -2, -5, -2, -3, -4, -3, -4, -2]",40.8,24.300002,41226.0,"[24630.0, 24357.0, 22293.0, 21813.0, 20661.0, 19172.0, 19460.0, 18164.0, 17828.0, 17428.0, 17156.0, 17284.0, 16788.0, 17316.0, 17476.0, 17604.0, 16996.0, 17668.0, 18260.0, 18356.0]",[]
38,-11,False,877,155,-9,2,[],[],[],[],"[826, 758, 108, 337, 116]","[826, 758, 108, 337, 116]","[55, 95, 157, -308, -266]","[55, -50, -51, 38, -77]","[1317, 985, 998, 1464, 639, 1252, 1188, 619, 699, 994, 935, 717, 1267, 1248, 966, 868, 288, 689, 526]","[300, 361, 383, 556, 218, 528, 393, 435, 370, 417, 408, 715, 272, 556, 642, 538, 715, 549, 560]","[3, 5, 5, 5, -4, 5, 4, -4, -3, 3, 3, 5, 3, 5, 4, 3, 5, 3, 5]","[-4, 0, 0, -2, -4, -3, -3, -3, -4, -4, -4, -2, -5, -2, -3, -4, -3, -4, -2]",40.8,24.300002,41178.0,"[39497.0, 41962.0, 44074.0, 45803.0, 46603.0, 46891.0, 47371.0, 45963.0, 45050.0, 44346.0, 42666.0, 41018.0, 39769.0, 38665.0, 37513.0, 35080.0, 33832.0, 32087.0, 31159.0, 30103.0]",[]
39,-11,False,844,324,0,9,[879],[332],[0],[5],"[846, 795, 188, 225, 28]","[846, 795, 188, 225, 28]","[53, 122, 287, -211, -119]","[92, 5, -25, 55, -22]","[1366, 1085, 1098, 575, 1337, 1268, 539, 639, 1054, 995, 817, 1312, 1348, 1046, 928, 388, 749, 626]","[205, 361, 383, 138, 468, 333, 375, 289, 337, 328, 675, 172, 516, 582, 458, 655, 469, 520]","[2, 5, 5, -3, 4, 4, -4, -3, 3, 3, 5, 2, 5, 4, 3, 5, 3, 5]","[-5, 0, 0, -4, -3, -3, -3, -5, -4, -4, -2, -5, -2, -3, -4, -3, -4, -2]",40.8,24.300002,41258.0,"[24069.0, 23685.0, 23621.0, 23093.0, 23013.0, 23477.0, 22885.0, 22885.0, 22693.0, 23125.0, 23733.0, 23845.0, 23221.0, 24021.0, 24341.0, 23909.0, 23957.0, 24197.0, 24565.0, 24870.0]",[]
40,-11,False,838,243,-2,-9,[879],[432],[0],[5],"[853, 835, 315, 155, 3]","[853, 835, 315, 155, 3]","[42, 127, 394, -96, 27]","[97, 53, -3, 74, 28]","[1388, 1185, 1198, 515, 1417, 1348, 459, 579, 1114, 1055, 917, 1352, 1448, 1126, 988, 488, 809, 726, 874, 874, 330, 342, 165]","[105, 361, 383, 58, 408, 272, 312, 189, 257, 248, 635, 72, 474, 522, 378, 595, 389, 480, 666, 513, 719, 623, 596]","[0, 5, 5, -3, 4, 4, -4, -3, 3, 3, 5, 2, 5, 4, 3, 5, 3, 5, -1, 2, 5, 4, 5]","[-5, 0, 0, -4, -3, -4, -4, -5, -4, -4, -2, -5, -3, -3, -4, -3, -4, -2, -5, -5, -1, -3, -1]",40.8,24.300002,41498.0,"[52156.0, 51468.0, 51180.0, 49724.0, 48171.0, 47179.0, 46683.0, 45211.0, 44458.0, 42794.0, 40953.0, 39609.0, 38505.0, 37161.0, 34792.0, 33608.0, 33032.0, 32263.0, 30871.0, 31063.0]",[]
41,-11,False,778,63,-4,-9,[879],[532],[0],[5],"[853, 875, 483, 133, 39]","[853, 875, 483, 133, 39]","[34, 129, 469, 31, 195]","[105, 84, 20, 83, 62]","[1382, 1285, 1298, 1494, 1428, 383, 536, 1174, 1115, 1017, 1206, 1048, 588, 869, 826, 854, 914, 430, 422, 265]","[5, 361, 366, 330, 192, 232, 89, 173, 168, 595, 462, 298, 535, 309, 440, 566, 413, 699, 563, 576]","[-1, 5, 5, 3, 4, -3, -2, 3, 3, 5, 4, 3, 5, 3, 5, -1, 2, 5, 4, 5]","[-5, 0, -1, -4, -4, -4, -5, -5, -4, -2, -3, -4, -3, -4, -2, -5, -5, -1, -3, -1]",40.8,24.300002,41482.0,"[21061.0, 21253.0, 20949.0, 21029.0, 21461.0, 21669.0, 21605.0, 21973.0, 21941.0, 22469.0, 22837.0, 22837.0, 22629.0, 23141.0, 23749.0, 23365.0, 23381.0, 23429.0, 24069.0, 23957.0]",[]
42,-11,False,766,36,0,0,[],[],[],[],"[853, 663, 160, 137, 132]","[853, 663, 160, 137, 132]","[24, 492, 139, 322, 54]","[101, 25, 61, 69, -15]","[1385, 1398, 1501, 323, 1226, 1175, 1117, 1286, 1108, 688, 929, 926, 834, 954, 530, 502, 365, 898, 649, 211, 160, 217]","[350, 335, 112, 151, 73, 88, 555, 385, 200, 475, 229, 400, 466, 313, 676, 503, 556, 768, 669, 690, 595, 757]","[5, 5, 3, -3, 2, 3, 5, 4, 3, 5, 3, 5, -1, 2, 5, 4, 5, 0, 3, 2, 3, 4]","[-1, -2, -4, -5, -5, -4, -2, -4, -5, -3, -4, -2, -5, -5, -2, -3, -1, -5, -5, -5, -4, -4]",40.8,24.300002,41562.0,"[24069.0, 24533.0, 25094.0, 25414.0, 25638.0, 25510.0, 26806.0, 29367.0, 31463.0, 35240.0, 38057.0, 41354.0, 44554.0, 46443.0, 48315.0, 49516.0, 50076.0, 50348.0, 49372.0, 48075.0]",[]
43,-11,False,766,36,0,0,[],[],[],[],"[848, 839, 222, 278, 162]","[848, 839, 222, 278, 162]","[-7, 440, 216, 414, 155]","[44, 8, 47, 65, -50]","[1482, 1485, 278, 1235, 1217, 1362, 1168, 788, 989, 1026, 814, 994, 630, 582, 465, 898, 702, 251, 220, 297]","[310, 277, 51, 8, 515, 305, 100, 415, 149, 360, 366, 213, 636, 443, 525, 668, 569, 590, 515, 677]","[4, 4, -2, 3, 5, 3, 3, 5, 3, 5, -1, 2, 5, 4, 5, 0, 2, 2, 3, 4]","[-3, -4, -5, -4, -2, -4, -5, -3, -4, -2, -5, -5, -2, -3, -2, -5, -5, -5, -4, -4]",40.8,24.300002,41402.0,"[24501.0, 25158.0, 25846.0, 25814.0, 25878.0, 26086.0, 26438.0, 27062.0, 27174.0, 27222.0, 27094.0, 28198.0, 28887.0, 30615.0, 33128.0, 35208.0, 38841.0, 41034.0, 44010.0, 45547.0]",[]
44,-11,False,766,36,0,0,[],[],[],[],"[818, 994, 315, 447, 232]","[818, 994, 315, 447, 232]","[-68, 375, 278, 473, 247]","[7, 0, 28, 40, -76]","[1534, 1317, 1422, 883, 1049, 1126, 794, 1016, 730, 662, 565, 898, 742, 291, 280, 377]","[186, 459, 225, 355, 51, 320, 266, 113, 596, 383, 485, 568, 469, 490, 435, 597]","[1, 5, 3, 4, 3, 5, -1, 1, 5, 4, 5, 0, 2, 2, 3, 4]","[-5, -3, -4, -3, -5, -2, -5, -5, -2, -3, -2, -5, -5, -5, -4, -4]",40.8,24.300002,41498.0,"[30295.0, 31031.0, 30167.0, 30951.0, 31111.0, 31143.0, 30727.0, 29671.0, 29623.0, 29303.0, 29079.0, 28887.0, 28262.0, 27398.0, 27014.0, 26854.0, 26278.0, 25926.0, 25878.0, 25798.0]",[]
45,-11,False,766,36,0,0,[],[],[],[],"[775, 1117, 429, 636, 339]","[775, 1117, 429, 636, 339]","[-104, 286, 340, 501, 320]","[-43, -26, 12, 22, -116]","[1407, 1482, 963, 1226, 774, 1036, 830, 742, 665, 898, 782, 331, 340, 457, 815, 976, 439, 493, 339]","[399, 141, 295, 280, 166, 13, 556, 319, 445, 468, 369, 390, 355, 517, 705, 615, 677, 566, 627]","[4, 3, 4, 5, -1, 1, 5, 4, 5, 0, 2, 2, 3, 4, -2, -3, 4, 0, 3]","[-3, -5, -3, -2, -5, -5, -2, -4, -2, -5, -5, -5, -4, -4, -5, -5, -4, -5, -4]",40.8,24.300002,41386.0,"[27190.0, 27926.0, 27414.0, 27750.0, 28118.0, 28374.0, 28214.0, 28887.0, 29863.0, 31063.0, 34120.0, 37385.0, 41098.0, 43882.0, 46987.0, 49756.0, 51804.0, 53052.0, 53613.0, 53549.0]",[]
46,-12,False,766,36,0,0,[],[],[],[],"[715, 1201, 566, 825, 462]","[715, 1201, 566, 825, 462]","[-129, 174, 361, 489, 356]","[-99, -40, -22, 6, -116]","[1487, 1531, 1043, 1326, 930, 822, 765, 898, 822, 371, 400, 537, 775, 916, 519, 493, 399]","[339, 41, 235, 240, 508, 239, 405, 368, 269, 290, 275, 437, 605, 515, 597, 466, 547]","[4, 2, 4, 5, 5, 4, 5, 0, 2, 2, 3, 4, -2, -3, 4, 0, 3]","[-3, -5, -3, -2, -3, -4, -2, -5, -5, -5, -4, -4, -5, -5, -4, -5, -4]",40.8,24.300002,41178.0,"[31015.0, 30743.0, 30487.0, 29799.0, 29767.0, 28967.0, 28695.0, 27414.0, 27382.0, 26166.0, 26294.0, 25142.0, 25206.0, 24646.0, 24389.0, 24229.0, 24117.0, 24549.0, 24213.0, 24357.0]",[]
47,-12,False,766,36,0,0,[],[],[],[],"[655, 1244, 706, 1005, 602]","[655, 1244, 706, 1005, 602]","[-123, 92, 368, 457, 386]","[-108, -22, -25, 7, -105]","[1123, 1426, 1024, 902, 865, 898, 862, 411, 460, 617, 735, 857, 599, 493, 459, 731, 1261, 690, 959, 603]","[175, 184, 448, 159, 365, 268, 169, 190, 195, 357, 505, 415, 517, 366, 467, 683, 622, 676, 608, 570]","[4, 5, 4, 4, 5, 0, 2, 2, 3, 4, -2, -2, 4, 0, 3, 0, -1, 1, 0, 2]","[-3, -3, -3, -4, -2, -5, -5, -5, -4, -4, -5, -5, -4, -5, -4, -5, -5, -5, -5, -5]",40.8,24.300002,41354.0,"[29015.0, 29111.0, 28999.0, 29255.0, 30423.0, 32407.0, 34872.0, 37929.0, 41802.0, 44954.0, 49083.0, 51980.0, 54381.0, 56909.0, 57117.0, 57854.0, 57341.0, 56349.0, 54669.0, 54157.0]",[]
48,-12,False,766,36,0,0,[],[],[],[],"[601, 1256, 846, 1166, 754]","[601, 1256, 846, 1166, 754]","[-96, 29, 379, 405, 406]","[-107, 32, 6, 12, -78]","[1203, 1521, 1104, 982, 965, 898, 902, 451, 529, 687, 701, 817, 665, 493, 519, 731, 1241, 710, 959, 643]","[115, 124, 388, 79, 325, 168, 69, 90, 115, 277, 405, 315, 437, 266, 387, 583, 522, 576, 508, 470]","[4, 4, 4, 4, 5, 0, 2, 2, 4, 3, -1, -2, 3, 0, 3, 0, -1, 1, 0, 2]","[-3, -3, -3, -4, -2, -5, -5, -5, -4, -4, -5, -5, -4, -5, -4, -5, -5, -5, -5, -5]",40.9,24.4,41258.0,"[25078.0, 24069.0, 23461.0, 23461.0, 22229.0, 22245.0, 21877.0, 21173.0, 21605.0, 21685.0, 21125.0, 21637.0, 20901.0, 21269.0, 20709.0, 21333.0, 20997.0, 21781.0, 21445.0, 21941.0]",[]
49,-12,False,766,36,0,0,[],[],[],[],"[561, 1243, 986, 1299, 914]","[561, 1243, 986, 1299, 914]","[-53, -57, 368, 302, 427]","[-54, 88, 33, 31, -30]","[1283, 1184, 1065, 898, 609, 747, 681, 777, 725, 493, 579, 731, 1221, 730, 959, 683]","[55, 328, 275, 68, 35, 197, 305, 215, 357, 166, 307, 483, 422, 476, 408, 370]","[4, 4, 5, 0, 4, 3, -1, -2, 3, 0, 3, 0, -1, 1, 0, 2]","[-3, -3, -3, -5, -4, -4, -5, -5, -4, -5, -4, -5, -5, -5, -5, -5]",40.9,24.4,41306.0,"[46843.0, 48939.0, 51388.0, 51916.0, 52140.0, 50860.0, 49932.0, 48859.0, 47003.0, 44842.0, 43626.0, 41674.0, 39945.0, 38361.0, 35944.0, 34664.0, 33112.0, 31303.0, 30391.0, 29479.0]",[]
