,HP,Power up,Player x,Player y,Player speed_x,Player speed_y,Player bullet x,Player bullet y,Player bullet speed_x,Player bullet speed_y,Enemy x,Enemy y,Enemy speed_x,Enemy speed_y,Enemy bullet x,Enemy bullet y,Enemy bullet speed_x,Enemy bullet speed_y,Humidity,Temperature,Skin conductance,Relative blood volume,Accelerations
0,10,False,815,82,4,-9,[],[],[],[],"[1016, 588, 598, 775]","[1016, 588, 598, 775]","[-255, -198, 452, 59]","[52, 52, 122, 18]",[],[],[],[],41.7,24.1,41274.0,"[28695.0, 28262.0, 28038.0, 27062.0, 27046.0, 27334.0, 28390.0, 28054.0, 28711.0, 28775.0, 28791.0, 29063.0, 28566.0, 28070.0, 27814.0, 27494.0, 27046.0, 26598.0, 26950.0, 27062.0]",[]
1,10,False,815,82,0,0,[],[],[],[],"[896, 511, 778, 795]","[896, 511, 778, 795]","[-289, -138, 483, 67]","[76, 65, 121, 39]",[],[],[],[],41.7,24.1,41114.0,"[26646.0, 26630.0, 26438.0, 26134.0, 26486.0, 26822.0, 26054.0, 26134.0, 27030.0, 26630.0, 27238.0, 26902.0, 27206.0, 27830.0, 27878.0, 28182.0, 27926.0, 28374.0, 28454.0, 29255.0]",[]
2,10,False,815,82,0,0,[],[],[],[],"[771, 451, 958, 812, 589]","[771, 451, 958, 812, 589]","[-307, -109, 459, 40, 9]","[62, 42, 106, 36, -11]","[872, 535, 929, 854, 640]","[624, 720, 771, 708, 650]","[0, 1, 1, 0, 0]","[-5, -5, -5, -5, -5]",41.7,24.1,41386.0,"[41034.0, 39001.0, 37641.0, 35384.0, 33608.0, 32711.0, 31127.0, 29655.0, 28679.0, 28486.0, 27622.0, 27494.0, 27494.0, 27974.0, 28006.0, 28134.0, 28502.0, 28502.0, 28855.0, 28614.0]",[]
3,10,False,799,190,-1,9,[838],[229],[0],[5],"[631, 406, 1116, 809, 589]","[631, 406, 1116, 809, 589]","[-310, -57, 385, -7, 2]","[69, 10, 71, 14, -29]","[872, 555, 949, 854, 640]","[524, 620, 671, 608, 550]","[0, 1, 1, 0, 0]","[-5, -5, -5, -5, -5]",41.7,24.1,41194.0,"[28967.0, 28775.0, 28230.0, 27670.0, 27414.0, 27078.0, 27414.0, 26918.0, 26662.0, 26422.0, 26534.0, 27110.0, 26934.0, 26646.0, 26502.0, 27238.0, 26790.0, 27606.0, 27222.0, 27702.0]",[]
4,10,False,789,271,0,0,[819],[329],[-1],[5],"[504, 385, 1237, 782, 589]","[504, 385, 1237, 782, 589]","[-285, -3, 265, -54, 9]","[50, -27, 28, -10, -47]","[872, 575, 969, 854, 640]","[424, 520, 571, 508, 450]","[0, 1, 1, 0, 0]","[-5, -5, -5, -5, -5]",41.7,24.1,41194.0,"[40521.0, 38745.0, 37225.0, 35000.0, 33208.0, 31703.0, 30775.0, 29879.0, 29447.0, 28951.0, 28695.0, 28182.0, 28230.0, 28614.0, 28438.0, 28743.0, 28855.0, 29447.0, 29799.0, 28727.0]",[]
5,10,False,819,91,1,-9,[799],[429],[-1],[5],"[384, 381, 1310, 742, 589]","[384, 381, 1310, 742, 589]","[-259, 30, 148, -73, 7]","[28, -23, -22, -9, -64]","[872, 595, 989, 854, 640, 599, 482, 1200, 820, 690]","[324, 420, 471, 408, 350, 643, 664, 761, 640, 563]","[0, 1, 1, 0, 0, 3, 3, -4, 0, 3]","[-5, -5, -5, -5, -5, -4, -4, -3, -5, -4]",41.7,24.1,41162.0,"[29559.0, 28823.0, 28470.0, 28390.0, 28358.0, 27238.0, 27446.0, 27526.0, 27206.0, 27286.0, 27030.0, 26998.0, 27718.0, 27270.0, 27110.0, 27158.0, 27798.0, 27990.0, 27942.0, 28070.0]",[]
6,10,False,819,82,0,0,[779],[529],[-1],[5],"[287, 397, 1331, 696, 589]","[287, 397, 1331, 696, 589]","[-174, 74, 17, -103, 35]","[1, -52, -44, -25, -62]","[872, 615, 1009, 854, 640, 659, 542, 1120, 820, 750]","[224, 320, 371, 308, 250, 563, 584, 701, 540, 483]","[0, 1, 1, 0, 0, 3, 3, -4, 0, 3]","[-5, -5, -5, -5, -5, -4, -4, -3, -5, -4]",41.7,24.1,41386.0,"[48203.0, 47067.0, 45387.0, 43882.0, 42842.0, 40601.0, 38953.0, 37529.0, 35896.0, 34312.0, 32663.0, 31431.0, 29879.0, 29223.0, 28230.0, 28454.0, 28406.0, 28486.0, 28518.0, 29463.0]",[]
7,9,False,819,82,0,0,[759],[629],[-1],[5],"[226, 419, 1302, 636, 595]","[226, 419, 1302, 636, 595]","[-77, 107, -106, -104, 60]","[-10, -45, -74, 0, -39]","[635, 1029, 854, 640, 719, 602, 1040, 820, 810, 326, 486, 1330, 714, 658]","[220, 271, 208, 150, 483, 504, 636, 440, 403, 688, 646, 744, 641, 575]","[1, 1, 0, 0, 3, 3, -4, 0, 3, 4, 3, -4, 1, 2]","[-5, -5, -5, -5, -4, -4, -4, -5, -4, -3, -4, -4, -5, -5]",41.7,24.1,41706.0,"[27846.0, 27654.0, 27158.0, 27350.0, 28038.0, 28374.0, 28743.0, 28134.0, 28743.0, 28326.0, 28983.0, 29383.0, 29239.0, 29863.0, 31047.0, 32776.0, 35272.0, 38025.0, 41354.0, 44570.0]",[]
8,8,False,768,167,0,0,[729],[729],[-2],[5],"[210, 468, 1233, 593, 618]","[210, 468, 1233, 593, 618]","[39, 169, -185, -62, 101]","[-1, -6, -49, 1, -13]","[655, 1045, 640, 779, 662, 960, 820, 870, 406, 546, 1250, 734, 698]","[120, 171, 50, 390, 424, 556, 340, 323, 628, 566, 664, 541, 475]","[1, 0, 0, 3, 3, -4, 0, 3, 4, 3, -4, 1, 2]","[-5, -5, -5, -5, -4, -4, -5, -4, -3, -4, -4, -5, -5]",41.7,24.1,41354.0,"[47131.0, 48491.0, 49452.0, 50028.0, 49468.0, 48587.0, 46219.0, 45099.0, 42618.0, 40953.0, 39129.0, 37993.0, 36184.0, 33832.0, 33064.0, 31175.0, 29959.0, 29735.0, 28711.0, 28502.0]",[]
9,8,False,825,99,0,0,[689],[829],[-2],[5],"[237, 539, 1131, 562, 658]","[237, 539, 1131, 562, 658]","[138, 229, -257, -25, 139]","[8, 34, -6, 41, 31]","[675, 1045, 839, 722, 880, 820, 930, 486, 606, 1170, 754, 738]","[20, 71, 290, 344, 476, 240, 243, 568, 486, 584, 441, 375]","[1, 0, 3, 3, -4, 0, 3, 4, 3, -4, 1, 2]","[-5, -5, -5, -4, -4, -5, -4, -3, -4, -4, -5, -5]",41.7,24.1,41354.0,"[25542.0, 25446.0, 25846.0, 26230.0, 26470.0, 25894.0, 26118.0, 26310.0, 26534.0, 26582.0, 27222.0, 27318.0, 27846.0, 27302.0, 27702.0, 27862.0, 29367.0, 30295.0, 32423.0, 35624.0]",[]
10,7,False,872,117,0,0,[],[],[],[],"[307, 631, 1004, 556, 709]","[307, 631, 1004, 556, 709]","[253, 274, -307, 33, 164]","[33, 71, 6, 77, 59]","[899, 782, 800, 820, 566, 666, 1090, 774, 778, 376, 663, 1081, 687, 762]","[190, 264, 396, 140, 508, 406, 504, 341, 275, 651, 584, 613, 593, 538]","[3, 3, -4, 0, 4, 3, -4, 1, 2, 5, 4, -4, 4, 3]","[-5, -4, -4, -5, -3, -4, -4, -5, -5, -2, -3, -4, -4, -4]",41.7,24.1,41370.0,"[38745.0, 42474.0, 46603.0, 48651.0, 51084.0, 52028.0, 51916.0, 51212.0, 49772.0, 48219.0, 46123.0, 44810.0, 43082.0, 40665.0, 38553.0, 37001.0, 35928.0, 34120.0, 32407.0, 30727.0]",[]
11,5,False,903,129,9,0,[939],[241],[1],[5],"[417, 733, 864, 572, 769]","[417, 733, 864, 572, 769]","[340, 303, -347, 106, 175]","[50, 91, 23, 110, 84]","[720, 820, 646, 726, 1010, 794, 818, 476, 743, 1003, 767, 822]","[316, 40, 448, 326, 424, 241, 175, 611, 524, 533, 513, 458]","[-4, 0, 4, 3, -4, 1, 2, 5, 4, -3, 4, 3]","[-4, -5, -3, -4, -4, -5, -5, -2, -3, -4, -4, -4]",41.8,24.1,41258.0,"[24806.0, 25398.0, 25238.0, 25046.0, 25734.0, 25798.0, 25926.0, 26150.0, 25846.0, 26758.0, 26854.0, 26950.0, 27430.0, 29191.0, 31415.0, 34152.0, 37257.0, 41322.0, 44970.0, 48539.0]",[]
12,5,False,1083,136,9,3,[949],[341],[0],[5],"[563, 853, 713, 612, 829]","[563, 853, 713, 612, 829]","[418, 303, -354, 131, 177]","[24, 87, 29, 96, 109]","[640, 726, 786, 930, 814, 859, 576, 823, 943, 847, 882, 570, 862, 813, 663, 870]","[236, 388, 246, 344, 141, 75, 571, 450, 453, 433, 378, 661, 639, 639, 686, 617]","[-4, 4, 3, -4, 1, 3, 5, 4, -3, 4, 3, 4, 2, -1, 2, 2]","[-4, -3, -4, -4, -5, -5, -2, -4, -4, -4, -4, -4, -5, -5, -5, -5]",41.8,24.1,41146.0,"[26534.0, 25942.0, 25654.0, 26022.0, 26454.0, 26694.0, 26134.0, 26470.0, 25622.0, 25526.0, 25414.0, 24501.0, 24565.0, 23653.0, 23909.0, 23045.0, 23429.0, 22965.0, 23077.0, 23109.0]",[]
13,5,False,1220,258,5,8,[949],[441],[0],[5],"[723, 949, 553, 652, 883]","[723, 949, 553, 652, 883]","[415, 236, -367, 139, 134]","[16, 63, 12, 81, 85]","[579, 806, 846, 860, 842, 676, 903, 883, 927, 942, 650, 902, 793, 703, 910]","[156, 328, 166, 264, 41, 531, 371, 373, 353, 298, 581, 539, 539, 586, 517]","[-3, 4, 3, -3, 2, 5, 4, -3, 4, 3, 4, 2, -1, 2, 2]","[-4, -3, -4, -4, -5, -2, -3, -4, -4, -4, -4, -5, -5, -5, -5]",41.8,24.1,41130.0,"[22501.0, 22981.0, 22741.0, 23397.0, 23253.0, 23429.0, 23125.0, 23749.0, 23877.0, 24630.0, 24421.0, 24902.0, 24565.0, 25014.0, 25510.0, 25126.0, 25830.0, 26246.0, 27670.0, 29047.0]",[]
14,5,False,1280,432,2,9,[949],[541],[0],[5],"[878, 1019, 402, 704, 914]","[878, 1019, 402, 704, 914]","[392, 153, -329, 142, 70]","[-23, 45, 0, 61, 62]","[519, 886, 906, 800, 776, 983, 823, 1007, 1002, 730, 942, 784, 752, 950]","[76, 268, 86, 184, 491, 311, 293, 273, 218, 501, 439, 439, 486, 417]","[-3, 4, 3, -3, 5, 4, -3, 4, 3, 4, 2, 0, 3, 2]","[-4, -3, -4, -4, -2, -3, -4, -4, -4, -4, -5, -5, -5, -5]",41.8,24.1,41178.0,"[34184.0, 31975.0, 30919.0, 29335.0, 27478.0, 27062.0, 27238.0, 26918.0, 26742.0, 26726.0, 26150.0, 26070.0, 26006.0, 26070.0, 25782.0, 25270.0, 24517.0, 23733.0, 23845.0, 23141.0]",[]
15,5,False,1204,537,0,0,[],[],[],[],"[1049, 272, 744, 923]","[1049, 272, 744, 923]","[47, -290, 123, 12]","[6, -9, 35, 36]","[966, 967, 740, 876, 1063, 763, 1087, 1062, 810, 982, 784, 812, 990, 1022, 1065, 530, 852, 1064]","[208, 6, 104, 451, 251, 213, 193, 138, 427, 339, 339, 386, 317, 687, 636, 638, 750, 730]","[4, 4, -3, 5, 4, -3, 4, 3, 4, 2, 0, 3, 2, 5, 0, 5, 5, 5]","[-3, -4, -4, -2, -3, -4, -4, -4, -3, -5, -5, -5, -5, 0, -5, -2, -2, -1]",41.8,24.1,41434.0,"[24341.0, 24565.0, 24517.0, 25030.0, 25286.0, 26454.0, 27302.0, 28727.0, 31495.0, 35096.0, 38745.0, 42986.0, 47451.0, 50956.0, 53549.0, 54557.0, 55597.0, 54621.0, 53661.0, 51820.0]",[]
16,5,False,1219,495,6,-7,[1205],[657],[-2],[5],"[1038, 160, 780, 898]","[1038, 160, 780, 898]","[-47, -219, 91, -68]","[-19, -23, -17, 21]","[1051, 680, 976, 1143, 703, 1167, 1140, 890, 1022, 784, 872, 1030, 1122, 1065, 630, 952, 1164]","[148, 24, 411, 191, 133, 132, 58, 367, 239, 239, 306, 217, 687, 536, 598, 710, 710]","[5, -3, 5, 4, -3, 4, 4, 4, 2, 0, 3, 2, 5, 0, 5, 5, 5]","[-3, -4, -2, -3, -4, -3, -4, -3, -5, -5, -4, -5, 0, -5, -2, -2, -1]",41.8,24.1,41626.0,"[49852.0, 47979.0, 46683.0, 44602.0, 43418.0, 41162.0, 39001.0, 37449.0, 35000.0, 33192.0, 31655.0, 29447.0, 28390.0, 27382.0, 26630.0, 26854.0, 26214.0, 26374.0, 26854.0, 26406.0]",[]
17,5,False,1317,429,9,-1,[1152],[745],[-3],[4],"[999, 81, 800, 847, 586]","[999, 81, 800, 847, 586]","[-98, -113, 72, -108, 22]","[-12, -1, -36, 30, 8]","[1151, 1076, 1227, 643, 1247, 970, 1062, 788, 932, 1087, 1222, 1065, 730, 1052, 1264, 1107, 200, 877, 966, 668]","[88, 371, 131, 53, 72, 307, 139, 139, 226, 117, 687, 436, 558, 670, 690, 686, 631, 742, 731, 697]","[5, 5, 5, -3, 4, 4, 2, 1, 3, 3, 5, 0, 5, 5, 5, 5, 5, 4, 5, 4]","[-3, -2, -3, -4, -3, -3, -5, -5, -4, -5, 0, -5, -2, -2, -1, -2, -1, -4, 0, -3]",41.8,24.1,41178.0,"[26038.0, 25494.0, 25622.0, 25334.0, 24085.0, 23941.0, 22933.0, 22069.0, 22085.0, 21141.0, 21285.0, 20821.0, 20372.0, 20661.0, 20052.0, 20116.0, 20308.0, 20821.0, 20164.0, 20372.0]",[]
18,5,False,1398,428,0,0,[1081],[819],[-4],[3],"[941, 57, 820, 787, 589]","[941, 57, 820, 787, 589]","[-144, 37, 70, -113, 54]","[9, 39, -34, 47, 27]","[1251, 1176, 1327, 1327, 1050, 1102, 810, 992, 1147, 1322, 1065, 830, 1152, 1364, 1207, 300, 957, 1066, 748]","[31, 331, 73, 12, 247, 39, 39, 146, 27, 687, 336, 518, 630, 670, 646, 611, 662, 731, 637]","[5, 5, 5, 4, 4, 2, 2, 3, 3, 5, 0, 5, 5, 5, 5, 5, 4, 5, 4]","[-2, -2, -2, -3, -3, -5, -5, -4, -4, 0, -5, -2, -2, -1, -2, -1, -4, 0, -3]",41.8,24.1,41418.0,"[55469.0, 53789.0, 52812.0, 50652.0, 48555.0, 46411.0, 44794.0, 42986.0, 41498.0, 39129.0, 37065.0, 34888.0, 33176.0, 31271.0, 28759.0, 27846.0, 26534.0, 26390.0, 25414.0, 25670.0]",[]
19,5,False,1236,453,-9,0,[],[],[],[],"[864, 98, 840, 727, 609]","[864, 98, 840, 727, 609]","[-173, 211, 58, -102, 92]","[43, 91, -20, 73, 38]","[1276, 1427, 1130, 1067, 1422, 1065, 930, 1252, 1464, 1307, 400, 1037, 1166, 838]","[291, 33, 187, 66, 687, 236, 478, 590, 650, 606, 591, 582, 722, 577]","[5, 5, 4, 4, 5, 0, 5, 5, 5, 5, 5, 4, 5, 5]","[-2, -2, -3, -4, 0, -5, -2, -2, -1, -2, -1, -4, -1, -3]",41.8,24.1,41450.0,"[19028.0, 18484.0, 19300.0, 19172.0, 19556.0, 20180.0, 20020.0, 20997.0, 21493.0, 21589.0, 22373.0, 22085.0, 22565.0, 22933.0, 23365.0, 23493.0, 24133.0, 23957.0, 24742.0, 24341.0]",[]
20,4,False,1101,392,0,-9,[],[],[],[],"[784, 203, 860, 684, 648]","[784, 203, 860, 684, 648]","[-169, 342, 66, -79, 137]","[58, 112, -7, 99, 59]","[1376, 1210, 1522, 1065, 1030, 1352, 1407, 500, 1266, 938, 963, 248, 983, 853, 755]","[251, 127, 673, 136, 438, 550, 566, 571, 702, 517, 609, 658, 708, 695, 709]","[5, 4, 5, 0, 5, 5, 5, 5, 5, 5, 3, 5, 5, 4, 5]","[-2, -3, -1, -5, -2, -2, -2, -1, -1, -3, -4, 0, -1, -3, -1]",41.8,24.1,41178.0,"[24854.0, 25270.0, 25430.0, 25862.0, 26982.0, 28326.0, 31159.0, 34904.0, 39241.0, 43994.0, 48427.0, 52172.0, 55069.0, 57069.0, 58046.0, 57902.0, 56909.0, 55085.0, 53325.0, 51404.0]",[]
21,3,False,1048,226,-8,-5,[],[],[],[],"[704, 361, 872, 647, 705]","[704, 361, 872, 647, 705]","[-163, 475, 42, -48, 180]","[74, 155, 24, 120, 70]","[1476, 1290, 1072, 1452, 1507, 600, 1366, 1038, 1023, 348, 1083, 933, 855]","[211, 67, 36, 510, 520, 551, 682, 457, 529, 658, 688, 619, 689]","[5, 4, 1, 5, 5, 5, 5, 5, 3, 5, 5, 4, 5]","[-2, -3, -5, -2, -3, -1, -1, -3, -4, 0, -1, -4, -1]",41.8,24.1,41562.0,"[24966.0, 23749.0, 23685.0, 23429.0, 22021.0, 21685.0, 21189.0, 20485.0, 19924.0, 19524.0, 18964.0, 18900.0, 19108.0, 18596.0, 18692.0, 19012.0, 19012.0, 18548.0, 19188.0, 19044.0]",[]
22,3,False,909,290,-4,9,[959],[329],[-2],[5],"[641, 555, 872, 627, 772]","[641, 555, 872, 627, 772]","[-122, 539, 5, -13, 197]","[73, 124, 30, 117, 60]","[1370, 700, 1466, 1121, 1083, 448, 1183, 1013, 955, 736, 548, 921, 707, 835]","[7, 531, 657, 397, 449, 658, 668, 539, 669, 682, 727, 661, 774, 751]","[4, 5, 5, 4, 3, 5, 5, 4, 5, 2, 4, 0, 3, 5]","[-3, -1, -2, -3, -4, 0, -1, -4, -1, -5, -4, -5, -5, -2]",41.8,24.1,41226.0,"[26118.0, 26470.0, 26902.0, 27238.0, 27462.0, 29495.0, 31511.0, 34328.0, 38201.0, 43018.0, 47643.0, 51404.0, 53885.0, 55773.0, 57021.0, 56797.0, 56477.0, 54829.0, 52940.0, 50524.0]",[]
23,3,False,866,310,0,-9,[919],[429],[-2],[5],"[581, 755, 849, 607, 832]","[581, 755, 849, 607, 832]","[-114, 527, -60, -29, 153]","[67, 99, 8, 74, 37]","[800, 1201, 1143, 548, 1283, 1093, 1055, 776, 628, 921, 767, 935]","[511, 337, 369, 658, 636, 459, 649, 582, 647, 561, 674, 702]","[5, 4, 3, 5, 5, 4, 5, 2, 4, 0, 3, 5]","[-1, -3, -4, 0, -2, -4, -1, -5, -4, -5, -5, -3]",41.8,24.1,41242.0,"[48923.0, 46715.0, 45579.0, 43850.0, 41546.0, 39817.0, 37449.0, 35256.0, 33176.0, 31015.0, 29879.0, 28823.0, 27446.0, 27046.0, 26182.0, 26390.0, 26006.0, 25990.0, 25830.0, 24998.0]",[]
24,3,False,846,130,-2,-9,[879],[529],[-2],[5],"[521, 949, 808, 587, 873]","[521, 949, 808, 587, 873]","[-112, 490, -101, -37, 108]","[35, 45, -26, 34, 7]","[900, 1281, 1203, 648, 1383, 1173, 1155, 816, 708, 921, 827, 1033]","[491, 277, 289, 658, 596, 379, 613, 482, 567, 461, 574, 642]","[5, 4, 3, 5, 5, 4, 5, 2, 4, 0, 3, 4]","[-1, -3, -4, 0, -2, -4, -2, -5, -4, -5, -5, -3]",41.8,24.1,41258.0,"[25286.0, 24710.0, 24341.0, 23813.0, 23093.0, 22437.0, 22437.0, 21733.0, 20757.0, 20693.0, 20485.0, 19812.0, 20356.0, 19844.0, 19716.0, 20404.0, 19732.0, 20420.0, 20805.0, 20356.0]",[]
25,3,False,702,57,-8,5,[],[],[],[],"[467, 1118, 560, 891]","[467, 1118, 560, 891]","[-92, 414, -51, 36]","[1, 4, -5, -15]","[1000, 1361, 1263, 748, 1483, 1253, 1255, 856, 788, 921, 884, 1113, 602, 976, 827, 675, 871]","[471, 217, 190, 646, 548, 299, 573, 382, 487, 361, 474, 582, 670, 725, 591, 715, 675]","[5, 4, 3, 5, 5, 4, 5, 2, 4, 0, 2, 4, 2, -1, -1, 2, -2]","[-1, -3, -5, -1, -3, -4, -2, -5, -4, -5, -5, -3, -5, -5, -5, -5, -5]",42.0,24.1,41306.0,"[37097.0, 40905.0, 44506.0, 48395.0, 51340.0, 53741.0, 55373.0, 55373.0, 55277.0, 53629.0, 51980.0, 50748.0, 48267.0, 46875.0, 44266.0, 42522.0, 40953.0, 39449.0, 37177.0, 35656.0]",[]
26,3,False,601,209,-4,9,[],[],[],[],"[436, 1251, 535, 881]","[436, 1251, 535, 881]","[-26, 300, -20, -33]","[-28, -59, -62, -53]","[1100, 1441, 1306, 848, 1319, 1355, 896, 868, 921, 924, 1193, 642, 956, 807, 715, 831]","[450, 146, 90, 626, 219, 530, 282, 407, 261, 374, 522, 570, 625, 491, 615, 575]","[5, 4, 2, 5, 3, 5, 2, 4, 0, 2, 4, 2, -1, -1, 2, -2]","[-2, -4, -5, -1, -4, -3, -5, -4, -5, -5, -3, -5, -5, -5, -5, -5]",42.0,24.1,41034.0,"[21205.0, 20933.0, 20965.0, 20565.0, 20308.0, 20036.0, 20757.0, 20533.0, 20917.0, 20645.0, 21157.0, 21765.0, 21557.0, 22325.0, 22869.0, 23317.0, 23493.0, 23077.0, 23461.0, 24469.0]",[]
27,3,False,540,353,0,0,[],[],[],[],"[424, 1334, 520, 845, 703]","[424, 1334, 520, 845, 703]","[29, 180, 8, -65, 6]","[-32, -70, -68, -25, -3]","[1200, 1519, 948, 1379, 1446, 916, 948, 921, 964, 1273, 682, 936, 787, 755, 791, 496, 1296, 553, 871, 734]","[410, 66, 606, 139, 470, 182, 327, 161, 274, 444, 470, 525, 391, 515, 475, 696, 768, 709, 694, 756]","[5, 3, 5, 3, 4, 1, 4, 0, 2, 4, 2, -1, -1, 2, -2, 3, -5, -1, -4, -1]","[-2, -4, -1, -4, -3, -5, -4, -5, -5, -4, -5, -5, -5, -5, -5, -4, -2, -5, -4, -5]",42.0,24.1,41242.0,"[32423.0, 34568.0, 38313.0, 42106.0, 46043.0, 49868.0, 52780.0, 55197.0, 56333.0, 56589.0, 55581.0, 55325.0, 53389.0, 52140.0, 49996.0, 48219.0, 46763.0, 44570.0, 43226.0, 41610.0]",[]
28,3,False,469,403,0,0,[500],[474],[-2],[5],"[449, 1371, 529, 805, 703]","[449, 1371, 529, 805, 703]","[125, 62, 79, -76, 36]","[-8, -49, -59, -11, 2]","[1300, 1048, 1439, 1526, 936, 1024, 921, 1004, 1343, 722, 906, 767, 794, 751, 556, 1196, 533, 791, 714]","[370, 586, 59, 410, 82, 247, 61, 174, 364, 370, 425, 291, 415, 375, 616, 728, 609, 614, 656]","[5, 5, 3, 4, 1, 3, 0, 2, 3, 2, -2, -1, 1, -2, 3, -5, -1, -4, -1]","[-2, -1, -4, -3, -5, -4, -5, -5, -4, -5, -5, -5, -5, -5, -4, -2, -5, -4, -5]",42.0,24.1,41050.0,"[39465.0, 37017.0, 35208.0, 32808.0, 31383.0, 29367.0, 28518.0, 27334.0, 26854.0, 26998.0, 25766.0, 26166.0, 26070.0, 25542.0, 25958.0, 24822.0, 24565.0, 24582.0, 24005.0, 23061.0]",[]
29,3,False,398,288,-4,-8,[470],[574],[-1],[5],"[510, 1362, 565, 765, 707]","[510, 1362, 565, 765, 707]","[212, -47, 132, -71, 54]","[8, -31, -18, -11, 2]","[1400, 1148, 1084, 1040, 1403, 762, 866, 747, 814, 711, 616, 1096, 513, 711, 694]","[330, 566, 167, 74, 282, 270, 325, 191, 315, 275, 536, 688, 509, 534, 556]","[5, 5, 3, 1, 3, 2, -2, -1, 1, -2, 3, -5, -1, -4, -1]","[-2, -1, -4, -5, -5, -5, -5, -5, -5, -5, -4, -2, -5, -4, -5]",42.0,24.1,41162.0,"[23573.0, 24197.0, 23829.0, 24373.0, 24565.0, 25414.0, 25622.0, 25670.0, 25622.0, 26278.0, 26310.0, 26934.0, 26966.0, 26982.0, 27686.0, 27558.0, 28230.0, 27814.0, 28342.0, 28743.0]",[]
30,3,False,325,218,-9,2,[450],[674],[-1],[5],"[595, 1317, 617, 729, 727]","[595, 1317, 617, 729, 727]","[253, -135, 172, -44, 60]","[24, -21, -6, -11, 17]","[1500, 1248, 1144, 1449, 792, 826, 720, 834, 671, 676, 996, 493, 631, 674, 570, 1309, 606, 741, 644]","[290, 546, 87, 182, 170, 225, 91, 215, 175, 456, 648, 409, 454, 456, 593, 657, 576, 594, 740]","[5, 5, 3, 2, 1, -2, -2, 1, -2, 3, -5, -1, -4, -1, 1, -5, 0, -3, -5]","[-2, -1, -4, -5, -5, -5, -5, -5, -5, -4, -2, -5, -4, -5, -5, -3, -5, -4, -2]",42.0,24.1,41434.0,"[39641.0, 37977.0, 36408.0, 34312.0, 32663.0, 30439.0, 29415.0, 27846.0, 27094.0, 27206.0, 26342.0, 26150.0, 26438.0, 26166.0, 26934.0, 26150.0, 26006.0, 26038.0, 25366.0, 24630.0]",[]
31,3,False,286,363,5,8,[448],[774],[0],[5],"[697, 1233, 677, 709, 747]","[697, 1233, 677, 709, 747]","[306, -225, 183, -27, 74]","[41, 8, 44, 39, 24]","[1348, 1204, 1474, 812, 786, 854, 631, 736, 896, 473, 551, 654, 590, 1209, 606, 672, 544]","[521, 7, 82, 70, 125, 115, 75, 373, 608, 309, 374, 356, 493, 597, 476, 514, 700]","[5, 3, 1, 1, -2, 1, -2, 3, -5, -1, -4, -1, 1, -5, 0, -4, -5]","[-2, -4, -5, -5, -5, -5, -5, -5, -2, -5, -4, -5, -5, -3, -5, -4, -2]",42.0,24.1,41434.0,"[39641.0, 37977.0, 36408.0, 34312.0, 32663.0, 30439.0, 29415.0, 27846.0, 27094.0, 27206.0, 26342.0, 26150.0, 26438.0, 26166.0, 26934.0, 26150.0, 26006.0, 26038.0, 25366.0, 24630.0]",[]
32,3,False,355,410,0,0,[],[],[],[],"[817, 1114, 742, 689, 767]","[817, 1114, 742, 689, 767]","[322, -315, 183, -9, 63]","[22, 21, 70, 44, 18]","[1448, 727, 861, 796, 796, 453, 471, 634, 610, 1109, 606, 592, 444, 753, 1161, 726, 723, 764]","[481, 27, 15, 273, 568, 209, 299, 256, 393, 555, 376, 434, 660, 699, 682, 625, 609, 760]","[5, -3, 0, 3, -5, -1, -4, -1, 1, -5, 0, -4, -5, -5, -5, -4, -2, -4]","[-2, -4, -5, -5, -2, -5, -3, -5, -5, -2, -5, -4, -2, 0, 0, -4, -5, -3]",42.3,24.1,41402.0,"[51804.0, 50524.0, 48907.0, 48203.0, 46107.0, 43402.0, 42170.0, 40281.0, 38841.0, 36905.0, 34904.0, 33800.0, 31559.0, 29671.0, 28614.0, 27926.0, 26854.0, 26550.0, 26822.0, 26438.0]",[]
33,3,False,355,410,0,0,[],[],[],[],"[923, 960, 802, 669, 780]","[923, 960, 802, 669, 780]","[262, -397, 156, -44, 43]","[1, 11, 48, 37, -14]","[840, 696, 433, 391, 609, 629, 1009, 606, 512, 344, 653, 1061, 646, 683, 684]","[173, 528, 109, 239, 156, 293, 515, 276, 354, 620, 699, 671, 545, 509, 700]","[2, -5, -1, -4, -2, 0, -5, 0, -4, -5, -5, -5, -4, -2, -4]","[-5, -2, -5, -3, -5, -5, -2, -5, -4, -2, 0, -1, -4, -5, -3]",42.3,24.1,41402.0,"[26678.0, 25878.0, 25958.0, 26550.0, 25894.0, 26246.0, 25782.0, 25574.0, 24646.0, 24662.0, 24069.0, 23557.0, 23861.0, 23285.0, 23013.0, 22805.0, 23429.0, 22997.0, 22693.0, 23381.0]",[]
34,3,False,451,448,0,0,[504],[497],[5],[2],"[1004, 783, 845, 649, 770]","[1004, 783, 845, 649, 770]","[193, -430, 106, -37, -11]","[-6, 6, 7, 44, -38]","[880, 596, 401, 311, 569, 629, 909, 606, 432, 244, 553, 961, 566, 643, 604]","[73, 488, 9, 179, 56, 193, 475, 176, 274, 577, 699, 651, 465, 409, 640]","[2, -5, -2, -4, -2, 0, -5, 0, -4, -5, -5, -5, -4, -2, -4]","[-5, -2, -5, -3, -5, -5, -2, -5, -4, -3, 0, -1, -4, -5, -3]",42.3,24.1,41482.0,"[28086.0, 28807.0, 28454.0, 29671.0, 29799.0, 31511.0, 34488.0, 37257.0, 41066.0, 44890.0, 49115.0, 51692.0, 53965.0, 54701.0, 54701.0, 54669.0, 53773.0, 51484.0, 49916.0, 48779.0]",[]
35,2,False,504,288,6,-7,[604],[537],[5],[2],"[1052, 603, 868, 629, 750]","[1052, 603, 868, 629, 750]","[114, -447, 83, -40, -40]","[-19, -10, -14, 40, -39]","[496, 231, 629, 809, 606, 352, 144, 453, 861, 603, 524, 962, 710, 783, 697, 713]","[448, 119, 93, 435, 76, 194, 517, 699, 631, 309, 580, 616, 658, 617, 563, 754]","[-5, -4, 0, -5, 0, -4, -5, -5, -5, -2, -4, -4, -5, -5, 0, -5]","[-2, -3, -5, -2, -5, -4, -3, 0, -1, -5, -3, -3, -2, -3, -5, -1]",42.3,24.1,41498.0,"[26006.0, 25254.0, 25334.0, 24565.0, 24133.0, 24293.0, 23653.0, 22821.0, 22997.0, 22565.0, 22197.0, 22165.0, 21765.0, 21653.0, 22021.0, 22373.0, 22245.0, 22661.0, 22213.0, 23045.0]",[]
36,1,False,655,180,8,-4,[],[],[],[],"[1070, 421, 880, 726]","[1070, 421, 880, 726]","[41, -434, 34, -61]","[-24, -22, -17, -41]","[396, 151, 709, 272, 56, 353, 761, 444, 882, 610, 683, 697, 613]","[408, 59, 395, 114, 457, 693, 611, 520, 556, 618, 557, 463, 734]","[-5, -4, -5, -4, -4, -5, -5, -4, -4, -5, -5, 0, -5]","[-2, -3, -2, -4, -3, -1, -1, -3, -3, -2, -3, -5, -1]",42.3,24.1,41354.0,"[22773.0, 23509.0, 23589.0, 23941.0, 24133.0, 24806.0, 24565.0, 24694.0, 25030.0, 26006.0, 26038.0, 26630.0, 26694.0, 26262.0, 26886.0, 27030.0, 27974.0, 28598.0, 29703.0, 31543.0]",[]
37,1,False,803,210,2,9,[],[],[],[],"[1056, 250, 878, 686, 804]","[1056, 250, 878, 686, 804]","[-25, -358, 0, -59, 1]","[-4, 12, 13, -21, 17]","[296, 609, 193, 253, 661, 364, 802, 510, 596, 697, 513, 1080, 387, 919, 731, 830]","[362, 355, 34, 673, 591, 460, 496, 578, 497, 363, 713, 596, 590, 591, 660, 725]","[-5, -5, -3, -5, -5, -4, -4, -5, -4, 0, -5, -3, 3, 0, -2, -3]","[-3, -2, -4, -1, -1, -3, -3, -2, -3, -5, -2, -4, -5, -5, -5, -4]",42.3,24.1,41290.0,"[33768.0, 31895.0, 30695.0, 29287.0, 27494.0, 26774.0, 26790.0, 25686.0, 25654.0, 26166.0, 25894.0, 25766.0, 26150.0, 25750.0, 25526.0, 24998.0, 24357.0, 24197.0, 23461.0, 23125.0]",[]
38,1,False,807,390,0,9,[],[],[],[],"[1034, 122, 871, 662, 802]","[1034, 122, 871, 662, 802]","[-52, -237, -4, -22, 3]","[56, 50, 61, 6, 22]","[196, 509, 153, 561, 284, 722, 410, 516, 697, 413, 1020, 447, 919, 691, 770]","[302, 315, 653, 571, 380, 436, 538, 437, 263, 673, 516, 490, 491, 560, 625]","[-5, -5, -5, -5, -4, -4, -5, -4, 0, -5, -3, 3, 0, -2, -3]","[-3, -2, -1, -1, -4, -3, -2, -3, -5, -2, -4, -5, -5, -5, -5]",42.3,24.1,41290.0,"[33768.0, 31895.0, 30695.0, 29287.0, 27494.0, 26774.0, 26790.0, 25686.0, 25654.0, 26166.0, 25894.0, 25766.0, 26150.0, 25750.0, 25526.0, 24998.0, 24357.0, 24197.0, 23461.0, 23125.0]",[]
39,0,False,854,291,4,-8,[],[],[],[],"[994, 49, 851, 652, 801]","[994, 49, 851, 652, 801]","[-93, -86, -11, 26, -1]","[78, 97, 86, 47, 39]","[100, 409, 53, 461, 204, 642, 310, 436, 697, 313, 960, 507, 660, 710]","[242, 275, 626, 551, 300, 357, 498, 377, 163, 633, 436, 390, 460, 525]","[-4, -5, -5, -5, -4, -4, -5, -4, 0, -5, -3, 3, -1, -3]","[-3, -2, -2, -1, -4, -4, -2, -3, -5, -2, -4, -5, -5, -5]",42.5,24.1,41258.0,"[43402.0, 42026.0, 40409.0, 38329.0, 36392.0, 34536.0, 32808.0, 30727.0, 28999.0, 28518.0, 27350.0, 26630.0, 26086.0, 26214.0, 26134.0, 26678.0, 26566.0, 26294.0, 26310.0, 26310.0]",[]
40,0,False,971,222,9,2,[],[],[],[],"[937, 38, 833, 660, 781]","[937, 38, 833, 660, 781]","[-107, 75, -6, 65, -22]","[121, 135, 117, 63, 58]","[20, 309, 361, 142, 562, 210, 356, 697, 224, 900, 567, 640, 650, 941, 196, 847, 698, 858]","[182, 223, 531, 220, 277, 455, 317, 63, 574, 356, 307, 360, 425, 633, 616, 569, 584, 654]","[-4, -5, -5, -3, -4, -5, -4, 0, -4, -3, 3, -1, -3, -5, 5, -2, 0, 1]","[-3, -3, -1, -4, -4, -3, -3, -5, -3, -4, -4, -5, -5, -1, -3, -5, -5, -5]",42.5,24.1,41306.0,"[24485.0, 24565.0, 24421.0, 25014.0, 25558.0, 25014.0, 25286.0, 25350.0, 26438.0, 26534.0, 26374.0, 27494.0, 27478.0, 28711.0, 30103.0, 31527.0, 34456.0, 38153.0, 42410.0, 46091.0]",[]
41,0,False,1151,243,9,0,[],[],[],[],"[877, 91, 813, 682, 761]","[877, 91, 813, 682, 761]","[-140, 225, -18, 100, -16]","[141, 174, 145, 64, 60]","[209, 261, 82, 482, 117, 276, 147, 840, 627, 620, 608, 841, 296, 807, 698, 878]","[163, 510, 132, 197, 395, 246, 501, 276, 227, 260, 325, 613, 556, 469, 484, 554]","[-5, -5, -3, -4, -4, -4, -3, -3, 3, -1, -2, -5, 5, -2, 0, 1]","[-3, -2, -5, -4, -3, -4, -4, -4, -4, -5, -5, -1, -3, -5, -5, -5]",42.5,24.1,41210.0,"[48283.0, 51036.0, 51596.0, 52444.0, 51676.0, 51164.0, 49436.0, 48027.0, 46299.0, 44490.0, 42810.0, 40489.0, 39225.0, 37513.0, 35560.0, 33672.0, 32103.0, 30183.0, 28454.0, 27462.0]",[]
42,0,False,1272,159,0,0,[],[],[],[],"[813, 197, 789, 722, 742]","[813, 197, 789, 722, 742]","[-166, 334, -57, 117, -3]","[126, 158, 142, 45, 26]","[121, 161, 44, 420, 37, 203, 96, 780, 687, 600, 568, 741, 396, 774, 698, 898, 923, 241, 884, 801, 811]","[103, 470, 32, 117, 335, 166, 409, 196, 147, 160, 225, 587, 496, 369, 384, 454, 694, 767, 732, 715, 752]","[-4, -5, -1, -3, -4, -3, -2, -3, 3, -1, -2, -5, 5, -1, 0, 1, 3, 5, 4, 5, 2]","[-3, -2, -5, -4, -3, -4, -5, -4, -4, -5, -5, -2, -3, -5, -5, -5, -5, -3, -4, -2, -5]",42.5,24.1,41530.0,"[23141.0, 22661.0, 23077.0, 23221.0, 23605.0, 23013.0, 23797.0, 23589.0, 24405.0, 24277.0, 24405.0, 24678.0, 24838.0, 25366.0, 25494.0, 26326.0, 26038.0, 26326.0, 27190.0, 27222.0]",[]
43,0,False,1166,250,-5,8,[1217],[290],[-3],[4],"[733, 334, 749, 762, 722]","[733, 334, 749, 762, 722]","[-193, 383, -97, 109, -22]","[67, 138, 103, 33, -9]","[41, 61, 360, 143, 85, 720, 747, 587, 528, 641, 496, 754, 698, 918, 983, 341, 964, 901, 851]","[43, 430, 30, 82, 309, 116, 67, 60, 125, 547, 446, 269, 284, 354, 594, 707, 652, 675, 652]","[-4, -5, -3, -3, 0, -3, 3, 0, -2, -5, 5, -1, 0, 1, 3, 5, 4, 5, 2]","[-3, -2, -5, -5, -5, -4, -4, -5, -5, -2, -2, -5, -5, -5, -5, -3, -4, -2, -5]",42.5,24.1,41290.0,"[49260.0, 47899.0, 46571.0, 44778.0, 42522.0, 40649.0, 38425.0, 36296.0, 34568.0, 32599.0, 30455.0, 29287.0, 28342.0, 27350.0, 26214.0, 25862.0, 26182.0, 26374.0, 25862.0, 25798.0]",[]
44,0,False,1159,372,9,0,[1157],[370],[-3],[4],"[636, 492, 697, 789, 702]","[636, 492, 697, 789, 702]","[-215, 434, -104, 75, -29]","[15, 95, 46, 1, -60]","[99, 660, 497, 541, 596, 748, 708, 938, 1043, 441, 1044, 1001, 891]","[209, 16, 25, 507, 406, 169, 184, 254, 494, 647, 572, 619, 552]","[2, -3, -1, -5, 5, 0, 1, 1, 3, 5, 4, 5, 2]","[-5, -5, -5, -2, -2, -5, -5, -5, -5, -3, -4, -3, -5]",42.5,24.1,41418.0,"[25478.0, 24742.0, 24389.0, 23925.0, 23733.0, 22805.0, 22581.0, 21669.0, 20885.0, 20693.0, 20629.0, 20132.0, 20597.0, 19924.0, 19940.0, 20004.0, 20597.0, 20212.0, 20693.0, 21205.0]",[]
45,0,False,1339,372,9,0,[1097],[450],[-3],[4],"[536, 652, 638, 804, 673]","[536, 652, 638, 804, 673]","[-201, 436, -100, 41, -63]","[-30, 49, 36, -30, -94]","[151, 446, 696, 748, 728, 978, 1103, 541, 1124, 1101, 931, 767, 641, 840, 907, 848]","[119, 450, 366, 69, 84, 154, 394, 604, 492, 559, 452, 723, 762, 776, 670, 734]","[3, -4, 5, 0, 1, 2, 3, 5, 4, 5, 2, 5, 5, 5, 4, 5]","[-4, -3, -2, -5, -5, -5, -5, -2, -4, -3, -5, -3, -3, -2, -3, -2]",42.4,24.1,41290.0,"[57358.0, 57582.0, 57309.0, 56029.0, 54685.0, 51948.0, 49852.0, 48123.0, 46811.0, 44970.0, 43658.0, 41882.0, 39225.0, 37209.0, 34568.0, 32535.0, 31255.0, 29367.0, 27462.0, 26518.0]",[]
46,0,False,1420,377,0,0,[1037],[530],[-3],[4],"[453, 812, 597, 804, 633]","[453, 812, 597, 804, 633]","[-182, 405, -90, 9, -66]","[-64, 16, -10, -36, -106]","[234, 366, 796, 1018, 1163, 641, 1204, 1201, 987, 867, 741, 940, 987, 948]","[53, 387, 326, 54, 304, 564, 412, 499, 352, 663, 702, 736, 610, 691]","[5, -4, 5, 2, 3, 5, 4, 5, 3, 5, 5, 5, 4, 5]","[-3, -4, -2, -5, -4, -2, -4, -3, -5, -3, -3, -2, -3, -3]",42.4,24.1,41162.0,"[26182.0, 25606.0, 25046.0, 25510.0, 24405.0, 24453.0, 24325.0, 23813.0, 23893.0, 22965.0, 22565.0, 22597.0, 21989.0, 21989.0, 21157.0, 20517.0, 20052.0, 20100.0, 19972.0, 19732.0]",[]
47,0,False,1420,377,0,0,[977],[610],[-3],[4],"[378, 953, 557, 799, 604]","[378, 953, 557, 799, 604]","[-129, 360, -52, 5, -29]","[-84, -17, -32, -35, -99]","[334, 298, 896, 1223, 741, 1284, 1301, 1047, 967, 841, 1040, 1067, 1048, 505, 966, 661, 889, 708]","[12, 307, 286, 224, 524, 332, 439, 252, 603, 642, 696, 550, 631, 720, 784, 761, 669, 655]","[5, -3, 5, 3, 5, 4, 5, 3, 5, 5, 5, 4, 5, 5, 4, 4, 5, 5]","[-2, -4, -2, -4, -2, -4, -3, -5, -3, -3, -2, -3, -3, -1, -3, -4, -1, 0]",42.4,24.1,41194.0,"[24421.0, 25238.0, 25558.0, 25654.0, 26342.0, 27190.0, 29335.0, 31495.0, 35512.0, 39689.0, 43242.0, 47787.0, 50780.0, 53389.0, 54365.0, 54173.0, 53757.0, 53277.0, 50780.0, 49372.0]",[]
48,-1,False,1420,377,0,0,[917],[690],[-3],[4],"[338, 1083, 538, 782, 590]","[338, 1083, 538, 782, 590]","[-26, 340, 6, -3, 16]","[-50, -20, -32, -17, -58]","[262, 996, 1283, 841, 1364, 1107, 1067, 941, 1140, 1147, 1148, 605, 1046, 741, 989, 808]","[207, 246, 144, 484, 252, 164, 543, 600, 656, 490, 571, 700, 724, 681, 649, 655]","[-1, 5, 3, 5, 4, 3, 5, 5, 5, 4, 5, 5, 4, 4, 5, 5]","[-5, -2, -4, -2, -4, -4, -3, -2, -2, -3, -3, -1, -3, -4, -1, 0]",42.4,24.1,41354.0,"[25782.0, 25638.0, 24517.0, 24389.0, 23845.0, 23061.0, 22389.0, 22293.0, 22165.0, 21749.0, 20949.0, 20661.0, 20853.0, 21541.0, 20565.0, 20837.0, 20773.0, 21013.0, 22101.0, 21509.0]",[]
49,-1,False,1420,377,0,0,[857],[770],[-3],[4],"[340, 1195, 538, 763, 598]","[340, 1195, 538, 763, 598]","[82, 272, 34, -5, 72]","[-8, -29, -8, 33, -12]","[269, 1096, 1343, 941, 1444, 1167, 1167, 1041, 1240, 1227, 1248, 705, 1126, 821, 1089, 908]","[107, 206, 64, 444, 172, 84, 483, 560, 616, 430, 511, 680, 664, 601, 629, 655]","[2, 5, 3, 5, 4, 3, 5, 5, 5, 4, 5, 5, 4, 4, 5, 5]","[-5, -2, -4, -2, -4, -4, -3, -2, -2, -3, -3, -1, -3, -4, -1, 0]",42.4,24.1,41546.0,"[21989.0, 22293.0, 22117.0, 22613.0, 22821.0, 22981.0, 23301.0, 23573.0, 23637.0, 24565.0, 24726.0, 24822.0, 25430.0, 25862.0, 25174.0, 26310.0, 26870.0, 27606.0, 29351.0, 31751.0]",[]
