,Time,HP,Power up,Player x,Player y,Player speed_x,Player speed_y,Player bullet x,Player bullet y,Player bullet speed_x,Player bullet speed_y,Enemy x,Enemy y,Enemy speed_x,Enemy speed_y,Enemy bullet x,Enemy bullet y,Enemy bullet speed_x,Enemy bullet speed_y
0,0.01,10,False,951,362,-9,2,[],[],[],[],[726],[726],[1],[-2],[],[],[],[]
1,0.27,10,False,791,301,-7,-6,[],[],[],[],[726],[726],[21],[-42],[],[],[],[]
2,0.53,10,False,636,207,-9,0,[],[],[],[],"[726, 1730]","[726, 1730]","[41, -9]","[-82, -3]",[],[],[],[]
3,0.79,10,False,574,362,0,9,[],[],[],[],"[738, 1681]","[738, 1681]","[83, -167]","[-84, -22]",[],[],[],[]
4,1.03,10,False,718,450,9,1,[],[],[],[],"[773, 1578, 1020]","[773, 1578, 1020]","[137, -292, 0]","[-64, -22, 1]",[],[],[],[]
5,1.28,10,False,894,421,7,-6,[],[],[],[],"[827, 1430, 1020]","[827, 1430, 1020]","[177, -392, 0]","[-39, -22, 21]",[],[],[],[]
6,1.52,10,False,831,326,-7,6,[],[],[],[],"[896, 1248, 1020, 135]","[896, 1248, 1020, 135]","[209, -459, 0, 9]","[1, -22, 41, 0]",[],[],[],[]
7,1.76,10,False,761,499,-2,9,[813],[516],[-2],[6],"[976, 1048, 1020, 166]","[976, 1048, 1020, 166]","[226, -487, 0, 188]","[41, -5, 61, 0]",[],[],[],[]
8,2.01,10,False,750,554,-4,-8,[790],[636],[-1],[6],"[1056, 848, 1009, 263, 1024]","[1056, 848, 1009, 263, 1024]","[204, -497, -22, 326, -2]","[59, -7, 43, -22, 0]",[],[],[],[]
9,2.25,10,False,634,409,-7,-6,[770],[756],[-1],[6],"[1116, 648, 983, 405, 1004]","[1116, 648, 983, 405, 1004]","[146, -485, -62, 421, -42]","[48, -27, 3, -51, 0]",[],[],[],[]
10,2.5,10,False,479,306,-8,-4,[750],[876],[-1],[6],"[1151, 454, 943, 578, 968]","[1151, 454, 943, 578, 968]","[86, -434, -94, 487, -82]","[28, -47, -31, -71, 0]",[],[],[],[]
11,2.75,10,False,301,283,-8,5,[714],[996],[-2],[6],"[1162, 288, 889, 772, 922]","[1162, 288, 889, 772, 922]","[16, -345, -114, 515, -106]","[8, -65, -51, -91, 0]",[],[],[],[]
12,3.0,10,False,376,427,7,6,[],[],[],[],"[1146, 164, 829, 972, 862]","[1146, 164, 829, 972, 862]","[-50, -229, -124, 503, -126]","[-10, -65, -71, -95, 0]",[],[],[],[]
13,3.24,10,False,535,516,8,5,[],[],[],[],"[1106, 94, 769, 1153, 802]","[1106, 94, 769, 1153, 802]","[-88, -68, -102, 475, -105]","[12, -43, -66, -73, 22]",[],[],[],[]
14,3.49,10,False,586,673,-1,9,[],[],[],[],"[1058, 95, 731, 1325, 760]","[1058, 95, 731, 1325, 760]","[-108, 112, -47, 428, -65]","[52, -3, -26, -33, 62]",[],[],[],[]
15,3.74,10,False,628,720,4,8,[676],[778],[3],[6],"[998, 167, 716, 1473, 736]","[998, 167, 716, 1473, 736]","[-108, 291, 13, 352, -5]","[86, 37, 14, 7, 102]",[],[],[],[]
16,3.99,10,False,677,720,1,9,[736],[898],[3],[6],"[938, 306, 724, 1582, 737]","[938, 306, 724, 1582, 737]","[-101, 446, 73, 248, 55]","[106, 77, 54, 47, 128]",[],[],[],[]
17,4.24,10,False,695,603,2,-9,[796],[1018],[3],[6],"[898, 503, 756, 1646, 763]","[898, 503, 756, 1646, 763]","[-81, 570, 133, 128, 114]","[126, 117, 94, 87, 148]",[],[],[],[]
18,4.49,10,False,759,427,5,-8,[],[],[],[],"[858, 738, 810, 1658, 803]","[858, 738, 810, 1658, 803]","[-82, 628, 154, -21, 132]","[118, 134, 105, 105, 137]",[],[],[],[]
19,4.74,10,False,856,529,1,9,[],[],[],[],"[818, 978, 870, 1606, 843]","[818, 978, 870, 1606, 843]","[-82, 620, 151, -181, 132]","[78, 114, 85, 99, 97]",[],[],[],[]
20,4.99,10,False,889,709,2,9,[],[],[],[],"[778, 1207, 911, 1491, 883]","[778, 1207, 911, 1491, 883]","[-82, 563, 131, -331, 121]","[38, 94, 65, 79, 57]",[],[],[],[]
21,5.24,10,False,894,720,1,9,[],[],[],[],"[738, 1403, 1322, 923]","[738, 1403, 1322, 923]","[-71, 465, -452, 101]","[-2, 74, 59, 17]",[],[],[],[]
22,5.49,10,False,905,720,0,9,[],[],[],[],"[698, 1552, 1112, 944, 427]","[698, 1552, 1112, 944, 427]","[-51, 332, -535, 81, 4]","[-42, 38, 39, -23, -2]",[],[],[],[]
23,5.73,10,False,952,693,2,-9,[],[],[],[],"[678, 1646, 877, 964, 439]","[678, 1646, 877, 964, 439]","[-9, 196, -552, 80, 106]","[-60, 20, 41, -41, -20]",[],[],[],[]
24,5.97,10,False,965,648,1,9,[],[],[],[],"[677, 1687, 656, 984, 496]","[677, 1687, 656, 984, 496]","[51, 61, -505, 80, 216]","[-40, 20, 61, -41, -20]",[],[],[],[]
25,6.22,10,False,1005,720,2,9,[],[],[],[],"[701, 1671, 463, 1004, 593]","[701, 1671, 463, 1004, 593]","[111, -79, -415, 80, 311]","[-20, 20, 81, -41, -20]",[],[],[],[]
26,6.47,10,False,1034,720,1,9,[1074],[831],[1],[5],"[749, 1604, 313, 1024, 724]","[749, 1604, 313, 1024, 724]","[171, -204, -289, 80, 382]","[0, 20, 89, -31, -5]",[],[],[],[]
27,6.72,10,False,1076,720,7,6,[1094],[931],[1],[5],"[817, 1488, 218, 1044, 879]","[817, 1488, 218, 1044, 879]","[215, -313, -139, 80, 426]","[20, 20, 89, -11, 15]",[],[],[],[]
28,6.98,10,False,1204,611,5,-8,[1114],[1031],[1],[5],"[897, 1332, 183, 1064, 1039]","[897, 1332, 183, 1064, 1039]","[224, -416, -1, 55, 415]","[18, -2, 67, -13, 13]","[898, 1396, 296, 1092, 1049]","[812, 946, 990, 854, 905]","[1, -5, 5, -1, 5]","[-5, 0, 0, -5, -1]"
29,7.24,10,False,1231,624,-1,9,[],[],[],[],"[977, 1137, 199, 1063, 1185]","[977, 1137, 199, 1063, 1185]","[200, -502, 119, -5, 355]","[-2, -32, 27, -33, -7]","[918, 1296, 396, 1092, 1149]","[712, 946, 990, 754, 879]","[1, -5, 5, 0, 5]","[-5, 0, 0, -5, -2]"
30,7.5,10,False,1218,720,-1,9,[],[],[],[],"[1037, 917, 261, 1043, 1299]","[1037, 917, 261, 1043, 1299]","[160, -546, 239, -48, 268]","[-22, -52, -13, -53, -27]","[938, 1196, 496, 1092, 1249, 1081, 960, 308, 1091, 1342]","[612, 946, 990, 654, 839, 849, 904, 994, 848, 890]","[1, -5, 5, 0, 5, 0, 2, 5, 2, 2]","[-5, 0, 0, -5, -2, -5, -5, -2, -5, -5]"
31,7.78,10,False,1083,720,-8,5,[],[],[],[],"[1082, 686, 367, 1004, 1375]","[1082, 686, 367, 1004, 1375]","[110, -546, 338, -88, 164]","[-32, -72, -53, -57, -47]","[958, 1096, 596, 1092, 1349, 1097, 1000, 408, 1131, 1382]","[512, 946, 990, 554, 799, 749, 804, 954, 748, 790]","[1, -5, 5, 0, 5, 1, 2, 5, 2, 2]","[-5, 0, 0, -5, -2, -5, -5, -2, -5, -5]"
32,8.05,10,False,960,720,-5,8,[],[],[],[],"[466, 510, 950, 1406]","[466, 510, 950, 1406]","[-501, 412, -125, 44]","[-86, -89, -57, -66]","[994, 996, 696, 1092, 1449, 1113, 1040, 508, 1171, 1416]","[412, 946, 990, 454, 759, 649, 704, 914, 648, 690]","[2, -5, 5, 0, 5, 0, 2, 5, 2, 1]","[-5, 0, 0, -5, -2, -5, -5, -2, -5, -5]"
33,8.32,10,False,803,698,-9,-3,[],[],[],[],"[277, 678, 890, 1392, 561]","[277, 678, 890, 1392, 561]","[-391, 480, -123, -54, 55]","[-64, -87, -35, -44, 11]","[1034, 896, 796, 1092, 1549, 1113, 1080, 608, 1211, 1436, 462, 676, 1023, 1394, 649]","[312, 946, 990, 354, 719, 549, 604, 874, 548, 590, 820, 881, 757, 801, 863]","[2, -5, 5, 0, 5, 0, 2, 5, 2, 1, 5, 4, 5, -5, 5]","[-5, 0, 0, -5, -2, -5, -5, -2, -5, -5, 1, -3, -1, -2, -2]"
34,8.6,10,False,626,635,-9,-1,[],[],[],[],"[144, 872, 834, 1343, 590]","[144, 872, 834, 1343, 590]","[-231, 528, -93, -129, 135]","[-24, -67, 5, -4, 31]","[1068, 796, 896, 1072, 1649, 1113, 1120, 708, 1250, 1456, 562, 756, 1123, 1294, 749]","[212, 946, 990, 254, 672, 449, 504, 834, 448, 490, 840, 821, 722, 761, 823]","[1, -5, 5, -1, 5, 0, 2, 5, 1, 1, 5, 4, 5, -5, 5]","[-5, 0, 0, -5, -3, -5, -5, -2, -5, -5, 1, -3, -2, -2, -2]"
35,8.89,10,False,766,720,7,6,[],[],[],[],"[79, 1072, 794, 1270, 651]","[79, 1072, 794, 1270, 651]","[-51, 536, -53, -189, 215]","[16, -33, 45, 36, 51]","[1088, 696, 996, 1048, 1730, 1113, 1146, 808, 1270, 1456, 662, 836, 1223, 1194, 849, 119, 1105, 824, 1300, 696]","[112, 946, 990, 154, 612, 349, 404, 794, 348, 390, 860, 761, 682, 721, 783, 755, 818, 756, 775, 890]","[1, -5, 5, -2, 4, 0, 1, 5, 1, 0, 5, 4, 5, -5, 5, 5, -5, -5, -5, 3]","[-5, 0, 0, -5, -3, -5, -5, -2, -5, -5, 1, -3, -2, -2, -2, 0, -1, 1, 0, -4]"
36,9.2,10,False,864,720,7,6,[],[],[],[],"[87, 1272, 773, 1174, 741]","[87, 1272, 773, 1174, 741]","[129, 504, -13, -232, 278]","[56, 7, 85, 76, 71]","[1108, 596, 1096, 1008, 1800, 1113, 1166, 908, 1276, 1456, 762, 916, 1323, 1094, 949, 219, 1005, 724, 1200, 756]","[12, 946, 984, 54, 533, 249, 304, 754, 248, 290, 880, 701, 642, 681, 743, 755, 798, 776, 775, 810]","[1, -5, 5, -2, 3, 0, 1, 5, 0, 0, 5, 4, 5, -5, 5, 5, -5, -5, -5, 3]","[-5, 0, -1, -5, -4, -5, -5, -2, -5, -5, 1, -3, -2, -2, -2, 0, -1, 1, 0, -4]"
37,9.53,10,False,908,602,-5,-8,[],[],[],[],"[167, 1449, 767, 1069, 853]","[167, 1449, 767, 1069, 853]","[308, 434, 27, -255, 322]","[96, 47, 125, 116, 91]","[496, 1196, 1839, 1113, 1177, 1008, 1276, 1456, 862, 996, 1420, 994, 1049, 319, 905, 624, 1100, 816]","[929, 964, 435, 149, 204, 714, 148, 190, 882, 641, 592, 641, 703, 755, 778, 796, 775, 730]","[-5, 5, 1, 0, 0, 5, 0, 0, 5, 4, 4, -5, 5, 5, -5, -5, -5, 3]","[-1, -1, -5, -5, -5, -2, -5, -5, 0, -3, -3, -2, -2, 0, -1, 1, 0, -4]"
38,9.85,10,False,801,617,0,9,[],[],[],[],"[310, 1590, 767, 949, 973]","[310, 1590, 767, 949, 973]","[440, 310, 45, -278, 320]","[114, 65, 138, 123, 78]","[396, 1296, 1824, 1100, 1177, 1108, 1260, 1437, 962, 1076, 1498, 894, 1149, 419, 805, 524, 1000, 876, 319, 1511, 791, 1053, 953]","[909, 944, 335, 49, 104, 674, 48, 90, 882, 581, 525, 601, 658, 755, 758, 816, 775, 650, 773, 803, 771, 792, 888]","[-5, 5, -2, -1, 0, 5, -2, -1, 5, 4, 3, -5, 5, 5, -5, -5, -5, 3, 4, -5, -1, 0, 0]","[-1, -1, -5, -5, -5, -2, -5, -5, 0, -3, -4, -2, -3, 0, -1, 1, 0, -4, -3, -1, -5, -5, -5]"
39,10.15,9,False,801,720,0,9,[836],[781],[0],[5],"[496, 1670, 767, 829, 1083]","[496, 1670, 767, 829, 1083]","[523, 147, 45, -293, 276]","[103, 62, 118, 103, 38]","[296, 1396, 1743, 1158, 1208, 1062, 1156, 1533, 794, 1240, 519, 705, 424, 900, 936, 399, 1411, 1053, 953]","[888, 924, 272, 4, 634, 882, 521, 431, 561, 598, 755, 738, 836, 775, 570, 713, 783, 692, 788]","[-5, 5, -5, -2, 5, 5, 4, 0, -5, 4, 5, -5, -5, -5, 3, 4, -5, 0, 0]","[-2, -1, -2, -5, -2, 0, -3, -5, -2, -3, 0, -1, 1, 0, -4, -3, -1, -5, -5]"
40,10.45,9,False,899,720,9,2,[836],[881],[0],[5],"[707, 1681, 767, 709, 1171]","[707, 1681, 767, 709, 1171]","[566, -33, 45, -285, 214]","[83, 42, 98, 83, -2]","[196, 1496, 1643, 1308, 1162, 1236, 1472, 694, 1320, 619, 605, 324, 800, 996, 479, 1311, 1053, 953, 745, 1711, 807, 752, 1209]","[848, 904, 255, 594, 882, 461, 359, 521, 538, 755, 718, 856, 775, 490, 653, 763, 592, 688, 879, 852, 922, 922, 965]","[-5, 5, -5, 5, 5, 4, -5, -5, 4, 5, -5, -5, -5, 3, 4, -5, 0, 0, 0, -5, 5, 3, -4]","[-2, -1, 0, -2, 0, -3, -1, -2, -3, 0, -1, 1, 0, -4, -3, -1, -5, -5, -5, 1, -2, -4, -3]"
41,10.76,9,False,1076,720,8,4,[836],[981],[0],[5],"[927, 1621, 767, 589, 1230]","[927, 1621, 767, 589, 1230]","[565, -203, 45, -254, 134]","[63, 22, 70, 58, -42]","[96, 1596, 1543, 1408, 1262, 1316, 1372, 594, 1400, 719, 505, 224, 700, 1056, 559, 1211, 1053, 953, 745, 1611, 907, 812, 1129]","[805, 884, 255, 554, 882, 401, 355, 481, 478, 755, 698, 876, 775, 410, 593, 743, 492, 588, 779, 872, 882, 842, 905]","[-5, 5, -5, 5, 5, 4, -5, -5, 4, 5, -5, -5, -5, 3, 4, -5, 0, 0, 0, -5, 5, 3, -4]","[-3, -1, 0, -2, 0, -3, 0, -2, -3, 0, -1, 1, 0, -4, -3, -1, -5, -5, -5, 1, -2, -4, -3]"
42,11.08,8,False,1109,720,-8,4,[],[],[],[],"[1136, 1497, 767, 489, 1258]","[1136, 1497, 767, 489, 1258]","[522, -354, 45, -200, 54]","[43, 2, 30, 18, -67]","[13, 1696, 1443, 1508, 1362, 1396, 1272, 494, 1480, 819, 405, 124, 600, 1117, 658, 1053, 953, 745, 1511, 1007, 873, 1049]","[740, 847, 266, 514, 882, 341, 381, 441, 418, 755, 678, 905, 760, 330, 533, 392, 488, 679, 881, 842, 762, 845]","[-4, 5, -5, 5, 5, 4, -5, -5, 4, 5, -5, -5, -5, 4, 5, 0, 0, 0, -5, 5, 4, -4]","[-4, -2, 1, -2, 0, -3, 2, -2, -3, 0, -1, 2, -1, -4, -3, -5, -5, -5, 0, -2, -4, -3]"
43,11.4,7,False,958,720,-8,5,[],[],[],[],"[1322, 1322, 776, 417, 1257]","[1322, 1322, 776, 417, 1257]","[461, -453, 67, -106, -4]","[45, 4, 12, 0, -65]","[1796, 1343, 1608, 1462, 1476, 1175, 394, 1560, 919, 305, 108, 500, 1197, 758, 1053, 953, 745, 1411, 1107, 969, 1234, 1408, 835, 517, 1250]","[807, 287, 474, 882, 281, 429, 401, 358, 755, 648, 970, 740, 250, 473, 292, 388, 579, 881, 802, 785, 870, 814, 910, 901, 841]","[5, -5, 5, 5, 4, -4, -5, 4, 5, -5, 5, -5, 4, 5, 0, 0, 0, -5, 5, -4, -3, -4, 3, 3, -4]","[-2, 2, -2, 0, -3, 3, -2, -3, 0, -2, 1, -1, -4, -3, -5, -5, -5, 0, -2, -3, -4, -3, -4, -4, -4]"
44,11.73,7,False,800,695,-7,-6,[894],[810],[-4],[3],"[1481, 1122, 800, 391, 1237]","[1481, 1122, 800, 391, 1237]","[384, -497, 107, 14, -44]","[65, 24, 12, 0, -41]","[1896, 1243, 1708, 1562, 1556, 1095, 294, 1541, 1019, 205, 208, 400, 1277, 858, 1053, 953, 745, 1311, 1207, 889, 1174, 1328, 895, 577, 1170]","[767, 327, 434, 882, 221, 489, 361, 339, 755, 608, 972, 720, 170, 428, 192, 288, 479, 881, 755, 725, 790, 754, 830, 821, 776]","[5, -5, 5, 5, 4, -4, -5, -5, 5, -5, 5, -5, 4, 5, 0, 0, 0, -5, 5, -4, -3, -4, 3, 3, -4]","[-2, 2, -2, 0, -3, 3, -2, 2, 0, -2, 0, -1, -4, -2, -5, -5, -5, 0, -3, -3, -4, -3, -4, -4, -3]"
45,12.06,7,False,660,559,-7,-7,[814],[870],[-4],[3],"[1603, 908, 840, 412, 1200]","[1603, 908, 840, 412, 1200]","[277, -498, 147, 134, -84]","[71, 44, 12, 0, -1]","[1143, 1808, 1662, 1636, 1015, 194, 1441, 1119, 105, 308, 300, 1357, 958, 1053, 953, 764, 1211, 1295, 809, 1106, 1248, 955, 637, 1090, 1639, 938, 875, 446, 1242]","[367, 378, 882, 161, 549, 333, 379, 755, 568, 958, 700, 90, 388, 92, 188, 379, 881, 695, 665, 710, 694, 750, 741, 716, 955, 836, 949, 940, 823]","[-5, 5, 5, 4, -4, -5, -5, 5, -5, 5, -5, 4, 5, 0, 0, 1, -5, 4, -4, -4, -4, 3, 3, -4, -5, -5, 0, -1, -5]","[2, -3, 0, -3, 3, -1, 2, 0, -2, -1, -1, -4, -2, -5, -5, -5, 0, -3, -3, -4, -3, -4, -4, -3, -1, -2, -5, -5, 0]"
46,12.4,7,False,711,530,8,5,[734],[930],[-4],[3],"[1679, 708, 899, 481, 1148]","[1679, 708, 899, 481, 1148]","[151, -458, 175, 250, -120]","[71, 64, 12, 0, 39]","[1043, 1894, 1762, 1703, 918, 94, 1341, 1219, 9, 408, 200, 1433, 1058, 953, 769, 1111, 1374, 729, 1026, 1152, 1015, 697, 1010, 1539, 838, 875, 428, 1142]","[407, 318, 882, 80, 600, 313, 407, 755, 519, 924, 680, 10, 348, 88, 279, 881, 624, 605, 630, 634, 670, 661, 656, 935, 786, 849, 840, 823]","[-5, 4, 5, 2, -5, -5, -5, 5, -4, 5, -5, 3, 5, 0, 0, -5, 3, -4, -4, -5, 3, 3, -4, -5, -5, 0, 0, -5]","[2, -3, 0, -5, 2, -1, 1, 0, -3, -2, -1, -4, -2, -5, -5, 0, -4, -3, -4, -3, -4, -4, -3, -1, -3, -5, -5, 0]"
47,12.72,6,False,852,654,7,6,[654],[990],[-4],[3],"[1700, 531, 959, 592, 1088]","[1700, 531, 959, 592, 1088]","[11, -381, 195, 345, -140]","[71, 84, 12, 0, 79]","[943, 1862, 1241, 1319, 508, 100, 1158, 779, 1011, 1433, 649, 946, 1052, 1075, 757, 930, 1439, 738, 875, 428, 1042]","[447, 874, 427, 755, 884, 660, 308, 179, 881, 539, 545, 550, 574, 570, 581, 596, 915, 726, 749, 740, 822]","[-5, 5, -5, 5, 5, -5, 5, 1, -5, 2, -4, -4, -5, 3, 3, -4, -5, -5, 0, 0, -5]","[2, -1, 1, 0, -2, -1, -2, -5, 0, -5, -3, -4, -3, -5, -4, -3, -1, -3, -5, -5, -1]"
48,13.03,6,False,1004,720,7,6,[574],[1050],[-4],[3],"[1662, 387, 1019, 731, 1017]","[1662, 387, 1019, 731, 1017]","[-151, -293, 174, 393, -172]","[49, 82, -10, -21, 87]","[843, 1141, 1419, 608, 1258, 803, 911, 1471, 569, 866, 952, 1135, 817, 850, 1339, 638, 875, 428, 942, 1681, 550, 1002, 745, 1044]","[487, 463, 755, 844, 268, 79, 881, 439, 485, 470, 518, 470, 501, 536, 895, 666, 649, 640, 802, 990, 866, 899, 916, 843]","[-5, -5, 5, 5, 5, 2, -5, 1, -4, -4, -5, 3, 3, -4, -5, -5, 0, 0, -5, -5, 5, -2, 4, -5]","[2, 2, 0, -2, -2, -5, 0, -5, -3, -4, -2, -5, -4, -3, -1, -3, -5, -5, -1, -2, -2, -5, -3, 0]"
49,13.35,6,False,1179,720,9,4,[],[],[],[],"[1558, 279, 1071, 871, 931]","[1558, 279, 1071, 871, 931]","[-312, -198, 129, 397, -207]","[9, 62, -44, -41, 67]","[746, 1041, 1519, 708, 1358, 811, 1486, 489, 786, 852, 1195, 892, 770, 1239, 550, 875, 439, 842, 1581, 650, 962, 825, 944]","[542, 503, 755, 804, 228, 881, 339, 425, 390, 478, 370, 421, 476, 875, 606, 549, 540, 782, 950, 826, 799, 856, 843]","[-4, -5, 5, 5, 5, -5, 0, -4, -4, -5, 3, 4, -4, -5, -4, 0, 1, -5, -5, 5, -2, 4, -5]","[3, 2, 0, -2, -2, 0, -5, -3, -4, -2, -5, -4, -3, -1, -3, -5, -5, -1, -2, -2, -5, -3, 0]"
50,13.68,6,False,1200,720,0,9,[1235],[795],[0],[5],"[1395, 214, 1100, 1011, 831]","[1395, 214, 1100, 1011, 831]","[-445, -83, 69, 370, -222]","[-31, 42, -64, -61, 47]","[666, 949, 1619, 808, 1458, 711, 1483, 409, 706, 752, 1255, 972, 690, 1139, 470, 875, 474, 742, 1481, 750, 922, 905, 844, 1434, 254, 1150, 1053, 871]","[602, 559, 755, 764, 188, 881, 239, 365, 310, 438, 284, 341, 416, 855, 546, 449, 440, 762, 910, 786, 699, 796, 843, 992, 923, 903, 886, 884]","[-4, -4, 5, 5, 5, -5, -1, -4, -4, -5, 3, 4, -4, -5, -4, 0, 2, -5, -5, 5, -2, 4, -5, 0, 5, 4, -1, 5]","[3, 3, 0, -2, -2, 0, -5, -3, -4, -2, -4, -4, -3, -1, -3, -5, -5, -1, -2, -2, -5, -3, 0, -5, -2, -3, -5, 1]"
51,14.0,6,False,1271,720,9,4,[1235],[895],[0],[5],"[1185, 196, 1106, 1140, 731]","[1185, 196, 1106, 1140, 731]","[-543, 37, 9, 318, -217]","[-71, 22, -84, -81, 27]","[590, 869, 1719, 908, 1558, 611, 1419, 329, 626, 652, 1315, 1052, 610, 1039, 390, 875, 534, 642, 1381, 850, 882, 985, 744, 1434, 354, 1230, 1033, 971]","[679, 623, 755, 724, 154, 881, 172, 294, 230, 398, 204, 273, 356, 835, 486, 349, 355, 742, 870, 746, 599, 736, 843, 892, 883, 843, 786, 904]","[-3, -4, 5, 5, 5, -5, -5, -4, -4, -5, 3, 4, -4, -5, -4, 0, 4, -5, -5, 5, -2, 4, -5, 0, 5, 4, -1, 5]","[4, 4, 0, -2, -1, 0, 0, -4, -4, -2, -4, -3, -3, -1, -3, -5, -4, -1, -2, -2, -5, -3, 0, -5, -2, -3, -5, 1]"
52,14.33,6,False,1451,720,9,3,[1235],[995],[0],[5],"[946, 226, 1088, 1243, 636]","[946, 226, 1088, 1243, 636]","[-596, 157, -51, 242, -192]","[-105, 2, -94, -85, 7]","[536, 804, 1819, 1008, 1658, 511, 1335, 255, 547, 552, 1386, 1132, 530, 939, 316, 879, 614, 542, 1281, 950, 842, 1065, 644, 1434, 454, 1310, 1024, 1071]","[769, 705, 755, 703, 134, 881, 220, 214, 150, 358, 124, 213, 294, 815, 406, 249, 288, 722, 830, 706, 499, 676, 843, 792, 843, 783, 686, 924]","[-2, -3, 5, 5, 5, -5, -3, -3, -3, -5, 4, 4, -4, -5, -3, 1, 4, -5, -5, 5, -2, 4, -5, 0, 5, 4, 0, 5]","[5, 5, 0, -1, -1, 0, 4, -4, -4, -2, -4, -3, -4, -1, -4, -5, -3, -1, -2, -2, -5, -3, 0, -5, -2, -3, -5, 1]"
53,14.66,6,False,1538,720,8,4,[],[],[],[],"[700, 305, 1048, 1312, 562]","[700, 305, 1048, 1312, 562]","[-576, 290, -83, 169, -130]","[-103, 4, -72, -63, 9]","[520, 781, 1919, 1108, 1758, 411, 1309, 201, 488, 452, 1470, 1224, 483, 839, 268, 899, 714, 442, 1181, 1050, 814, 1145, 544, 1434, 554, 1390, 1024, 1171, 916, 356, 1172, 1330, 693]","[869, 805, 755, 683, 116, 881, 319, 125, 67, 307, 64, 153, 205, 795, 313, 149, 244, 702, 790, 666, 399, 616, 843, 692, 803, 723, 586, 933, 893, 924, 820, 851, 887]","[0, 0, 5, 5, 5, -5, 0, -2, -2, -5, 5, 5, 0, -5, -1, 1, 5, -5, -5, 5, -1, 4, -5, 0, 5, 4, 0, 5, 5, 5, 5, 0, 5]","[5, 5, 0, -1, 0, 0, 5, -5, -5, -3, -2, -3, -5, -1, -5, -5, -2, -1, -2, -2, -5, -3, 0, -5, -2, -3, -5, 0, 0, 0, 1, 5, 0]"
54,15.0,6,False,1573,720,-9,0,[],[],[],[],"[475, 440, 1008, 1358, 520]","[475, 440, 1008, 1358, 520]","[-493, 420, -83, 109, -31]","[-73, 24, -32, -23, 29]","[549, 807, 1208, 1858, 311, 1309, 195, 370, 1570, 1324, 570, 739, 280, 941, 814, 342, 1081, 1150, 794, 1238, 444, 1434, 654, 1470, 1024, 1271, 1016, 456, 1272, 1348, 793]","[967, 903, 663, 116, 881, 419, 25, 246, 32, 113, 175, 775, 213, 49, 222, 682, 750, 626, 299, 556, 842, 592, 763, 663, 486, 933, 893, 924, 840, 951, 887]","[3, 3, 5, 5, -5, 0, 2, -4, 5, 5, 5, -5, 3, 3, 5, -5, -5, 5, -1, 5, -5, 0, 5, 4, 0, 5, 5, 5, 5, 1, 5]","[4, 4, -1, 0, 0, 5, -5, -4, -1, -2, 0, -1, -5, -5, -1, -1, -2, -2, -5, -3, -1, -5, -2, -3, -5, 0, 0, 0, 1, 5, 0]"
55,15.33,6,False,1393,720,-9,0,[1451],[759],[-5],[0],"[293, 620, 968, 1375, 518]","[293, 620, 968, 1375, 518]","[-367, 517, -83, 31, 69]","[-33, 44, 8, 17, 49]","[623, 881, 1308, 211, 1327, 332, 1670, 1424, 670, 639, 365, 914, 242, 981, 1250, 787, 1338, 344, 1434, 754, 1550, 1024, 1371, 1116, 556, 1372, 1373, 893, 337, 660, 1008, 1413, 558]","[1037, 973, 643, 881, 519, 155, 30, 77, 193, 755, 156, 219, 657, 710, 586, 199, 496, 822, 492, 723, 603, 386, 933, 893, 924, 860, 1051, 887, 788, 911, 755, 759, 879]","[4, 4, 5, -5, 1, 2, 5, 5, 5, -5, 5, 5, -5, -5, 5, 0, 5, -5, 0, 5, 4, 0, 5, 5, 5, 5, 2, 5, 5, 5, 5, 3, 5]","[3, 3, -1, 0, 5, -5, 0, -1, 1, -1, -1, 0, -2, -2, -2, -5, -3, -1, -5, -2, -3, -5, 0, 0, 0, 1, 5, 0, 0, -1, 0, 4, -1]"
56,15.66,6,False,1213,689,-9,-3,[1351],[759],[-5],[0],"[168, 831, 928, 1362, 556]","[168, 831, 928, 1362, 556]","[-212, 576, -67, -49, 169]","[7, 64, 48, 57, 69]","[981, 1408, 111, 1347, 426, 1767, 1524, 770, 539, 465, 1014, 142, 881, 1350, 787, 1438, 253, 1434, 854, 1630, 1040, 1471, 1216, 656, 1472, 993, 437, 760, 1108, 1473, 658]","[1012, 633, 881, 619, 137, 66, 57, 233, 717, 148, 219, 617, 670, 546, 99, 453, 771, 392, 690, 543, 286, 933, 893, 924, 880, 887, 788, 891, 755, 839, 859]","[5, 5, -5, 1, 5, 4, 5, 5, -5, 5, 5, -5, -5, 5, 0, 5, -3, 0, 5, 4, 1, 5, 5, 5, 5, 5, 5, 5, 5, 3, 5]","[1, 0, 0, 5, 1, 3, -1, 2, -2, 0, 0, -2, -2, -2, -5, -2, -4, -5, -1, -3, -5, 0, 0, 0, 1, 0, 0, -1, 0, 4, -1]"
57,16.0,6,False,1230,628,8,4,[1251],[759],[-5],[0],"[110, 1051, 892, 1318, 630]","[110, 1051, 892, 1318, 630]","[-34, 591, -47, -110, 251]","[47, 73, 88, 97, 89]","[1081, 1508, 11, 1352, 526, 1829, 1624, 870, 439, 565, 1114, 50, 781, 1450, 1538, 242, 1434, 954, 1710, 1060, 1571, 1316, 756, 1572, 1093, 537, 860, 1208, 1533, 758]","[1025, 633, 881, 719, 166, 148, 48, 273, 677, 148, 219, 565, 630, 506, 413, 675, 292, 670, 483, 186, 933, 893, 924, 900, 887, 788, 871, 755, 919, 839]","[5, 5, -5, 0, 5, 2, 5, 5, -5, 5, 5, -4, -5, 5, 5, 2, 0, 5, 4, 1, 5, 5, 5, 5, 5, 5, 5, 5, 3, 5]","[0, 0, 0, 5, 2, 5, 0, 2, -2, 0, 0, -3, -2, -2, -2, -5, -5, -1, -3, -5, 0, 0, 0, 1, 0, 0, -1, 0, 4, -1]"
58,16.33,6,False,1287,720,0,9,[1151],[759],[-5],[0],"[122, 1268, 872, 1249, 730]","[122, 1268, 872, 1249, 730]","[124, 540, -49, -190, 296]","[65, 51, 106, 115, 83]","[1181, 1608, 1352, 626, 1844, 1724, 970, 339, 665, 1214, 681, 1550, 1638, 326, 1434, 1054, 1790, 1090, 1671, 1416, 856, 1672, 1193, 637, 960, 1308, 1593, 858, 212, 1210, 983, 1281, 776]","[1025, 633, 819, 206, 248, 48, 326, 637, 163, 232, 590, 466, 373, 616, 192, 650, 423, 86, 933, 893, 924, 920, 887, 788, 851, 755, 999, 819, 791, 905, 812, 800, 914]","[5, 5, 0, 5, 0, 5, 5, -5, 5, 5, -5, 5, 5, 5, 0, 5, 4, 2, 5, 5, 5, 5, 5, 5, 5, 5, 3, 5, 5, 1, 5, -5, 5]","[0, 0, 5, 2, 5, 0, 3, -2, 1, 1, -2, -2, -2, -2, -5, -1, -3, -5, 0, 0, 0, 1, 0, 0, -1, 0, 4, -1, 0, -5, 1, -1, -2]"
59,16.66,6,False,1248,720,-3,9,[1051],[763],[-5],[1],"[191, 1452, 833, 1146, 847]","[191, 1452, 833, 1146, 847]","[257, 430, -56, -268, 302]","[65, 11, 99, 104, 43]","[1281, 1708, 1352, 726, 1839, 1824, 1056, 239, 765, 1314, 581, 1650, 1738, 426, 1434, 1154, 1870, 1771, 1516, 956, 1772, 1293, 737, 1060, 1408, 1653, 958, 312, 1230, 1083, 1181, 876]","[1016, 633, 919, 246, 348, 55, 386, 597, 184, 252, 548, 428, 333, 593, 92, 630, 363, 933, 893, 924, 940, 887, 788, 831, 755, 1079, 799, 791, 805, 832, 780, 874]","[5, 5, 0, 5, -1, 5, 4, -5, 5, 5, -5, 5, 5, 5, 0, 5, 4, 5, 5, 5, 5, 5, 5, 5, 5, 3, 5, 5, 1, 5, -5, 5]","[-1, 0, 5, 2, 5, 1, 3, -2, 2, 1, -3, -1, -2, -1, -5, -1, -3, 0, 0, 0, 1, 0, 0, -1, 0, 4, -1, 0, -5, 1, -1, -2]"
60,17.0,6,False,1111,720,-8,5,[951],[783],[-5],[1],"[309, 1585, 793, 1016, 952]","[309, 1585, 793, 1016, 952]","[370, 288, -56, -322, 285]","[65, -29, 79, 84, 3]","[1381, 1808, 1352, 826, 1811, 1136, 139, 865, 1414, 481, 1750, 1838, 526, 1254, 1871, 1616, 1056, 1872, 1393, 837, 1160, 1508, 1058, 412, 1250, 1183, 1081, 976, 354, 1622, 844, 1057, 986]","[990, 633, 1019, 305, 448, 446, 557, 224, 290, 488, 408, 293, 590, 610, 933, 893, 924, 960, 887, 788, 811, 755, 779, 791, 705, 837, 760, 834, 833, 954, 885, 882, 951]","[5, 5, 0, 5, -2, 4, -5, 5, 5, -5, 5, 5, 5, 5, 5, 5, 5, 5, 5, 5, 5, 5, 5, 5, 1, 5, -5, 5, 5, -4, 4, 1, -1]","[-2, 0, 5, 3, 5, 3, -2, 2, 2, -3, -1, -2, 0, -1, 0, 0, 0, 1, 0, 0, -1, 0, -1, 0, -5, 0, -1, -2, 1, -4, 4, -5, -5]"
61,17.33,6,False,951,720,-8,5,"[851, 997]","[803, 774]","[-5, -5]","[1, 3]","[467, 1657, 753, 876, 1050]","[467, 1657, 753, 876, 1050]","[458, 128, -53, -350, 247]","[54, -63, 59, 64, -37]","[1475, 1908, 907, 1762, 1216, 39, 965, 1514, 388, 1850, 626, 1354, 1716, 1156, 1493, 937, 1260, 1608, 1158, 512, 1270, 1283, 981, 1076, 454, 1542, 924, 1077, 966]","[941, 633, 365, 545, 507, 503, 264, 337, 428, 388, 590, 590, 893, 924, 887, 788, 791, 755, 759, 791, 605, 837, 740, 794, 853, 874, 959, 782, 851]","[4, 5, 4, -3, 4, -5, 5, 5, -4, 5, 5, 5, 5, 5, 5, 5, 5, 5, 5, 5, 1, 5, -5, 5, 5, -4, 4, 1, -1]","[-3, 0, 3, 4, 4, -3, 2, 3, -3, -1, 0, -1, 0, 0, 0, 0, -1, 0, -1, 0, -5, 0, -1, -2, 1, -4, 3, -5, -5]"
62,17.66,6,False,804,720,-7,6,"[751, 897]","[823, 834]","[-5, -5]","[1, 3]","[652, 1662, 731, 720, 1126]","[652, 1662, 731, 720, 1126]","[509, -50, -33, -347, 190]","[34, -83, 39, 44, -59]","[1539, 987, 1697, 1293, 1061, 1594, 308, 726, 1454, 1816, 1256, 1593, 1037, 1360, 1708, 1258, 612, 1290, 1383, 881, 1176, 554, 1462, 1004, 1097, 946]","[862, 425, 625, 587, 319, 400, 368, 590, 570, 893, 924, 887, 788, 771, 755, 739, 791, 505, 837, 720, 754, 873, 799, 1019, 682, 751]","[2, 4, -4, 3, 4, 4, -4, 5, 5, 5, 5, 5, 5, 5, 5, 5, 5, 1, 5, -5, 5, 5, -4, 4, 1, -1]","[-5, 3, 4, 4, 3, 4, -3, 0, -1, 0, 0, 0, 0, -1, 0, -1, 0, -5, 0, -1, -2, 1, -3, 3, -5, -5]"
63,18.0,5,False,791,567,-1,-9,[797],[894],[-5],[3],"[852, 1601, 582, 1183, 208]","[852, 1601, 582, 1183, 208]","[543, -189, -294, 144, 88]","[36, -81, 46, -57, 11]","[1544, 1067, 1617, 1353, 1141, 1660, 228, 1554, 1916, 1356, 1693, 1137, 1460, 1808, 1358, 712, 1296, 1483, 781, 1276, 654, 1382, 1084, 1117, 921, 842, 1631, 718, 1149, 293]","[762, 501, 693, 667, 379, 480, 308, 550, 893, 924, 887, 788, 751, 742, 710, 791, 405, 837, 700, 714, 884, 739, 1079, 582, 651, 863, 875, 861, 879, 808]","[-1, 4, -4, 3, 4, 3, -4, 5, 5, 5, 5, 5, 5, 5, 5, 5, 0, 5, -5, 5, 5, -4, 4, 1, -2, 5, -5, 3, -5, 5]","[-5, 4, 3, 4, 3, 4, -3, -1, 0, 0, 0, 0, -1, -1, -2, 0, -5, 0, -1, -2, 0, -3, 3, -5, -5, 1, 0, -5, -2, -3]"
64,18.33,5,False,646,482,-9,-1,[697],[954],[-5],[3],"[1067, 1492, 474, 1223, 267]","[1067, 1492, 474, 1223, 267]","[555, -298, -198, 104, 247]","[56, -45, 66, -37, 31]","[1496, 1139, 1526, 1399, 1221, 1699, 148, 1654, 1456, 1793, 1237, 1560, 1908, 1458, 812, 1296, 1583, 681, 1376, 754, 1302, 1129, 881, 942, 1531, 778, 1049, 393]","[671, 581, 749, 767, 450, 580, 248, 530, 924, 887, 788, 717, 720, 670, 791, 305, 837, 676, 671, 884, 679, 482, 551, 883, 875, 761, 839, 748]","[-3, 3, -5, 2, 4, 1, -4, 5, 5, 5, 5, 5, 5, 5, 5, 0, 5, -5, 5, 5, -4, 0, -2, 5, -5, 3, -5, 5]","[-4, 4, 2, 5, 4, 5, -3, -1, 0, 0, 0, -2, -2, -2, 0, -5, 0, -2, -3, 0, -3, -5, -5, 1, 0, -5, -2, -3]"
65,18.66,5,False,488,568,-6,7,[597],[1014],[-5],[3],"[1272, 1343, 410, 1245, 386]","[1272, 1343, 410, 1245, 386]","[523, -381, -82, 64, 384]","[76, -5, 69, -4, 51]","[1417, 1199, 1426, 1415, 1289, 1701, 68, 1754, 1556, 1893, 1337, 1660, 1558, 912, 1293, 1683, 581, 1471, 854, 1222, 1129, 841, 1042, 1431, 826, 949, 493, 1305, 1377, 458, 1289, 429]","[603, 664, 789, 867, 530, 680, 188, 490, 924, 873, 773, 677, 630, 791, 205, 837, 636, 611, 884, 619, 382, 451, 903, 875, 661, 799, 688, 881, 789, 960, 834, 844]","[-4, 3, -5, 0, 3, -1, -4, 5, 5, 5, 5, 5, 5, 5, -1, 5, -5, 4, 5, -4, 0, -2, 5, -5, 2, -5, 5, -5, -5, 1, -5, 3]","[-3, 5, 2, 5, 4, 5, -3, -2, 0, -1, -1, -2, -2, 0, -5, 0, -2, -3, 0, -3, -5, -5, 1, 0, -5, -2, -3, 0, 0, -5, -2, -4]"
66,19.0,5,False,467,720,1,9,[497],[1063],[-5],[2],"[1459, 1169, 392, 1252, 553]","[1459, 1169, 392, 1252, 553]","[453, -431, 38, 24, 494]","[96, 35, 69, 36, 71]","[1318, 1236, 1326, 1392, 1338, 1659, 1854, 1656, 1437, 1760, 1658, 1012, 1265, 1783, 481, 1551, 954, 1142, 1129, 801, 1142, 1331, 866, 849, 593, 1205, 1277, 478, 1189, 489]","[557, 764, 815, 967, 625, 775, 450, 924, 753, 637, 587, 791, 105, 837, 596, 551, 884, 559, 282, 351, 923, 875, 561, 759, 628, 881, 789, 860, 794, 764]","[-5, 1, -5, -3, 2, -3, 5, 5, 5, 5, 5, 5, -2, 5, -5, 4, 5, -4, 0, -2, 5, -5, 2, -5, 5, -5, -5, 1, -5, 3]","[-2, 5, 1, 5, 5, 4, -2, 0, -1, -2, -3, 0, -5, 0, -2, -3, 0, -3, -5, -5, 1, 0, -5, -2, -3, 0, 0, -5, -2, -4]"
67,19.33,4,False,595,710,9,-3,[],[],[],[],"[1608, 989, 423, 1244, 758]","[1608, 989, 423, 1244, 758]","[348, -445, 158, -16, 566]","[116, 75, 69, 76, 91]","[1218, 1242, 1226, 1319, 1354, 1583, 1756, 1537, 1860, 1747, 1112, 1209, 1883, 381, 1631, 1054, 1044, 1126, 757, 1242, 1231, 906, 749, 693, 1105, 1177, 498, 1089]","[531, 864, 835, 1038, 725, 845, 924, 733, 595, 527, 791, 17, 837, 569, 485, 884, 499, 182, 251, 943, 875, 461, 719, 568, 881, 789, 760, 754]","[-5, 0, -5, -4, 0, -4, 5, 5, 5, 4, 5, -4, 5, -5, 4, 5, -5, -1, -3, 5, -5, 2, -5, 5, -5, -5, 1, -5]","[-1, 5, 1, 3, 5, 3, 0, -1, -3, -3, 0, -4, 0, -1, -4, 0, -3, -5, -5, 1, 0, -5, -2, -3, 0, 0, -5, -2]"
68,19.66,4,False,767,662,9,2,[],[],[],[],"[1708, 809, 497, 1217, 978]","[1708, 809, 497, 1217, 978]","[195, -446, 247, -78, 574]","[95, 93, 47, 75, 89]","[1118, 1225, 1126, 1219, 1353, 1488, 1856, 1637, 1827, 1212, 281, 1706, 1154, 944, 1106, 697, 1342, 1131, 946, 649, 793, 1005, 1077, 518, 989, 1656, 883, 499, 1228, 851]","[511, 964, 855, 1077, 825, 895, 924, 713, 462, 791, 549, 405, 884, 451, 82, 155, 950, 875, 361, 679, 508, 881, 789, 660, 714, 943, 788, 955, 837, 930]","[-5, -2, -5, -5, -1, -5, 5, 5, 4, 5, -5, 3, 5, -5, -1, -3, 5, -5, 2, -5, 5, -5, -5, 1, -5, -5, -5, 0, -5, -5]","[-1, 5, 1, 1, 5, 2, 0, -1, -4, 0, -1, -4, 0, -2, -5, -4, 0, 0, -5, -2, -3, 0, 0, -5, -2, -2, -2, -5, -2, 3]"
69,20.0,4,False,845,720,1,9,[883],[763],[0],[5],"[1739, 629, 598, 1160, 1188]","[1739, 629, 598, 1160, 1188]","[15, -429, 300, -158, 520]","[55, 93, 7, 55, 69]","[1018, 1175, 1026, 1327, 1388, 1737, 1894, 1312, 181, 1766, 1254, 844, 637, 1442, 1031, 986, 549, 893, 905, 977, 538, 889, 1556, 783, 499, 1128, 751]","[507, 1057, 875, 925, 935, 693, 382, 791, 529, 324, 884, 411, 75, 950, 875, 261, 639, 457, 881, 789, 560, 674, 903, 748, 855, 797, 970]","[-5, -3, -5, -2, -5, 5, 3, 5, -5, 3, 5, -5, -3, 5, -5, 2, -5, 5, -5, -5, 1, -5, -5, -5, 0, -5, -5]","[0, 4, 1, 5, 2, -1, -4, 0, -1, -5, 0, -2, -4, 0, 0, -5, -2, -2, 0, 0, -5, -2, -2, -2, -5, -2, 2]"
70,20.33,4,False,926,720,6,7,[892],[863],[1],[5],"[1697, 457, 718, 1074, 1368]","[1697, 457, 718, 1074, 1368]","[-165, -377, 331, -218, 428]","[15, 73, -33, 35, 41]","[918, 926, 1279, 1288, 1837, 1412, 81, 1811, 1354, 744, 1542, 931, 1026, 449, 993, 805, 877, 558, 789, 1456, 683, 499, 1028, 651, 1727, 501, 758, 1105, 1400]","[507, 875, 1021, 955, 673, 791, 500, 224, 884, 371, 950, 875, 161, 599, 417, 881, 789, 460, 634, 863, 708, 755, 757, 1010, 992, 858, 994, 877, 935]","[-5, -5, -3, -5, 5, 5, -5, 2, 5, -5, 5, -5, 2, -5, 5, -5, -5, 1, -5, -5, -5, 0, -5, -5, -5, 5, 0, -4, -3]","[0, 0, 4, 1, -1, 0, -2, -5, 0, -2, 0, 0, -5, -2, -2, 0, 0, -5, -2, -2, -2, -5, -2, 2, -2, -2, -5, -3, -4]"
71,20.66,4,False,1105,699,9,0,[912],[963],[1],[5],"[1584, 314, 838, 968, 1505]","[1584, 314, 838, 968, 1505]","[-333, -290, 339, -261, 301]","[-25, 53, -73, 15, 1]","[818, 826, 1188, 1512, 1827, 1454, 644, 1638, 831, 1066, 349, 1093, 705, 777, 598, 689, 1356, 583, 499, 928, 551, 1627, 601, 758, 1025, 1340]","[507, 875, 975, 791, 124, 884, 331, 920, 875, 61, 559, 377, 881, 789, 360, 594, 823, 667, 655, 717, 1050, 952, 818, 894, 817, 855]","[-5, -5, -5, 5, 0, 5, -5, 4, -5, 2, -5, 5, -5, -5, 2, -5, -5, -5, 0, -5, -5, -5, 5, 0, -4, -3]","[0, 0, 1, 0, -5, 0, -2, -3, 0, -5, -2, -2, 0, 0, -5, -2, -2, -3, -5, -2, 2, -2, -2, -5, -3, -4]"
72,21.0,4,False,1285,700,9,0,[927],[1063],[1],[5],"[1411, 211, 958, 848, 1586]","[1411, 211, 958, 848, 1586]","[-472, -180, 323, -281, 154]","[-65, 33, -107, -5, -23]","[718, 726, 1088, 1612, 1812, 1554, 544, 1673, 731, 249, 1193, 605, 677, 638, 589, 1256, 495, 499, 828, 451, 1527, 701, 758, 945, 1280]","[507, 875, 983, 791, 24, 884, 291, 830, 875, 518, 337, 881, 789, 260, 554, 783, 607, 555, 677, 1075, 912, 778, 794, 757, 775]","[-5, -5, -5, 5, -2, 5, -5, 0, -5, -5, 5, -5, -5, 2, -5, -5, -4, 0, -5, -5, -5, 5, 0, -4, -3]","[0, 0, 0, 0, -5, 0, -2, -5, 0, -3, -2, 0, 0, -5, -2, -2, -3, -5, -2, 1, -2, -2, -5, -3, -4]"
73,21.31,4,False,1359,720,3,9,[],[],[],[],"[1195, 157, 1078, 728, 1606]","[1195, 157, 1078, 728, 1606]","[-550, -36, 304, -254, 16]","[-72, 35, -105, -3, -21]","[626, 988, 1712, 1654, 444, 1648, 631, 156, 1293, 505, 577, 693, 489, 1156, 423, 509, 728, 1427, 801, 758, 865, 1220, 1368, 267, 1109, 872, 1596]","[875, 983, 791, 884, 251, 731, 875, 458, 308, 881, 789, 165, 514, 743, 533, 455, 637, 872, 738, 694, 697, 695, 884, 868, 864, 826, 912]","[-5, -5, 5, 5, -5, -2, -5, -4, 5, -5, -5, 3, -5, -5, -3, 1, -5, -5, 5, 0, -4, -3, 2, 5, 4, 4, -5]","[0, 0, 0, 0, -2, -4, 0, -3, -1, 0, 0, -4, -2, -2, -4, -5, -2, -2, -2, -5, -3, -4, -5, -1, -3, -4, -1]"
74,21.65,4,False,1237,720,-9,3,[],[],[],[],"[955, 170, 1182, 631, 1578]","[955, 170, 1182, 631, 1578]","[-565, 140, 280, -188, -104]","[-52, 55, -73, 17, -1]","[526, 888, 1812, 1754, 344, 1580, 531, 76, 1393, 405, 477, 753, 389, 1056, 409, 529, 628, 1327, 901, 758, 785, 1160, 1408, 367, 1189, 952, 1496]","[875, 983, 791, 884, 211, 656, 875, 396, 288, 881, 789, 85, 474, 703, 433, 355, 597, 832, 698, 594, 617, 615, 784, 848, 804, 753, 892]","[-5, -5, 5, 5, -5, -4, -5, -4, 5, -5, -5, 3, -5, -5, 1, 1, -5, -5, 5, 0, -4, -3, 2, 5, 4, 4, -5]","[0, 0, 0, 0, -2, -3, 0, -4, -1, 0, 0, -4, -2, -2, -5, -5, -2, -2, -2, -5, -4, -4, -5, -1, -3, -3, -1]"
75,21.98,4,False,1147,610,-2,-9,[],[],[],[],"[724, 250, 1277, 562, 1504]","[724, 250, 1277, 562, 1504]","[-530, 300, 236, -108, -210]","[-32, 75, -33, 37, 19]","[426, 788, 1912, 1854, 244, 1487, 431, 8, 1493, 305, 377, 833, 289, 956, 482, 569, 528, 1227, 1001, 769, 705, 1100, 1437, 467, 1269, 1032, 1396, 766, 295, 1314, 601, 1534]","[875, 983, 791, 884, 182, 609, 859, 315, 276, 881, 789, 6, 434, 663, 363, 255, 557, 792, 658, 494, 537, 535, 684, 828, 744, 693, 872, 852, 908, 787, 849, 876]","[-5, -5, 5, 5, -5, -5, -5, -3, 5, -5, -5, 4, -5, -5, 5, 2, -5, -5, 5, 1, -4, -3, 1, 5, 4, 4, -5, 4, 5, -5, 4, -5]","[0, 0, 0, 0, -1, -2, -1, -5, 0, 0, 0, -3, -2, -2, -2, -5, -2, -2, -2, -5, -4, -4, -5, -1, -3, -3, -1, -3, -2, 0, -4, -3]"
76,22.32,4,False,1207,518,7,6,[],[],[],[],"[516, 391, 1349, 530, 1392]","[516, 391, 1349, 530, 1392]","[-452, 439, 176, -9, -299]","[-9, 95, 7, 57, 39]","[326, 688, 144, 1387, 331, 1593, 205, 277, 189, 856, 582, 612, 428, 1127, 1101, 789, 636, 1040, 1447, 567, 1349, 1112, 1296, 846, 395, 1214, 681, 1434]","[867, 962, 162, 569, 839, 276, 871, 789, 394, 623, 343, 155, 513, 752, 618, 394, 457, 455, 584, 808, 669, 633, 852, 792, 868, 787, 769, 816]","[-5, -5, -5, -5, -5, 5, -5, -5, -5, -5, 5, 3, -5, -5, 5, 1, -3, -3, 0, 5, 4, 4, -5, 4, 5, -5, 4, -5]","[-1, -2, -1, -2, -1, 0, -1, 0, -2, -2, 0, -5, -3, -2, -2, -5, -4, -4, -5, -1, -4, -3, -1, -3, -2, 0, -4, -3]"
77,22.65,4,False,1310,636,-9,0,[1352],[642],[4],[3],"[349, 580, 1396, 538, 1247]","[349, 580, 1396, 538, 1247]","[-338, 546, 100, 91, -363]","[31, 103, 47, 77, 59]","[266, 599, 44, 1287, 231, 1693, 105, 177, 89, 756, 682, 672, 328, 1027, 1201, 809, 576, 980, 1447, 667, 1429, 1192, 1196, 928, 495, 1114, 761, 1334]","[794, 906, 147, 547, 819, 276, 851, 789, 352, 583, 343, 69, 453, 712, 578, 294, 377, 375, 484, 788, 589, 573, 829, 732, 828, 772, 693, 756]","[0, -4, -5, -5, -5, 5, -5, -5, -5, -5, 5, 3, -5, -5, 5, 1, -3, -3, 0, 5, 4, 4, -5, 5, 5, -5, 4, -5]","[-5, -4, 0, -1, -1, 0, -1, 0, -3, -2, 0, -4, -3, -2, -2, -5, -4, -4, -5, -1, -4, -3, -2, -3, -2, -1, -3, -3]"
78,22.98,4,False,1130,623,-9,-1,[1432],[702],[4],[3],"[231, 800, 1406, 583, 1081]","[231, 800, 1406, 583, 1081]","[-215, 589, -2, 161, -416]","[49, 81, 65, 75, 57]","[325, 556, 91, 1187, 131, 1793, 5, 77, 656, 782, 244, 927, 1301, 841, 523, 920, 1447, 767, 1509, 1272, 1096, 1028, 595, 1014, 841, 1234, 374, 786, 1455, 659, 1228]","[715, 813, 203, 527, 793, 276, 820, 789, 524, 343, 393, 672, 538, 194, 280, 295, 384, 768, 509, 513, 789, 672, 788, 752, 633, 696, 806, 976, 732, 881, 848]","[4, -1, 5, -5, -5, 5, -5, -5, -5, 5, -4, -5, 5, 2, -2, -3, 0, 5, 4, 4, -5, 5, 5, -5, 4, -5, 5, 5, 0, 5, 2]","[-3, -5, 2, -1, -2, 0, -2, 0, -3, 0, -3, -2, -2, -5, -5, -4, -5, -1, -4, -3, -2, -3, -2, -1, -3, -3, -2, -1, -5, -2, -5]"
79,23.31,4,False,1073,521,9,-3,[1512],[762],[4],[3],"[160, 1020, 1370, 644, 898]","[160, 1020, 1370, 644, 898]","[-95, 570, -122, 201, -453]","[49, 41, 65, 55, 37]","[423, 556, 191, 1087, 31, 1893, 556, 882, 164, 827, 1401, 881, 483, 860, 1419, 867, 1589, 1352, 996, 1128, 695, 914, 921, 1134, 474, 886, 1455, 759, 1268]","[670, 713, 243, 521, 753, 292, 464, 356, 333, 632, 498, 94, 180, 215, 284, 748, 429, 453, 749, 612, 748, 732, 573, 636, 766, 956, 632, 841, 748]","[5, 1, 5, -5, -5, 5, -5, 5, -4, -5, 5, 2, -2, -3, -2, 5, 4, 4, -5, 5, 5, -5, 4, -5, 5, 5, 0, 5, 2]","[-2, -5, 2, 0, -2, 1, -3, 1, -3, -2, -2, -5, -5, -4, -5, -1, -4, -3, -2, -3, -2, -1, -3, -3, -2, -1, -5, -2, -5]"
80,23.65,3,False,1168,655,-1,9,[1592],[831],[4],[4],"[141, 1228, 1288, 724, 698]","[141, 1228, 1288, 724, 698]","[45, 508, -226, 226, -451]","[49, 1, 65, 35, 17]","[523, 592, 291, 460, 982, 84, 727, 1501, 464, 800, 1352, 967, 1668, 1432, 896, 1228, 795, 814, 1001, 1052, 574, 986, 1438, 859, 1308, 181, 1263, 1327, 764, 738]","[633, 614, 283, 404, 376, 269, 592, 458, 80, 135, 207, 728, 349, 393, 709, 552, 708, 712, 513, 576, 726, 936, 532, 801, 648, 827, 1001, 824, 924, 914]","[5, 3, 5, -4, 5, -4, -5, 5, 0, -3, -4, 5, 3, 4, -5, 5, 5, -5, 4, -4, 5, 5, -1, 5, 2, 5, 0, -2, 5, 5]","[-1, -4, 2, -3, 1, -4, -2, -2, -5, -4, -3, -1, -4, -3, -2, -3, -2, -1, -3, -3, -2, -1, -5, -2, -5, -1, -5, -5, -2, -2]"
81,23.98,3,False,1103,720,0,9,[1672],[911],[4],[4],"[179, 1402, 1169, 804, 518]","[179, 1402, 1169, 804, 518]","[179, 407, -312, 236, -412]","[49, -39, 58, 15, -3]","[623, 661, 391, 380, 1082, 8, 627, 1601, 740, 1255, 1067, 1728, 1512, 796, 1328, 895, 714, 1081, 964, 674, 1086, 1418, 959, 1348, 281, 1263, 1287, 864, 838]","[613, 537, 323, 344, 402, 189, 552, 418, 55, 178, 708, 269, 333, 669, 492, 668, 681, 453, 516, 686, 916, 432, 761, 548, 807, 901, 724, 884, 874]","[5, 4, 5, -4, 5, -3, -5, 5, -3, -5, 5, 3, 4, -5, 5, 5, -5, 4, -5, 5, 5, -1, 5, 2, 5, 0, -2, 5, 5]","[-1, -3, 2, -3, 2, -4, -2, -2, -4, 0, -1, -4, -3, -2, -3, -2, -2, -3, -3, -2, -1, -5, -2, -5, -1, -5, -5, -2, -2]"
82,24.31,2,False,1111,684,3,-9,[1741],[991],[3],[4],"[265, 1528, 1021, 884, 358]","[265, 1528, 1021, 884, 358]","[299, 276, -370, 231, -339]","[49, -79, 38, -5, -23]","[723, 750, 491, 300, 1182, 527, 1701, 1155, 1788, 1592, 696, 1428, 995, 614, 1161, 864, 774, 1186, 1379, 1059, 1388, 381, 1263, 1247, 964, 938]","[597, 483, 363, 284, 442, 512, 378, 200, 189, 273, 629, 432, 628, 641, 393, 456, 646, 896, 332, 721, 448, 787, 801, 624, 844, 834]","[5, 5, 5, -4, 5, -5, 5, -5, 3, 4, -5, 5, 5, -5, 4, -5, 5, 5, -2, 5, 2, 5, 0, -2, 5, 5]","[0, -2, 2, -3, 2, -2, -2, 2, -4, -3, -2, -3, -2, -2, -3, -3, -2, -1, -5, -2, -5, -1, -5, -5, -2, -2]"
83,24.65,1,False,1012,627,-8,4,[1801],[1071],[3],[4],"[399, 1601, 861, 964, 236]","[399, 1601, 861, 964, 236]","[416, 146, -376, 233, -213]","[68, -85, 40, -3, -21]","[850, 591, 220, 1282, 427, 1801, 1073, 1848, 1672, 596, 1528, 514, 1241, 764, 874, 1286, 1329, 1159, 1428, 481, 1263, 1207, 1064, 1038, 421, 1596, 933, 988, 386]","[446, 403, 224, 487, 463, 338, 263, 109, 213, 582, 372, 601, 333, 396, 606, 876, 236, 681, 348, 767, 701, 524, 802, 794, 834, 888, 807, 863, 877]","[5, 5, -4, 5, -5, 5, -4, 3, 4, -5, 5, -5, 4, -5, 5, 5, -3, 5, 2, 5, 0, -2, 5, 5, 5, -2, -3, 2, 5]","[-1, 2, -3, 3, -3, -2, 4, -4, -3, -3, -3, -2, -3, -3, -2, -1, -4, -2, -5, -1, -5, -5, -3, -2, 0, -5, -4, -5, -1]"
84,24.98,1,False,852,707,-8,4,[930],[732],[-5],[2],"[579, 1624, 708, 1044, 174]","[579, 1624, 708, 1044, 174]","[523, 26, -330, 233, -53]","[88, -65, 60, 17, -1]","[950, 691, 140, 1366, 327, 1901, 1008, 1895, 1752, 496, 1628, 420, 1321, 664, 974, 1386, 1260, 1259, 1454, 581, 1263, 1158, 1164, 1138, 521, 1536, 873, 1028, 486]","[426, 443, 164, 547, 403, 298, 343, 9, 148, 522, 312, 547, 273, 336, 566, 836, 157, 641, 248, 747, 601, 424, 742, 754, 834, 788, 727, 763, 857]","[5, 5, -4, 4, -5, 5, -3, 2, 4, -5, 5, -4, 4, -5, 5, 5, -4, 5, 1, 5, 0, -3, 5, 5, 5, -3, -3, 2, 5]","[-1, 2, -3, 3, -3, -2, 4, -5, -4, -3, -3, -3, -3, -3, -2, -2, -3, -2, -5, -1, -5, -5, -3, -2, 0, -5, -4, -5, -1]"
85,35.19,0,False,691,720,-9,0,[840],[779],[-5],[3],"[771, 1604, 591, 1116, 174]","[771, 1604, 591, 1116, 174]","[585, -82, -265, 220, 91]","[106, -47, 78, 35, 17]","[1040, 781, 68, 1432, 237, 954, 1824, 406, 1713, 348, 1393, 574, 1064, 1476, 1179, 1349, 1471, 1248, 1104, 1254, 1228, 611, 1482, 819, 1064, 576]","[424, 479, 110, 615, 349, 415, 76, 468, 258, 493, 219, 290, 530, 800, 109, 605, 158, 511, 343, 688, 718, 834, 704, 655, 673, 839]","[5, 5, -4, 3, -5, -3, 4, -5, 4, -4, 4, -5, 5, 5, -5, 5, 0, -1, -3, 5, 5, 5, -3, -3, 2, 5]","[0, 2, -3, 4, -3, 4, -4, -3, -3, -3, -3, -2, -2, -2, -2, -2, -5, -5, -4, -3, -2, 0, -4, -4, -5, -1]"
86,35.26,10,False,978,362,9,1,[],[],[],[],[1815],[1815],[-20],[-4],[],[],[],[]
87,35.48,10,False,1052,383,2,9,[],[],[],[],[1757],[1757],[-220],[-44],[],[],[],[]
88,35.72,10,False,1062,408,0,0,[],[],[],[],"[1622, 510]","[1622, 510]","[-396, 6]","[-71, -4]",[],[],[],[]
89,35.96,10,False,1140,346,-4,-8,[],[],[],[],"[1424, 519]","[1424, 519]","[-516, 90]","[-67, -20]",[],[],[],[]
90,36.21,10,False,989,264,-9,2,[],[],[],[],"[1193, 567, 1246]","[1193, 567, 1246]","[-577, 188, -4]","[-44, -20, 0]",[],[],[],[]
91,36.45,10,False,826,358,-8,5,[],[],[],[],"[953, 650, 1226]","[953, 650, 1226]","[-592, 268, -44]","[-4, -14, 0]",[],[],[],[]
92,36.69,10,False,647,353,-9,-4,[],[],[],[],"[713, 761, 1189, 654]","[713, 761, 1189, 654]","[-557, 331, -84, 8]","[36, 6, 0, 0]",[],[],[],[]
93,36.93,10,False,602,333,0,0,[],[],[],[],"[496, 892, 1137, 664]","[496, 892, 1137, 664]","[-476, 367, -117, 85]","[76, 26, 0, 0]",[],[],[],[]
94,37.18,10,False,602,333,0,0,[],[],[],[],"[317, 1032, 1073, 700, 1203]","[317, 1032, 1073, 700, 1203]","[-379, 353, -161, 121, -8]","[83, 22, -22, -24, -6]",[],[],[],[]
95,37.42,10,False,602,333,0,0,[],[],[],[],"[178, 1152, 990, 740, 1173]","[178, 1152, 990, 740, 1173]","[-267, 298, -205, 141, -88]","[63, 2, -42, -64, -46]",[],[],[],[]
