,HP,Power up,Player x,Player y,Player speed_x,Player speed_y,Player bullet x,Player bullet y,Player bullet speed_x,Player bullet speed_y,Enemy x,Enemy y,Enemy speed_x,Enemy speed_y,Enemy bullet x,Enemy bullet y,Enemy bullet speed_x,Enemy bullet speed_y,Humidity,Temperature,Skin conductance,Relative blood volume,Accelerations
0,10,False,817,132,8,-5,[],[],[],[],"[423, 362, 740, 913]","[423, 362, 740, 913]","[259, 221, 43, -228]","[30, 68, 55, 31]",[],[],[],[],40.8,24.5,41546.0,"[29511.0, 29015.0, 28903.0, 28759.0, 28999.0, 29271.0, 29623.0, 30087.0, 30471.0, 30839.0, 30887.0, 31095.0, 32808.0, 34600.0, 37209.0, 38969.0, 41514.0, 43866.0, 45147.0, 45387.0]",[]
1,10,False,977,51,8,-4,[],[],[],[],"[530, 454, 753, 813]","[530, 454, 753, 813]","[333, 290, 71, -237]","[55, 70, 68, 19]",[],[],[],[],40.8,24.5,41370.0,"[45339.0, 45611.0, 44970.0, 43674.0, 43162.0, 41642.0, 40937.0, 39353.0, 38761.0, 37961.0, 36488.0, 35928.0, 34904.0, 34216.0, 33480.0, 33144.0, 33304.0, 32872.0, 32776.0, 33288.0]",[]
2,10,False,972,61,-7,6,[],[],[],[],"[667, 570, 773, 710, 885]","[667, 570, 773, 710, 885]","[365, 327, 56, -246, -43]","[75, 58, 65, -13, -21]","[695, 577, 823, 816, 940]","[602, 758, 755, 746, 789]","[5, 2, 1, 2, 0]","[-3, -5, -5, -5, -5]",40.8,24.5,41066.0,"[30599.0, 30743.0, 30663.0, 30343.0, 30295.0, 30375.0, 30567.0, 30407.0, 30487.0, 30983.0, 30599.0, 30679.0, 30391.0, 30423.0, 30663.0, 30599.0, 30231.0, 30343.0, 31255.0, 32599.0]",[]
3,10,False,877,216,-4,8,[],[],[],[],"[799, 690, 774, 597, 848]","[799, 690, 774, 597, 848]","[338, 314, -1, -249, -86]","[54, 30, 29, -48, -74]","[778, 617, 843, 856, 940]","[542, 658, 655, 646, 689]","[4, 2, 1, 2, 0]","[-3, -5, -5, -5, -5]",40.8,24.5,41290.0,"[35352.0, 37273.0, 39529.0, 42138.0, 44442.0, 46411.0, 47051.0, 48075.0, 48315.0, 47707.0, 46667.0, 46107.0, 44090.0, 42938.0, 42026.0, 40361.0, 38873.0, 37849.0, 35848.0, 34360.0]",[]
4,9,False,797,393,-4,9,[862],[399],[-2],[5],"[916, 809, 754, 485, 796]","[916, 809, 754, 485, 796]","[288, 299, -39, -243, -136]","[14, -34, -18, -68, -99]","[657, 863, 896, 940]","[558, 555, 546, 589]","[2, 1, 2, 0]","[-5, -5, -5, -5]",40.8,24.5,41658.0,"[24662.0, 24133.0, 24341.0, 24405.0, 23829.0, 23989.0, 24293.0, 24469.0, 25270.0, 25126.0, 26070.0, 26438.0, 26038.0, 26278.0, 26902.0, 26966.0, 26550.0, 27462.0, 27766.0, 27798.0]",[]
5,9,False,744,335,-1,-9,[822],[499],[-2],[5],"[1005, 907, 718, 385, 724]","[1005, 907, 718, 385, 724]","[205, 244, -74, -202, -170]","[-3, -70, -58, -82, -112]","[697, 883, 936, 940, 994, 934, 778, 623, 741]","[458, 455, 446, 489, 562, 744, 700, 695, 698]","[2, 1, 2, 0, 1, 4, -1, 5, -5]","[-5, -5, -5, -5, -5, -3, -5, -2, -2]",40.8,24.5,41146.0,"[27350.0, 27526.0, 27686.0, 28198.0, 28470.0, 29255.0, 29511.0, 30647.0, 33288.0, 35352.0, 38169.0, 40345.0, 43434.0, 45211.0, 46891.0, 47371.0, 46987.0, 46475.0, 46683.0, 45867.0]",[]
6,9,False,696,158,-4,-8,[782],[599],[-2],[5],"[1058, 977, 676, 300, 644]","[1058, 977, 676, 300, 644]","[109, 156, -104, -153, -168]","[-8, -83, -87, -70, -117]","[737, 903, 964, 940, 1014, 1014, 758, 723, 641]","[358, 355, 346, 389, 462, 684, 600, 646, 646]","[2, 1, 1, 0, 1, 4, -1, 5, -5]","[-5, -5, -5, -5, -5, -3, -5, -3, -3]",40.8,24.5,41290.0,"[30551.0, 30183.0, 28887.0, 28630.0, 28566.0, 28166.0, 27110.0, 27286.0, 27110.0, 26870.0, 27574.0, 28038.0, 27942.0, 27590.0, 27318.0, 27462.0, 28294.0, 27910.0, 28102.0, 28502.0]",[]
7,9,False,552,132,-5,8,[742],[699],[-2],[5],"[1077, 1018, 620, 248, 571]","[1077, 1018, 620, 248, 571]","[49, 98, -91, -55, -142]","[9, -86, -96, -42, -101]","[777, 923, 984, 940, 1034, 1093, 738, 817, 559, 1078, 1040, 702, 353, 669]","[258, 255, 246, 289, 362, 605, 500, 586, 586, 588, 669, 666, 609, 575]","[2, 1, 1, 0, 1, 3, -1, 4, -4, -3, -1, 1, 4, 2]","[-5, -5, -5, -5, -5, -4, -5, -3, -3, -4, -5, -5, -3, -5]",40.8,24.5,41642.0,"[44362.0, 43786.0, 42506.0, 41226.0, 40425.0, 38953.0, 38377.0, 36744.0, 35544.0, 34680.0, 33560.0, 33000.0, 32279.0, 31495.0, 30903.0, 31159.0, 30935.0, 30935.0, 31831.0, 31895.0]",[]
8,9,False,535,312,0,9,[702],[799],[-2],[5],"[1077, 1038, 585, 244, 518]","[1077, 1038, 585, 244, 518]","[10, 53, -41, 63, -86]","[43, -63, -52, 12, -44]","[817, 943, 1004, 940, 1050, 1153, 718, 897, 479, 1018, 1020, 722, 433, 709]","[158, 155, 146, 189, 262, 525, 400, 526, 526, 508, 569, 566, 549, 475]","[2, 1, 1, 0, 0, 3, -1, 4, -4, -3, -1, 1, 4, 2]","[-5, -5, -5, -5, -5, -4, -5, -3, -3, -4, -5, -5, -3, -5]",40.8,24.5,41626.0,"[28182.0, 28358.0, 27926.0, 27974.0, 27734.0, 28550.0, 28374.0, 28182.0, 28326.0, 29015.0, 29415.0, 29863.0, 29767.0, 29959.0, 30439.0, 30279.0, 30279.0, 30647.0, 31159.0, 31079.0]",[]
9,9,False,535,366,0,0,[],[],[],[],"[1060, 1038, 566, 283, 484]","[1060, 1038, 566, 283, 484]","[-39, 5, 0, 171, -40]","[88, -33, -12, 44, 5]","[857, 963, 1024, 940, 1050, 1205, 698, 977, 399, 958, 1000, 742, 513, 749]","[58, 55, 46, 89, 162, 428, 300, 466, 465, 428, 469, 466, 489, 375]","[2, 1, 1, 0, 0, 2, -1, 4, -4, -3, -1, 1, 4, 2]","[-5, -5, -5, -5, -5, -5, -5, -3, -4, -4, -5, -5, -3, -5]",40.8,24.5,41098.0,"[31127.0, 31959.0, 31911.0, 34120.0, 36328.0, 38441.0, 40986.0, 43690.0, 45883.0, 46907.0, 48747.0, 49372.0, 49164.0, 48603.0, 47451.0, 45611.0, 45403.0, 43434.0, 42426.0, 41226.0]",[]
10,8,False,535,366,0,0,[570],[476],[0],[5],"[1023, 1020, 573, 363, 468]","[1023, 1020, 573, 363, 468]","[-89, -54, 83, 273, 15]","[117, 16, 13, 87, 48]","[1050, 1244, 678, 1057, 319, 898, 980, 762, 789, 1005, 975, 608, 389, 524]","[62, 328, 200, 400, 385, 348, 369, 366, 275, 611, 596, 523, 539, 517]","[0, 1, -1, 4, -4, -3, -1, 1, 2, -5, -5, 0, 3, 0]","[-5, -5, -5, -4, -4, -4, -5, -5, -5, -2, -1, -5, -4, -5]",40.8,24.5,41466.0,"[29207.0, 29351.0, 28422.0, 28518.0, 27814.0, 27606.0, 27478.0, 27686.0, 27110.0, 27958.0, 27318.0, 27174.0, 27606.0, 27542.0, 28054.0, 28086.0, 29031.0, 28951.0, 28711.0, 29271.0]",[]
11,8,False,553,240,3,-9,[],[],[],[],"[972, 974, 485, 483]","[972, 974, 485, 483]","[-126, -103, 373, 86]","[123, 68, 143, 93]","[1263, 658, 1137, 239, 838, 941, 769, 829, 905, 875, 608, 449, 524]","[228, 100, 320, 305, 268, 269, 266, 175, 571, 561, 423, 459, 417]","[0, -1, 4, -4, -3, -2, 0, 2, -5, -5, 0, 3, 0]","[-5, -5, -4, -4, -4, -5, -5, -5, -2, -2, -5, -4, -5]",40.8,24.5,41274.0,"[46043.0, 48811.0, 51244.0, 52444.0, 53277.0, 53485.0, 52572.0, 51340.0, 49964.0, 48347.0, 46475.0, 45099.0, 43226.0, 41946.0, 40329.0, 39065.0, 37353.0, 34840.0, 33960.0, 32968.0]",[]
12,8,False,597,99,0,0,[],[],[],[],"[905, 914, 626, 518, 960]","[905, 914, 626, 518, 960]","[-172, -147, 399, 125, -27]","[137, 98, 153, 112, -23]","[1263, 1204, 174, 760, 901, 769, 850, 805, 775, 608, 509, 524, 968, 980, 597, 569, 974]","[128, 240, 225, 188, 169, 166, 75, 531, 521, 323, 379, 317, 697, 594, 656, 610, 799]","[0, 3, -3, -4, -2, 0, 1, -5, -5, 0, 3, 0, -2, -1, -1, 2, -4]","[-5, -4, -4, -4, -5, -5, -5, -2, -2, -5, -4, -5, -5, -5, -5, -5, -4]",40.8,24.5,41274.0,"[46043.0, 48811.0, 51244.0, 52444.0, 53277.0, 53485.0, 52572.0, 51340.0, 49964.0, 48347.0, 46475.0, 45099.0, 43226.0, 41946.0, 40329.0, 39065.0, 37353.0, 34840.0, 33960.0, 32968.0]",[]
13,6,False,719,194,4,9,[],[],[],[],"[811, 834, 771, 558, 929]","[811, 834, 771, 558, 929]","[-228, -190, 392, 136, -83]","[95, 83, 122, 105, -50]","[1260, 1264, 114, 861, 705, 675, 608, 569, 524, 928, 960, 588, 609, 908]","[28, 160, 139, 69, 491, 481, 223, 299, 217, 597, 494, 556, 510, 719]","[-1, 3, -3, -2, -5, -5, 0, 3, 0, -2, -1, 0, 2, -3]","[-5, -4, -5, -5, -2, -2, -5, -4, -5, -5, -5, -5, -5, -4]",40.9,24.5,41418.0,"[28070.0, 28086.0, 28871.0, 30727.0, 32407.0, 34872.0, 37977.0, 40921.0, 43162.0, 46251.0, 47851.0, 50092.0, 50252.0, 49452.0, 48235.0, 47035.0, 45643.0, 44090.0, 42586.0, 41434.0]",[]
14,6,False,748,320,0,0,[],[],[],[],"[696, 740, 905, 612, 867]","[696, 740, 905, 612, 867]","[-264, -221, 337, 159, -169]","[61, 68, 85, 70, -87]","[1318, 73, 605, 575, 608, 629, 524, 888, 940, 588, 649, 848]","[60, 39, 451, 441, 123, 219, 117, 497, 394, 456, 410, 639]","[2, -2, -5, -5, 0, 3, 0, -2, -1, 0, 2, -3]","[-5, -5, -2, -2, -5, -4, -5, -5, -5, -5, -5, -4]",40.9,24.5,41178.0,"[39273.0, 37257.0, 36120.0, 34024.0, 33096.0, 31559.0, 30871.0, 30247.0, 29879.0, 29735.0, 28887.0, 29575.0, 29575.0, 29015.0, 29207.0, 29623.0, 29239.0, 28262.0, 28054.0, 27158.0]",[]
15,5,False,753,312,5,-8,[],[],[],[],"[576, 640, 1020, 668, 779]","[576, 640, 1020, 668, 779]","[-282, -222, 279, 149, -216]","[34, 51, 41, 65, -104]","[505, 475, 608, 689, 524, 920, 588, 689, 788, 791, 839, 973, 681, 950]","[402, 401, 23, 139, 17, 294, 356, 310, 559, 717, 599, 707, 638, 644]","[-5, -5, 0, 3, 0, -1, 0, 2, -3, 3, 3, 1, 1, 2]","[-3, -2, -5, -4, -5, -5, -5, -5, -4, -5, -5, -5, -5, -5]",40.9,24.5,41386.0,"[26646.0, 27990.0, 27574.0, 27830.0, 27862.0, 27798.0, 28038.0, 28727.0, 28646.0, 28438.0, 28887.0, 28999.0, 28294.0, 28166.0, 28903.0, 29415.0, 29223.0, 30887.0, 32199.0, 35016.0]",[]
16,4,False,868,180,9,-2,[],[],[],[],"[460, 540, 1108, 709, 679]","[460, 540, 1108, 709, 679]","[-250, -208, 199, 121, -245]","[-20, 16, 8, 30, -110]","[405, 375, 749, 588, 729, 728, 838, 879, 993, 701, 974]","[342, 361, 59, 256, 210, 479, 617, 499, 607, 538, 544]","[-5, -5, 3, 0, 2, -3, 2, 2, 1, 1, 1]","[-3, -2, -4, -5, -5, -4, -5, -5, -5, -5, -5]",40.9,24.5,41386.0,"[31879.0, 31719.0, 31335.0, 30871.0, 31511.0, 30823.0, 31591.0, 31063.0, 31623.0, 31367.0, 31335.0, 30311.0, 30759.0, 29783.0, 29687.0, 29095.0, 28983.0, 28342.0, 27686.0, 27222.0]",[]
17,4,False,923,262,-6,7,[],[],[],[],"[364, 450, 1153, 749, 574]","[364, 450, 1153, 749, 574]","[-187, -165, 93, 112, -227]","[-38, 14, -21, 10, -99]","[315, 275, 588, 769, 668, 878, 919, 1013, 721, 994, 486, 542, 1149, 792, 715]","[282, 321, 156, 110, 399, 517, 399, 507, 438, 444, 764, 662, 772, 715, 612]","[-4, -5, 0, 2, -3, 2, 2, 1, 1, 1, 4, 2, -3, 2, 5]","[-3, -2, -5, -5, -4, -5, -5, -5, -5, -5, -4, -5, -4, -5, -1]",40.9,24.5,41146.0,"[27094.0, 27126.0, 26854.0, 26774.0, 26918.0, 27030.0, 27414.0, 26902.0, 26630.0, 26662.0, 26950.0, 27574.0, 28326.0, 28438.0, 28070.0, 28038.0, 28358.0, 28550.0, 28727.0, 28518.0]",[]
18,1,False,791,358,-7,-6,[906],[398],[-3],[4],"[301, 388, 1169, 789, 481]","[301, 388, 1169, 789, 481]","[-80, -88, 45, 104, -171]","[-32, -2, -20, 14, -59]","[235, 175, 588, 809, 608, 1026, 1014, 566, 582, 1089, 832, 815]","[222, 281, 56, 10, 319, 407, 344, 684, 562, 672, 615, 592]","[-4, -5, 0, 2, -3, 0, 1, 4, 2, -3, 2, 5]","[-3, -2, -5, -5, -4, -5, -5, -4, -5, -5, -5, -1]",40.9,24.5,41162.0,"[48827.0, 47899.0, 46267.0, 45467.0, 43226.0, 41946.0, 40937.0, 39385.0, 37817.0, 36520.0, 35272.0, 33704.0, 32439.0, 31703.0, 31511.0, 31047.0, 30551.0, 30343.0, 30759.0, 30135.0]",[]
19,1,False,653,229,-7,-6,[846],[478],[-3],[4],"[280, 364, 1165, 829, 419]","[280, 364, 1165, 829, 419]","[19, 4, -16, 108, -86]","[-23, 12, -15, 5, -29]","[155, 75, 548, 1026, 1033, 640, 622, 1029, 872, 915]","[162, 235, 239, 307, 244, 604, 462, 592, 515, 572]","[-4, -5, -3, 0, 0, 3, 2, -3, 2, 5]","[-3, -3, -4, -5, -5, -4, -5, -4, -5, -1]",40.9,24.5,41162.0,"[48827.0, 47899.0, 46267.0, 45467.0, 43226.0, 41946.0, 40937.0, 39385.0, 37817.0, 36520.0, 35272.0, 33704.0, 32439.0, 31703.0, 31511.0, 31047.0, 30551.0, 30343.0, 30759.0, 30135.0]",[]
20,0,False,483,185,-9,3,[786],[558],[-3],[4],"[296, 373, 1137, 869, 390]","[296, 373, 1137, 869, 390]","[112, 81, -70, 111, -4]","[-18, 32, 7, 3, 18]","[75, 1026, 1033, 700, 662, 969, 912, 1015, 409, 469, 1112, 807, 481]","[102, 207, 144, 524, 362, 512, 415, 552, 682, 627, 729, 680, 520]","[-4, 0, 0, 3, 2, -3, 2, 5, 4, 3, -5, -3, 1]","[-3, -5, -5, -4, -5, -4, -5, -1, -4, -4, -2, -4, -5]",40.9,24.5,41466.0,"[43754.0, 45931.0, 48667.0, 49067.0, 49484.0, 49244.0, 48667.0, 47755.0, 47259.0, 45803.0, 44618.0, 43034.0, 41994.0, 40025.0, 38617.0, 37593.0, 36072.0, 35032.0, 34328.0, 33864.0]",[]
21,0,False,403,339,1,9,[726],[639],[-3],[5],"[356, 414, 1085, 898, 397]","[356, 414, 1085, 898, 397]","[225, 163, -122, 87, 74]","[9, 55, 8, 13, 68]","[1026, 1033, 760, 702, 909, 952, 1115, 489, 529, 1012, 747, 501]","[107, 44, 444, 262, 432, 315, 516, 602, 547, 689, 600, 420]","[0, 0, 3, 2, -3, 2, 5, 4, 3, -5, -3, 1]","[-5, -5, -4, -5, -4, -5, -2, -4, -4, -2, -4, -5]",40.9,24.5,41242.0,"[28951.0, 28759.0, 27718.0, 28070.0, 27574.0, 27558.0, 28038.0, 27350.0, 27302.0, 28166.0, 28230.0, 28358.0, 28230.0, 28919.0, 28855.0, 28999.0, 29735.0, 29527.0, 29239.0, 29031.0]",[]
22,0,False,419,411,0,0,[666],[739],[-3],[5],"[451, 486, 1011, 918, 432]","[451, 486, 1011, 918, 432]","[290, 217, -199, 70, 143]","[-9, 62, 6, 4, 60]","[1026, 820, 742, 849, 992, 1215, 563, 589, 912, 687, 521, 393, 445, 1035, 905, 442]","[7, 364, 162, 352, 215, 476, 522, 467, 649, 520, 320, 707, 721, 734, 728, 593]","[0, 3, 2, -3, 2, 5, 3, 3, -5, -3, 1, -5, -5, -5, -4, -2]","[-5, -4, -5, -4, -5, -2, -4, -4, -2, -4, -5, -1, 0, -2, -3, -5]",40.9,24.5,41642.0,"[29239.0, 29655.0, 29703.0, 29799.0, 29863.0, 30039.0, 30567.0, 30903.0, 32311.0, 34856.0, 37209.0, 40233.0, 42810.0, 45627.0, 47979.0, 48875.0, 50060.0, 49115.0, 49164.0, 48539.0]",[]
23,0,False,419,411,0,0,"[606, 492]","[823, 541]","[-3, 2]","[4, 5]","[569, 566, 901, 924, 490]","[569, 566, 901, 924, 490]","[314, 228, -277, 21, 184]","[-29, 36, -1, -23, 46]","[880, 782, 789, 1020, 1315, 623, 649, 812, 627, 541, 293, 345, 935, 825, 402]","[284, 62, 272, 115, 436, 442, 387, 609, 440, 220, 687, 721, 694, 668, 493]","[3, 2, -3, 1, 5, 3, 3, -5, -3, 1, -5, -5, -5, -4, -2]","[-4, -5, -4, -5, -2, -4, -4, -2, -4, -5, -1, 0, -2, -3, -5]",40.9,24.5,41114.0,"[32471.0, 32103.0, 32167.0, 31191.0, 31287.0, 30663.0, 29847.0, 29751.0, 28935.0, 28614.0, 28743.0, 27814.0, 27414.0, 27094.0, 27558.0, 26886.0, 27014.0, 26806.0, 27318.0, 26966.0]",[]
24,-1,False,353,303,-6,-7,[],[],[],[],"[689, 646, 766, 911]","[689, 646, 766, 911]","[311, 215, -323, -50]","[-51, 7, -16, -62]","[940, 729, 1040, 1408, 683, 709, 712, 567, 561, 193, 245, 835, 745]","[204, 192, 15, 378, 362, 307, 569, 360, 120, 660, 712, 654, 608]","[3, -3, 1, 4, 3, 3, -5, -3, 1, -5, -5, -5, -4]","[-4, -4, -5, -3, -4, -4, -2, -4, -5, -2, -1, -2, -3]",40.9,24.5,41130.0,"[33960.0, 37209.0, 40297.0, 42554.0, 45739.0, 47707.0, 49003.0, 49996.0, 49404.0, 48859.0, 48715.0, 47243.0, 45851.0, 44378.0, 43034.0, 41562.0, 40265.0, 39433.0, 38793.0, 37321.0]",[]
25,-1,False,201,304,-1,9,[],[],[],[],"[809, 712, 626, 873, 562]","[809, 712, 626, 873, 562]","[314, 185, -341, -98, 12]","[-48, -20, -19, -68, -42]","[1000, 669, 1487, 743, 769, 612, 507, 570, 93, 145, 735, 665, 635, 586, 735, 879, 515]","[124, 112, 309, 282, 216, 529, 280, 20, 620, 692, 614, 548, 625, 673, 649, 665, 767]","[3, -3, 3, 3, 3, -5, -3, 0, -5, -5, -5, -4, -5, -5, -3, -4, -4]","[-4, -4, -4, -4, -5, -2, -4, -5, -2, -1, -2, -3, -3, -3, -4, -3, -3]",40.9,24.5,41546.0,"[35128.0, 34456.0, 33464.0, 32631.0, 32583.0, 32423.0, 33240.0, 33336.0, 33224.0, 33800.0, 34264.0, 33544.0, 33368.0, 33160.0, 32952.0, 32920.0, 32215.0, 31367.0, 30551.0, 29799.0]",[]
26,-1,False,366,337,9,-2,[],[],[],[],"[918, 772, 486, 817, 562]","[918, 772, 486, 817, 562]","[274, 150, -318, -132, 33]","[-37, -14, -46, -78, -85]","[1060, 592, 803, 815, 512, 444, 45, 635, 585, 535, 486, 675, 799, 435]","[28, 32, 202, 116, 489, 200, 672, 574, 488, 565, 613, 569, 605, 707]","[3, -4, 3, 2, -5, -4, -5, -5, -4, -5, -5, -3, -4, -4]","[-5, -4, -4, -5, -2, -4, -1, -2, -3, -3, -3, -4, -3, -3]",40.9,24.5,41242.0,"[32215.0, 34008.0, 36985.0, 39177.0, 41946.0, 43578.0, 46043.0, 47755.0, 48139.0, 48139.0, 48027.0, 46763.0, 45467.0, 44186.0, 43050.0, 40953.0, 40121.0, 38873.0, 38281.0, 36360.0]",[]
27,-2,False,546,345,9,3,[],[],[],[],"[1005, 812, 359, 746, 570]","[1005, 812, 359, 746, 570]","[219, 122, -246, -152, 72]","[-6, -16, -47, -62, -78]","[863, 855, 412, 364, 535, 435, 396, 615, 719, 355, 958, 815, 453, 809, 559]","[122, 16, 449, 120, 534, 505, 553, 489, 545, 647, 610, 645, 625, 573, 710]","[3, 2, -5, -4, -5, -5, -4, -3, -4, -4, -5, -2, 0, -2, -5]","[-4, -5, -2, -4, -2, -3, -3, -4, -3, -3, -1, -5, -5, -5, -3]",40.9,24.5,41290.0,"[35560.0, 34888.0, 34136.0, 32695.0, 32391.0, 31655.0, 32023.0, 31799.0, 32231.0, 32519.0, 33704.0, 34376.0, 34088.0, 34120.0, 34136.0, 32936.0, 32824.0, 32599.0, 32151.0, 31927.0]",[]
28,-3,False,688,354,6,-7,[709],[439],[5],[2],"[1071, 852, 275, 670, 599]","[1071, 852, 275, 670, 599]","[171, 139, -139, -154, 113]","[36, -22, -18, -20, -41]","[923, 312, 284, 435, 335, 316, 639, 275, 858, 775, 453, 769, 466]","[42, 409, 40, 482, 445, 493, 485, 587, 590, 545, 525, 473, 650]","[3, -5, -4, -5, -5, -4, -4, -4, -5, -2, 0, -2, -4]","[-4, -2, -4, -3, -3, -3, -3, -3, -1, -5, -5, -5, -3]",40.9,24.5,41146.0,"[28166.0, 28598.0, 29207.0, 28743.0, 28646.0, 29255.0, 29223.0, 29287.0, 29751.0, 30375.0, 33304.0, 36312.0, 38825.0, 42282.0, 45259.0, 47723.0, 49484.0, 50908.0, 51612.0, 51436.0]",[]
29,-3,False,826,230,8,-5,[809],[489],[5],[3],"[1122, 892, 234, 604, 645]","[1122, 892, 234, 604, 645]","[108, 125, -39, -139, 168]","[77, 18, 18, 42, 2]","[212, 335, 238, 236, 559, 195, 758, 735, 454, 729, 386]","[369, 422, 385, 433, 425, 525, 570, 445, 425, 373, 590]","[-5, -5, -4, -4, -4, -4, -5, -2, 1, -2, -4]","[-2, -3, -3, -3, -3, -4, -1, -5, -5, -5, -3]",40.9,24.5,41130.0,"[33352.0, 33592.0, 33800.0, 33384.0, 33576.0, 32087.0, 32551.0, 31863.0, 30407.0, 30151.0, 29351.0, 29511.0, 28823.0, 28358.0, 28262.0, 28182.0, 27414.0, 27830.0, 27334.0, 27094.0]",[]
30,-3,False,966,205,0,0,[895],[549],[4],[3],"[1147, 932, 236, 546, 705]","[1147, 932, 236, 546, 705]","[51, 105, 96, -91, 191]","[108, 57, 72, 85, 7]","[112, 244, 158, 156, 479, 115, 658, 695, 474, 689, 306, 1072, 953, 362, 645, 664]","[313, 362, 325, 360, 365, 445, 550, 345, 325, 273, 530, 598, 551, 579, 520, 563]","[-5, -4, -4, -4, -4, -4, -5, -2, 1, -2, -4, -5, 1, 4, 0, -1]","[-3, -3, -3, -4, -3, -4, -1, -5, -5, -5, -3, -2, -5, -3, -5, -5]",40.9,24.5,41274.0,"[27622.0, 27430.0, 26694.0, 27046.0, 27110.0, 26822.0, 26982.0, 27174.0, 27318.0, 27462.0, 27110.0, 27846.0, 27910.0, 28326.0, 28855.0, 28935.0, 28582.0, 28823.0, 29735.0, 31367.0]",[]
31,-3,False,957,342,-2,9,[],[],[],[],"[1148, 292, 512, 768]","[1148, 292, 512, 768]","[5, 225, -42, 200]","[144, 94, 125, 22]","[25, 164, 78, 90, 399, 51, 558, 657, 494, 649, 226, 972, 973, 445, 645, 656]","[253, 302, 265, 280, 305, 365, 530, 245, 225, 173, 450, 558, 451, 519, 420, 463]","[-4, -4, -4, -3, -4, -3, -5, -1, 1, -2, -4, -5, 1, 5, 0, 0]","[-3, -3, -3, -4, -3, -4, -1, -5, -5, -5, -4, -2, -5, -3, -5, -5]",40.9,24.5,41354.0,"[35016.0, 33064.0, 32519.0, 32824.0, 32295.0, 31927.0, 32023.0, 33224.0, 32599.0, 33224.0, 33160.0, 32679.0, 32792.0, 32952.0, 32407.0, 31255.0, 30935.0, 30887.0, 30391.0, 29415.0]",[]
32,-4,False,951,378,0,0,[],[],[],[],"[1125, 399, 500, 828, 556]","[1125, 399, 500, 828, 556]","[-78, 327, 16, 179, 5]","[150, 102, 122, 16, -17]","[84, 34, 319, 458, 637, 532, 609, 163, 872, 545, 645, 656, 1130, 440, 586, 851, 630]","[242, 189, 245, 510, 145, 125, 73, 370, 518, 459, 320, 363, 709, 655, 683, 615, 770]","[-4, -2, -4, -5, -1, 2, -2, -3, -5, 5, 0, 0, -5, 5, 5, 1, 3]","[-3, -5, -3, -1, -5, -5, -5, -4, -2, -3, -5, -5, -1, -3, 0, -5, -4]",40.9,24.5,41114.0,"[29495.0, 28711.0, 28775.0, 27910.0, 27206.0, 27174.0, 27462.0, 27606.0, 27398.0, 26918.0, 26534.0, 26198.0, 26166.0, 26966.0, 26470.0, 26966.0, 26646.0, 26982.0, 26390.0, 27030.0]",[]
33,-4,False,951,378,0,0,[976],[488],[-1],[5],"[1067, 522, 500, 883, 553]","[1067, 522, 500, 883, 553]","[-158, 351, 44, 136, 9]","[128, 82, 95, 6, -69]","[4, 239, 358, 617, 572, 103, 772, 645, 645, 656, 1030, 540, 686, 871, 690]","[173, 169, 490, 45, 25, 282, 478, 399, 220, 263, 689, 595, 683, 515, 690]","[-4, -4, -5, -1, 2, -3, -5, 5, 0, 0, -5, 5, 5, 1, 3]","[-4, -4, -1, -5, -5, -5, -2, -3, -5, -5, -1, -3, 0, -5, -4]",40.9,24.5,41290.0,"[38201.0, 36440.0, 35048.0, 33544.0, 32391.0, 31415.0, 31639.0, 30919.0, 30807.0, 32183.0, 32215.0, 32567.0, 32327.0, 32439.0, 31191.0, 30759.0, 30167.0, 29735.0, 29847.0, 29735.0]",[]
34,-4,False,951,225,-4,-9,[],[],[],[],"[978, 643, 508, 554]","[978, 643, 508, 554]","[-241, 346, 60, 49]","[72, 69, 65, -90]","[159, 258, 62, 672, 745, 645, 656, 930, 640, 786, 891, 750]","[89, 466, 182, 431, 339, 120, 163, 668, 535, 676, 415, 610]","[-4, -5, -2, -5, 5, 0, 0, -5, 5, 5, 1, 3]","[-4, -2, -5, -3, -3, -5, -5, -2, -3, -1, -5, -4]",40.9,24.5,41018.0,"[26950.0, 26070.0, 26438.0, 26390.0, 27206.0, 27302.0, 27718.0, 27798.0, 28550.0, 29975.0, 33176.0, 36136.0, 39529.0, 43850.0, 47371.0, 49932.0, 52188.0, 53837.0, 54365.0, 54157.0]",[]
35,-4,False,794,129,-9,-3,[],[],[],[],"[857, 764, 529, 574, 1373]","[857, 764, 529, 574, 1373]","[-312, 328, 99, 73, -132]","[9, 54, 26, -102, -19]","[79, 158, 38, 572, 845, 645, 656, 830, 740, 886, 911, 810, 996, 750, 618, 642, 1397]","[9, 426, 82, 371, 279, 20, 63, 628, 475, 656, 315, 530, 720, 663, 694, 636, 598]","[-4, -5, -1, -5, 5, 0, 0, -5, 5, 5, 1, 3, -1, 3, 3, 2, -3]","[-4, -2, -5, -3, -3, -5, -5, -2, -3, -1, -5, -4, -5, -4, -4, -5, -5]",40.9,24.5,41258.0,"[53277.0, 52940.0, 50860.0, 49820.0, 47499.0, 45707.0, 43866.0, 42682.0, 40633.0, 38361.0, 36424.0, 34632.0, 33624.0, 33352.0, 32631.0, 32087.0, 32327.0, 31623.0, 32327.0, 31703.0]",[]
36,-4,False,648,204,-4,9,[],[],[],[],"[717, 882, 569, 594, 1286]","[717, 882, 569, 594, 1286]","[-345, 293, 107, 82, -245]","[-42, 4, -12, -107, -27]","[58, 487, 945, 730, 840, 986, 931, 870, 976, 810, 678, 682, 1337]","[386, 311, 219, 588, 415, 636, 215, 450, 620, 583, 604, 536, 513]","[-5, -4, 5, -5, 5, 5, 1, 3, -1, 3, 3, 2, -3]","[-2, -3, -3, -2, -3, -1, -5, -4, -5, -4, -5, -5, -4]",40.9,24.5,41130.0,"[25990.0, 26470.0, 25990.0, 26150.0, 26854.0, 26790.0, 27062.0, 26534.0, 27190.0, 26854.0, 26918.0, 26662.0, 27398.0, 27014.0, 27990.0, 27878.0, 27446.0, 28214.0, 28582.0, 29511.0]",[]
37,-4,False,619,321,0,0,[],[],[],[],"[568, 981, 609, 619, 1161]","[568, 981, 609, 619, 1161]","[-341, 245, 135, 107, -337]","[-56, -13, -14, -98, 1]","[407, 1045, 630, 933, 1086, 951, 930, 956, 870, 738, 722, 1277, 687, 924, 651, 694, 1208]","[251, 159, 548, 355, 616, 115, 367, 520, 503, 504, 436, 433, 739, 730, 705, 595, 608]","[-4, 5, -5, 4, 5, 1, 3, -1, 3, 3, 2, -3, 1, -5, 2, 4, -5]","[-3, -3, -2, -3, -1, -5, -5, -5, -4, -5, -5, -4, -5, -2, -5, -3, -3]",40.9,24.5,41306.0,"[36440.0, 35528.0, 33752.0, 32135.0, 31383.0, 30823.0, 30391.0, 30999.0, 29959.0, 30743.0, 30055.0, 29719.0, 28887.0, 28855.0, 27686.0, 27366.0, 26390.0, 25606.0, 24213.0, 23877.0]",[]
38,-4,False,619,321,0,0,[654],[376],[0],[5],"[433, 1056, 660, 659, 999]","[433, 1056, 660, 659, 999]","[-281, 186, 171, 145, -405]","[-50, 0, -5, -78, 31]","[327, 1132, 530, 1013, 1186, 962, 990, 936, 930, 798, 762, 1217, 707, 824, 691, 774, 1108]","[191, 99, 508, 295, 596, 15, 267, 420, 417, 404, 336, 353, 639, 690, 605, 535, 548]","[-4, 4, -5, 4, 5, 0, 3, -1, 3, 3, 2, -3, 1, -5, 2, 4, -5]","[-3, -3, -2, -3, -1, -5, -5, -5, -5, -5, -5, -4, -5, -2, -5, -3, -3]",40.9,24.5,41082.0,"[22581.0, 22533.0, 22485.0, 21621.0, 21157.0, 21829.0, 21157.0, 22229.0, 22373.0, 22469.0, 22229.0, 22869.0, 23285.0, 23461.0, 23253.0, 23701.0, 24501.0, 24790.0, 24678.0, 25606.0]",[]
39,-4,False,592,314,-9,-3,[654],[476],[0],[5],"[326, 1109, 720, 717, 819]","[326, 1109, 720, 717, 819]","[-204, 131, 190, 164, -439]","[-20, 19, 5, -34, 93]","[247, 1212, 430, 1093, 1286, 1037, 916, 990, 845, 802, 1157, 720, 724, 731, 854, 1008]","[131, 39, 466, 235, 560, 167, 320, 317, 304, 236, 273, 539, 650, 505, 462, 488]","[-4, 4, -5, 4, 5, 2, -1, 3, 2, 2, -3, 0, -5, 2, 4, -5]","[-3, -3, -3, -3, -2, -5, -5, -5, -5, -5, -4, -5, -2, -5, -4, -3]",40.9,24.5,41322.0,"[25398.0, 25670.0, 25734.0, 26518.0, 26790.0, 27094.0, 27398.0, 28438.0, 28983.0, 28855.0, 29271.0, 30167.0, 32920.0, 35544.0, 39881.0, 42522.0, 45707.0, 49340.0, 50620.0, 52684.0]",[]
40,-4,False,412,288,-9,0,[668],[576],[1],[5],"[254, 1142, 795, 784, 639]","[254, 1142, 795, 784, 639]","[-106, 68, 198, 200, -421]","[11, 26, 9, 1, 131]","[167, 330, 1173, 1386, 1077, 896, 1036, 885, 842, 1079, 720, 624, 771, 933, 908, 439, 1070, 699, 741, 831]","[71, 406, 175, 520, 67, 220, 217, 204, 136, 193, 439, 610, 405, 382, 438, 646, 645, 636, 517, 548]","[-4, -5, 4, 5, 2, -1, 2, 2, 2, -4, 0, -5, 2, 3, -5, 4, -4, -3, -1, -1]","[-3, -3, -3, -2, -5, -5, -5, -5, -5, -4, -5, -2, -5, -4, -2, -4, -4, -4, -5, -5]",40.8,24.5,41530.0,"[31959.0, 31255.0, 30503.0, 29719.0, 29159.0, 28695.0, 28630.0, 28230.0, 27526.0, 27014.0, 27622.0, 27062.0, 26646.0, 26678.0, 25894.0, 25638.0, 25814.0, 25574.0, 25542.0, 25606.0]",[]
41,-4,False,358,292,0,0,[],[],[],[],"[228, 1146, 856, 846]","[228, 1146, 856, 846]","[20, 10, 185, 198]","[15, 50, 31, 36]","[87, 230, 1253, 1486, 876, 1076, 925, 882, 999, 720, 524, 796, 993, 808, 506, 990, 639, 721, 811]","[11, 346, 115, 479, 120, 117, 104, 36, 113, 339, 570, 305, 302, 398, 566, 565, 556, 417, 448]","[-4, -5, 4, 5, -1, 2, 2, 2, -4, 0, -5, 1, 3, -5, 3, -4, -3, -1, -1]","[-3, -3, -3, -3, -5, -5, -5, -5, -4, -5, -2, -5, -4, -2, -4, -4, -4, -5, -5]",40.8,24.5,41002.0,"[40809.0, 43530.0, 45131.0, 47659.0, 49452.0, 49596.0, 50108.0, 49996.0, 49468.0, 48011.0, 45979.0, 44634.0, 42762.0, 41354.0, 40633.0, 39225.0, 37769.0, 35800.0, 34744.0, 33608.0]",[]
42,-4,False,357,301,0,0,[],[],[],[],"[251, 1125, 916, 909, 686]","[251, 1125, 916, 909, 686]","[108, -72, 152, 154, -19]","[-7, 51, 22, 68, -2]","[142, 1333, 836, 1113, 965, 919, 720, 424, 816, 1047, 708, 566, 910, 579, 682, 791, 265, 1133, 900, 886, 723]","[286, 48, 20, 17, 4, 48, 239, 530, 205, 209, 358, 486, 485, 476, 317, 348, 665, 722, 670, 596, 666]","[-4, 4, -2, 1, 2, -4, 0, -5, 1, 2, -5, 3, -4, -3, -2, -1, -1, -5, -3, -4, -2]","[-3, -4, -5, -5, -5, -3, -5, -2, -5, -5, -2, -4, -4, -4, -5, -5, -5, -2, -5, -3, -5]",40.8,24.5,41466.0,"[27318.0, 26918.0, 26582.0, 26262.0, 25942.0, 26502.0, 25446.0, 26118.0, 26054.0, 26294.0, 26054.0, 26406.0, 25990.0, 26102.0, 25990.0, 26438.0, 27046.0, 27654.0, 26790.0, 26934.0]",[]
43,-4,False,356,363,0,0,[397],[406],[3],[4],"[298, 1070, 956, 953, 665]","[298, 1070, 956, 953, 665]","[173, -155, 96, 105, -49]","[-25, 45, 2, 50, -29]","[62, 720, 324, 828, 1084, 608, 626, 830, 519, 642, 760, 254, 1033, 840, 791, 683]","[226, 139, 490, 105, 109, 318, 406, 405, 396, 217, 248, 565, 682, 570, 536, 566]","[-4, 0, -5, 0, 1, -5, 3, -4, -3, -2, -2, 0, -5, -3, -5, -2]","[-3, -5, -2, -5, -5, -2, -4, -4, -4, -5, -5, -5, -2, -5, -3, -5]",40.8,24.5,41098.0,"[28006.0, 27974.0, 28102.0, 28502.0, 28230.0, 29287.0, 29607.0, 29863.0, 31383.0, 34968.0, 37817.0, 41530.0, 44650.0, 47467.0, 49436.0, 51212.0, 52364.0, 52684.0, 53004.0, 51484.0]",[]
44,-4,False,356,363,0,0,[441],[503],[2],[5],"[367, 981, 973, 970, 627]","[367, 981, 973, 970, 627]","[224, -244, 34, 41, -50]","[-59, 14, -18, 34, -62]","[720, 224, 828, 1096, 508, 686, 750, 459, 602, 720, 254, 933, 780, 691, 643]","[39, 432, 5, 9, 278, 326, 334, 316, 117, 148, 465, 642, 473, 476, 466]","[0, -5, 0, 0, -5, 3, -4, -3, -2, -2, 0, -5, -3, -5, -2]","[-5, -3, -5, -5, -2, -4, -3, -4, -5, -5, -5, -2, -4, -3, -5]",40.8,24.5,41098.0,"[32167.0, 31703.0, 31431.0, 31143.0, 30039.0, 30279.0, 28935.0, 28598.0, 28358.0, 27862.0, 27942.0, 27574.0, 26646.0, 26422.0, 26182.0, 26070.0, 25686.0, 25702.0, 25494.0, 25798.0]",[]
45,-4,False,362,370,0,0,[],[],[],[],"[863, 964, 960, 590]","[863, 964, 960, 590]","[-299, -23, -13, -44]","[2, -20, 35, -64]","[124, 408, 746, 670, 399, 546, 680, 254, 833, 720, 591, 603, 394, 913, 920, 919, 594]","[372, 238, 246, 274, 236, 19, 48, 365, 602, 393, 416, 366, 569, 713, 686, 641, 601]","[-5, -5, 3, -4, -3, -3, -2, 0, -5, -3, -5, -2, -1, -5, -5, -5, -4]","[-3, -2, -4, -3, -4, -4, -5, -5, -2, -4, -3, -5, -5, -2, -1, -1, -3]",40.8,24.5,41562.0,"[29767.0, 31527.0, 34904.0, 38681.0, 41482.0, 44906.0, 46987.0, 49324.0, 50332.0, 51212.0, 52188.0, 51932.0, 50860.0, 49612.0, 47963.0, 46043.0, 45034.0, 42906.0, 41002.0, 39401.0]",[]
46,-5,False,423,390,0,0,[],[],[],[],"[723, 934, 935, 570]","[723, 934, 935, 570]","[-331, -89, -59, -42]","[-20, -39, 32, -51]","[26, 308, 806, 590, 339, 254, 733, 660, 563, 377, 813, 820, 819, 514]","[312, 198, 153, 214, 156, 265, 562, 313, 266, 469, 673, 666, 621, 541]","[-4, -5, 3, -4, -3, 0, -5, -3, -2, 0, -5, -5, -5, -4]","[-3, -2, -5, -3, -4, -5, -2, -4, -5, -5, -2, -1, -1, -3]",40.8,24.5,41562.0,"[29767.0, 31527.0, 34904.0, 38681.0, 41482.0, 44906.0, 46987.0, 49324.0, 50332.0, 51212.0, 52188.0, 51932.0, 50860.0, 49612.0, 47963.0, 46043.0, 45034.0, 42906.0, 41002.0, 39401.0]",[]
47,-5,False,495,399,0,0,[],[],[],[],"[583, 877, 893, 550, 210]","[583, 877, 893, 550, 210]","[-319, -136, -105, -3, 62]","[-32, -24, 44, -37, 33]","[208, 866, 510, 279, 254, 633, 600, 523, 377, 713, 720, 719, 434, 683, 898, 926, 608, 278]","[158, 53, 154, 76, 165, 522, 233, 166, 369, 633, 646, 591, 481, 665, 623, 605, 575, 584]","[-5, 3, -4, -3, 0, -5, -3, -2, 0, -5, -5, -5, -4, 0, -5, -3, 0, 3]","[-2, -5, -3, -4, -5, -2, -4, -5, -5, -2, -1, -2, -3, -5, -3, -5, -5, -4]",40.8,24.5,41530.0,"[27190.0, 28262.0, 27990.0, 28294.0, 28422.0, 28935.0, 30359.0, 33528.0, 37353.0, 40041.0, 43370.0, 46891.0, 48299.0, 49580.0, 50188.0, 50572.0, 50108.0, 49788.0, 48107.0, 47131.0]",[]
48,-5,False,562,357,7,-6,[],[],[],[],"[455, 814, 833, 553, 250]","[455, 814, 833, 553, 250]","[-266, -156, -129, 61, 166]","[-12, 12, 77, 6, 73]","[108, 430, 254, 533, 540, 483, 377, 613, 620, 619, 354, 683, 798, 866, 608, 338]","[118, 94, 65, 482, 153, 66, 269, 593, 626, 551, 419, 565, 563, 516, 475, 504]","[-5, -4, 0, -5, -3, -2, 0, -5, -5, -5, -4, 0, -5, -3, 0, 3]","[-2, -3, -5, -2, -4, -5, -5, -2, -1, -2, -4, -5, -3, -4, -5, -4]",40.8,24.5,41562.0,"[45067.0, 43802.0, 41370.0, 40409.0, 39001.0, 37401.0, 35576.0, 34632.0, 33160.0, 32327.0, 32439.0, 32311.0, 31751.0, 32167.0, 32279.0, 33432.0, 33384.0, 33128.0, 33016.0, 33544.0]",[]
49,-6,False,716,345,6,7,[],[],[],[],"[357, 738, 773, 574, 332]","[357, 738, 773, 574, 332]","[-177, -149, -128, 103, 293]","[10, 54, 94, 47, 119]","[8, 350, 433, 480, 377, 513, 520, 519, 277, 683, 698, 608, 411]","[78, 34, 442, 73, 169, 553, 606, 511, 339, 465, 503, 375, 424]","[-5, -4, -5, -3, 0, -5, -5, -5, -3, 0, -5, 0, 4]","[-2, -3, -2, -4, -5, -2, -1, -2, -4, -5, -3, -5, -4]",40.8,24.5,41194.0,"[25734.0, 26390.0, 26966.0, 26262.0, 26710.0, 27110.0, 27318.0, 28086.0, 27782.0, 28470.0, 28054.0, 28855.0, 28502.0, 29255.0, 29287.0, 30311.0, 30919.0, 33832.0, 37385.0, 40777.0]",[]
50,-7,False,761,342,9,-4,[799],[459],[2],[5],"[292, 673, 720, 614, 459]","[292, 673, 720, 614, 459]","[-91, -142, -88, 134, 384]","[27, 90, 106, 102, 134]","[333, 377, 413, 420, 419, 217, 618, 608, 491, 398, 780, 719, 622, 442]","[402, 69, 513, 586, 471, 256, 443, 275, 356, 578, 533, 674, 522, 589]","[-5, 0, -5, -5, -5, -3, -4, 0, 4, 1, 0, -5, 0, 3]","[-2, -5, -2, -1, -2, -5, -3, -5, -3, -5, -5, -2, -5, -4]",40.8,24.5,41114.0,"[32711.0, 32439.0, 32824.0, 32391.0, 32904.0, 33608.0, 33224.0, 34024.0, 33432.0, 33000.0, 32439.0, 32279.0, 31575.0, 30679.0, 30759.0, 29895.0, 28823.0, 28775.0, 27478.0, 27062.0]",[]
51,-7,False,933,297,9,1,[830],[559],[1],[5],"[268, 613, 680, 669, 613]","[268, 613, 680, 669, 613]","[18, -110, -62, 194, 441]","[73, 118, 135, 133, 152]","[233, 313, 320, 319, 184, 538, 608, 571, 418, 780, 619, 636, 502]","[355, 473, 566, 431, 156, 383, 175, 296, 478, 433, 634, 422, 509]","[-5, -5, -5, -5, -1, -4, 0, 4, 1, 0, -5, 1, 3]","[-3, -2, -1, -2, -5, -3, -5, -3, -5, -5, -2, -5, -4]",40.8,24.5,41434.0,"[26086.0, 26454.0, 26038.0, 26070.0, 26150.0, 25318.0, 25398.0, 25238.0, 24934.0, 25478.0, 25846.0, 26150.0, 26182.0, 26758.0, 27078.0, 26534.0, 26822.0, 27062.0, 26982.0, 27190.0]",[]
52,-7,False,1085,394,5,8,[],[],[],[],"[291, 571, 656, 790]","[291, 571, 656, 790]","[121, -93, -42, 445]","[65, 127, 109, 141]","[133, 213, 220, 219, 197, 458, 608, 667, 439, 795, 519, 656, 562, 364, 677, 757, 788, 754]","[295, 423, 540, 391, 56, 323, 75, 245, 378, 333, 594, 322, 429, 683, 684, 758, 666, 734]","[-5, -5, -5, -5, 2, -4, 0, 5, 2, 1, -5, 1, 3, 4, 4, 5, 3, 0]","[-3, -3, -2, -2, -5, -3, -5, -2, -5, -5, -2, -5, -4, -3, -3, -3, -4, -5]",40.8,24.5,41242.0,"[46827.0, 45579.0, 43482.0, 42586.0, 40970.0, 39929.0, 37673.0, 36937.0, 35400.0, 34712.0, 33848.0, 33640.0, 34232.0, 33704.0, 34376.0, 34488.0, 33864.0, 33928.0, 34472.0, 33848.0]",[]
53,-7,False,1094,554,-6,7,[],[],[],[],"[343, 531, 619, 944]","[343, 531, 619, 944]","[184, -73, -64, 388]","[48, 99, 65, 103]","[36, 126, 120, 119, 378, 767, 479, 841, 419, 683, 622, 444, 757, 857, 848, 754]","[235, 363, 500, 351, 263, 211, 278, 239, 550, 222, 349, 623, 624, 698, 586, 634]","[-4, -4, -5, -5, -4, 5, 2, 3, -5, 2, 3, 4, 4, 5, 3, 0]","[-3, -3, -2, -2, -3, -1, -5, -4, -3, -5, -4, -3, -3, -3, -4, -5]",40.8,24.5,41242.0,"[46827.0, 45579.0, 43482.0, 42586.0, 40970.0, 39929.0, 37673.0, 36937.0, 35400.0, 34712.0, 33848.0, 33640.0, 34232.0, 33704.0, 34376.0, 34488.0, 33864.0, 33928.0, 34472.0, 33848.0]",[]
54,-7,False,1031,576,0,9,[],[],[],[],"[418, 495, 579, 1071]","[418, 495, 579, 1071]","[228, -41, -65, 309]","[36, 82, 32, 75]","[46, 20, 19, 298, 867, 528, 919, 326, 723, 689, 524, 837, 957, 908, 765]","[303, 460, 300, 203, 197, 178, 171, 490, 122, 269, 563, 564, 638, 506, 534]","[-4, -5, -5, -4, 5, 3, 5, -4, 2, 4, 4, 4, 5, 3, 1]","[-3, -2, -3, -3, 0, -5, -2, -3, -5, -4, -3, -3, -3, -4, -5]",40.8,24.5,41514.0,"[48043.0, 46683.0, 44682.0, 42858.0, 41738.0, 39945.0, 37593.0, 36392.0, 35320.0, 33096.0, 32247.0, 32007.0, 31543.0, 30999.0, 31191.0, 30871.0, 31047.0, 31047.0, 31047.0, 30791.0]",[]
55,-8,False,1030,576,0,0,[1066],[696],[0],[5],"[498, 475, 539, 1161, 205]","[498, 475, 539, 1161, 205]","[245, -26, -67, 195, 85]","[32, 37, 0, 29, -32]","[218, 967, 588, 1019, 246, 776, 769, 604, 917, 968, 785, 562, 640, 702, 1119, 344]","[143, 197, 98, 149, 430, 27, 189, 503, 504, 426, 434, 746, 789, 751, 722, 801]","[-4, 5, 3, 5, -4, 3, 4, 4, 4, 3, 1, 5, 5, 4, 0, 5]","[-3, 0, -4, 0, -3, -4, -4, -3, -3, -4, -5, 0, 0, -3, -5, -2]",40.8,24.5,41146.0,"[25830.0, 26182.0, 26758.0, 26774.0, 26662.0, 26694.0, 26662.0, 27654.0, 27798.0, 28038.0, 27654.0, 28182.0, 29095.0, 29415.0, 31335.0, 33496.0, 37017.0, 39465.0, 41962.0, 44954.0]",[]
56,-8,False,868,549,-9,-2,[1066],[796],[0],[5],"[593, 469, 500, 1207, 245]","[593, 469, 500, 1207, 245]","[264, 16, -54, 77, 161]","[16, -2, -36, -12, -76]","[138, 1067, 663, 1119, 166, 849, 684, 997, 1048, 805, 662, 740, 782, 1119, 444]","[83, 201, 18, 166, 357, 109, 443, 444, 346, 334, 746, 789, 691, 622, 761]","[-4, 5, 4, 5, -4, 4, 4, 4, 4, 1, 5, 5, 4, 0, 5]","[-3, 1, -4, 2, -4, -4, -3, -3, -4, -5, 0, 0, -3, -5, -2]",40.8,24.5,41178.0,"[33448.0, 33928.0, 33816.0, 33832.0, 34456.0, 34248.0, 33896.0, 34136.0, 33064.0, 33432.0, 32071.0, 31927.0, 31447.0, 31111.0, 30823.0, 30295.0, 29687.0, 29495.0, 29255.0, 28582.0]",[]
57,-9,False,733,570,-9,0,[],[],[],[],"[693, 471, 479, 1204, 313]","[693, 471, 479, 1204, 313]","[286, 54, -11, -35, 231]","[13, -3, -55, -7, -77]","[58, 1167, 1189, 103, 929, 764, 1077, 1128, 825, 762, 840, 1119, 544, 704, 566, 546, 1220, 374]","[23, 226, 240, 277, 46, 383, 384, 266, 234, 746, 783, 522, 721, 676, 792, 826, 784, 733]","[-4, 5, 2, -3, 4, 4, 4, 4, 1, 5, 5, 0, 5, 2, 5, 1, -4, 5]","[-3, 2, 5, -4, -3, -3, -3, -4, -5, 0, -1, -5, -2, -5, 0, 5, -3, -1]",40.8,24.5,41530.0,"[36488.0, 39593.0, 41274.0, 44122.0, 46219.0, 47323.0, 48475.0, 49308.0, 48523.0, 47675.0, 46939.0, 45787.0, 44042.0, 43178.0, 41866.0, 40121.0, 39097.0, 36937.0, 36120.0, 33960.0]",[]
58,-10,False,571,543,0,0,[],[],[],[],"[799, 499, 482, 1163, 422]","[799, 499, 482, 1163, 422]","[311, 127, 72, -111, 352]","[24, -1, -35, 3, -77]","[1259, 1197, 55, 844, 1157, 1195, 845, 862, 940, 1119, 644, 666, 1140, 474]","[276, 340, 181, 323, 324, 186, 134, 746, 763, 422, 681, 792, 724, 713]","[4, -1, -2, 4, 4, 3, 1, 5, 5, 0, 5, 5, -4, 5]","[3, 5, -5, -3, -3, -4, -5, 0, -1, -5, -2, 0, -3, -1]",40.8,24.5,41498.0,"[33064.0, 32631.0, 32151.0, 32023.0, 32567.0, 32359.0, 32279.0, 31927.0, 31959.0, 31719.0, 31623.0, 31975.0, 31031.0, 31159.0, 30567.0, 29639.0, 28759.0, 28118.0, 27942.0, 28118.0]",[]
59,-10,False,534,576,0,9,[],[],[],[],"[912, 547, 518, 1100, 571]","[912, 547, 518, 1100, 571]","[292, 153, 140, -158, 412]","[54, 33, -29, 28, -54]","[1318, 1156, 37, 924, 1237, 1255, 865, 962, 1040, 1119, 744, 766, 1060, 574]","[362, 435, 81, 263, 264, 106, 34, 746, 743, 322, 641, 792, 664, 693]","[2, -3, 0, 4, 4, 3, 1, 5, 5, 0, 5, 5, -4, 5]","[5, 4, -5, -3, -3, -4, -5, 0, -1, -5, -2, 0, -3, -1]",40.8,24.5,41434.0,"[27142.0, 27174.0, 26646.0, 26534.0, 26454.0, 26902.0, 26070.0, 26726.0, 27094.0, 26326.0, 27238.0, 27318.0, 27350.0, 27238.0, 27286.0, 27590.0, 28374.0, 28070.0, 28823.0, 28630.0]",[]
60,-11,False,521,576,-4,8,[],[],[],[],"[1012, 609, 1019, 731]","[1012, 609, 1019, 731]","[274, 202, -200, 424]","[99, 45, 6, -20]","[1322, 1084, 1004, 1317, 1315, 1062, 1140, 1104, 844, 866, 980, 674, 858, 691, 1056, 558]","[462, 511, 203, 193, 26, 746, 723, 222, 601, 792, 604, 673, 694, 730, 718, 716]","[-1, -4, 4, 4, 3, 5, 5, -1, 5, 5, -4, 5, -5, 5, -4, -3]","[5, 3, -3, -4, -4, 0, -1, -5, -2, 0, -3, -1, -2, -2, -3, 4]",40.8,24.5,41530.0,"[25654.0, 24790.0, 24565.0, 24565.0, 24229.0, 23317.0, 23141.0, 22709.0, 23461.0, 23509.0, 22997.0, 23093.0, 23701.0, 23589.0, 23477.0, 23397.0, 23957.0, 23861.0, 24005.0, 24630.0]",[]
61,-11,False,469,431,-1,-9,[],[],[],[],"[1101, 689, 920, 899]","[1101, 689, 920, 899]","[210, 240, -235, 456]","[93, 60, -11, 25]","[1280, 1000, 1084, 1397, 1162, 1240, 1082, 944, 966, 883, 774, 758, 791, 976, 498]","[556, 571, 143, 113, 746, 703, 122, 561, 792, 544, 653, 654, 690, 658, 796]","[-3, -5, 4, 4, 5, 5, -2, 5, 5, -5, 5, -5, 5, -4, -3]","[4, 3, -3, -4, 0, -1, -5, -2, 0, -3, -1, -2, -2, -3, 4]",40.8,24.5,41530.0,"[24565.0, 24117.0, 24614.0, 24405.0, 25494.0, 26518.0, 27174.0, 29191.0, 31063.0, 34312.0, 36792.0, 38937.0, 41546.0, 42794.0, 44106.0, 45067.0, 44698.0, 44490.0, 44586.0, 44330.0]",[]
62,-11,False,533,269,7,-6,[],[],[],[],"[1161, 777, 812, 1072, 397]","[1161, 777, 812, 1072, 397]","[137, 234, -260, 431, 25]","[76, 26, -8, 49, 5]","[1200, 900, 1164, 1477, 1262, 1340, 1042, 1044, 1066, 783, 874, 658, 882, 896, 1154, 732, 860, 986, 487]","[623, 612, 83, 33, 746, 663, 22, 521, 787, 484, 622, 614, 636, 598, 760, 768, 716, 604, 620]","[-5, -5, 4, 4, 5, 5, -2, 5, 5, -5, 5, -5, 4, -4, -3, -5, -4, -5, 5]","[3, 2, -3, -4, 0, -2, -5, -2, -1, -3, -2, -2, -3, -3, -4, -2, -4, -1, -1]",40.8,24.5,41146.0,"[31287.0, 31319.0, 31383.0, 30503.0, 29511.0, 30295.0, 28951.0, 29079.0, 28775.0, 27990.0, 28342.0, 27222.0, 27526.0, 27574.0, 27046.0, 27686.0, 27190.0, 27622.0, 28326.0, 27798.0]",[]
63,-11,False,707,223,9,0,[],[],[],[],"[1182, 850, 689, 1215, 405]","[1182, 850, 689, 1215, 405]","[7, 186, -305, 332, 69]","[40, -22, -27, 38, 8]","[1100, 800, 1244, 1362, 1435, 1144, 1166, 683, 974, 558, 958, 816, 1094, 632, 780, 886, 587]","[657, 633, 23, 746, 612, 477, 767, 424, 582, 574, 563, 538, 680, 728, 636, 584, 600]","[-5, -5, 4, 5, 4, 5, 5, -5, 5, -5, 3, -4, -3, -5, -4, -5, 5]","[1, 1, -3, 0, -3, -3, -1, -3, -2, -2, -4, -3, -4, -2, -4, -1, -1]",40.8,24.5,41050.0,"[37065.0, 39673.0, 40953.0, 42762.0, 44170.0, 44810.0, 45675.0, 45515.0, 45147.0, 44698.0, 43434.0, 43338.0, 42266.0, 41482.0, 40745.0, 39609.0, 39049.0, 37353.0, 37161.0, 35416.0]",[]
64,-11,False,887,260,9,2,[],[],[],[],"[1151, 898, 553, 1314, 429]","[1151, 898, 553, 1314, 429]","[-112, 109, -298, 203, 112]","[3, -73, -59, 64, 7]","[1000, 700, 1462, 1515, 1244, 1266, 597, 1074, 458, 1018, 736, 1034, 532, 700, 786, 687]","[666, 633, 746, 545, 417, 730, 364, 534, 534, 483, 478, 600, 680, 556, 564, 567]","[-5, -5, 5, 4, 5, 5, -4, 5, -5, 3, -4, -3, -5, -4, -5, 5]","[0, 0, 0, -4, -3, -2, -3, -3, -2, -4, -3, -4, -3, -4, -1, -2]",40.8,24.5,41066.0,"[34664.0, 34472.0, 33208.0, 32952.0, 32551.0, 32695.0, 32872.0, 32936.0, 32343.0, 32023.0, 32183.0, 31751.0, 30855.0, 30727.0, 30647.0, 29975.0, 29255.0, 29015.0, 29207.0, 28598.0]",[]
65,-11,False,989,153,-4,-9,[],[],[],[],"[1072, 920, 430, 1359, 470]","[1072, 920, 430, 1359, 470]","[-212, 60, -274, 78, 154]","[-34, -101, -88, 75, 7]","[900, 600, 1344, 1363, 517, 1162, 358, 1069, 656, 974, 438, 620, 686, 787, 1163, 988, 688, 1261, 568]","[666, 629, 357, 680, 304, 474, 494, 383, 418, 520, 620, 476, 544, 527, 700, 658, 647, 627, 576]","[-5, -5, 5, 4, -4, 4, -5, 2, -4, -3, -4, -4, -5, 5, -1, 2, 5, -5, 5]","[0, -1, -3, -3, -3, -3, -2, -5, -3, -4, -3, -4, -1, -2, -5, -5, -3, -1, -2]",40.8,24.5,41370.0,"[28438.0, 28983.0, 29255.0, 28711.0, 29143.0, 29911.0, 28967.0, 29079.0, 29255.0, 30039.0, 29799.0, 30503.0, 30679.0, 30663.0, 31415.0, 31735.0, 33352.0, 35336.0, 36921.0, 39433.0]",[]
66,-11,False,852,156,-5,8,[897],[209],[-3],[5],"[961, 918, 323, 1353, 530]","[961, 918, 323, 1353, 530]","[-294, -6, -207, -45, 175]","[-80, -127, -66, 36, 17]","[800, 502, 1429, 1443, 437, 1242, 262, 1109, 576, 914, 358, 541, 586, 887, 1143, 1028, 771, 1161, 668]","[648, 592, 297, 615, 243, 414, 437, 283, 357, 440, 560, 396, 513, 483, 600, 558, 587, 607, 519]","[-5, -4, 4, 4, -4, 4, -4, 2, -4, -3, -4, -3, -5, 5, -1, 2, 4, -5, 5]","[-2, -3, -3, -4, -4, -3, -3, -5, -4, -4, -3, -4, -2, -3, -5, -5, -3, -1, -3]",40.8,24.5,41370.0,"[28438.0, 28983.0, 29255.0, 28711.0, 29143.0, 29911.0, 28967.0, 29079.0, 29255.0, 30039.0, 29799.0, 30503.0, 30679.0, 30663.0, 31415.0, 31735.0, 33352.0, 35336.0, 36921.0, 39433.0]",[]
67,-11,False,740,279,-9,0,[852],[309],[-2],[5],"[832, 898, 248, 1296, 590]","[832, 898, 248, 1296, 590]","[-293, -36, -124, -160, 185]","[-73, -85, -54, 34, 44]","[700, 429, 1509, 1508, 357, 1322, 182, 1138, 496, 854, 278, 481, 486, 974, 1123, 1068, 851, 1061, 768, 942, 898, 374, 1318, 601]","[606, 520, 237, 535, 163, 336, 377, 183, 277, 360, 500, 316, 473, 423, 500, 458, 527, 570, 459, 682, 599, 602, 645, 567]","[-5, -3, 4, 3, -4, 4, -4, 1, -4, -3, -4, -3, -5, 4, -1, 2, 4, -5, 5, 1, -5, 5, -5, 0]","[-3, -4, -3, -4, -4, -4, -3, -5, -4, -4, -3, -4, -2, -3, -5, -5, -3, -2, -3, -5, -2, -2, -3, -5]",40.8,24.5,41370.0,"[27158.0, 27622.0, 27014.0, 26774.0, 26950.0, 27782.0, 27718.0, 28374.0, 27654.0, 28230.0, 28406.0, 29239.0, 29607.0, 29863.0, 29703.0, 28807.0, 29367.0, 29143.0, 28983.0, 29143.0]",[]
68,-11,False,560,260,-9,0,[812],[409],[-2],[5],"[712, 878, 211, 1200, 659]","[712, 878, 211, 1200, 659]","[-292, -32, -17, -260, 218]","[-49, -67, 0, 61, 71]","[615, 382, 277, 1383, 102, 1147, 416, 794, 198, 421, 386, 1054, 1103, 1101, 931, 961, 849, 962, 798, 474, 1218, 601]","[546, 425, 83, 255, 317, 83, 197, 280, 422, 236, 433, 363, 400, 358, 467, 530, 399, 582, 559, 545, 585, 467]","[-4, -2, -4, 3, -4, 0, -4, -3, -4, -3, -5, 4, -1, 1, 4, -5, 4, 1, -5, 5, -5, 0]","[-3, -5, -4, -5, -3, -5, -4, -4, -4, -4, -2, -3, -5, -5, -3, -2, -3, -5, -2, -3, -3, -5]",40.8,24.5,41562.0,"[42090.0, 41258.0, 40857.0, 40585.0, 39881.0, 39129.0, 38201.0, 37177.0, 36184.0, 35624.0, 35048.0, 33896.0, 34056.0, 33816.0, 33416.0, 33624.0, 33224.0, 33464.0, 33496.0, 33160.0]",[]
69,-11,False,454,398,0,9,[772],[509],[-2],[5],"[592, 858, 220, 1074, 739]","[592, 858, 220, 1074, 739]","[-256, -42, 106, -316, 235]","[-30, -28, 40, 79, 102]","[535, 355, 197, 1424, 22, 336, 734, 118, 361, 286, 1126, 1067, 1121, 1011, 861, 929, 972, 698, 574, 1118, 601]","[486, 325, 3, 155, 237, 117, 200, 342, 156, 393, 283, 300, 258, 404, 490, 339, 482, 519, 485, 525, 367]","[-4, -1, -4, 1, -4, -4, -3, -4, -3, -5, 3, -2, 1, 4, -5, 4, 0, -5, 5, -5, 0]","[-3, -5, -4, -5, -4, -4, -4, -4, -4, -2, -4, -5, -5, -4, -2, -3, -5, -2, -3, -3, -5]",40.8,24.5,41114.0,"[32183.0, 31879.0, 31351.0, 31975.0, 31511.0, 30743.0, 30567.0, 30183.0, 30823.0, 30551.0, 29975.0, 29671.0, 30055.0, 29575.0, 28999.0, 28951.0, 29255.0, 28935.0, 29671.0, 29543.0]",[]
70,-12,False,454,434,0,0,[732],[609],[-2],[5],"[488, 833, 277, 926, 830]","[488, 833, 277, 926, 830]","[-211, -52, 223, -367, 250]","[1, -1, 73, 83, 127]","[335, 1430, 256, 674, 38, 301, 186, 1177, 1027, 1141, 1091, 761, 1009, 972, 598, 674, 1018, 601, 605, 805, 366, 1029, 729]","[225, 55, 37, 120, 262, 76, 353, 191, 200, 158, 324, 450, 279, 382, 479, 425, 474, 267, 549, 624, 600, 640, 565]","[-1, 0, -4, -3, -4, -3, -5, 2, -2, 1, 4, -5, 4, 0, -5, 5, -5, 0, -1, -5, 5, -4, -3]","[-5, -5, -4, -4, -4, -4, -2, -5, -5, -5, -4, -2, -3, -5, -2, -3, -2, -5, -5, 0, -1, -3, -4]",40.8,24.5,41562.0,"[30759.0, 31223.0, 30535.0, 31159.0, 31079.0, 31831.0, 33064.0, 34952.0, 36312.0, 37641.0, 40601.0, 42026.0, 42474.0, 43738.0, 43290.0, 43866.0, 42938.0, 42682.0, 41258.0, 40025.0]",[]
71,-13,False,454,434,0,0,[692],[709],[-2],[5],"[411, 813, 379, 766, 910]","[411, 813, 379, 766, 910]","[-133, -47, 325, -379, 243]","[34, 42, 112, 101, 155]","[323, 606, 86, 1188, 987, 1154, 1163, 661, 1089, 972, 774, 918, 601, 585, 705, 466, 949, 669]","[125, 40, 313, 91, 100, 58, 244, 410, 205, 282, 365, 434, 167, 449, 624, 580, 580, 485]","[0, -4, -5, 0, -2, 0, 3, -5, 4, 0, 5, -5, 0, -1, -5, 5, -4, -3]","[-5, -4, -2, -5, -5, -5, -4, -2, -4, -5, -3, -2, -5, -5, 0, -1, -3, -4]",40.8,24.5,41610.0,"[32535.0, 32311.0, 32135.0, 31207.0, 31063.0, 30919.0, 30903.0, 31015.0, 30519.0, 30727.0, 30215.0, 30151.0, 30391.0, 30919.0, 30343.0, 29943.0, 30423.0, 29511.0, 30247.0, 29751.0]",[]
72,-13,False,454,434,0,0,[],[],[],[],"[364, 776, 516, 987, 156]","[364, 776, 516, 987, 156]","[-74, -75, 356, 185, 58]","[59, 37, 109, 144, -15]","[325, 1136, 1223, 561, 1160, 972, 874, 818, 601, 565, 605, 566, 869, 609, 479, 803, 507, 952, 250]","[25, 5, 164, 370, 125, 182, 305, 394, 67, 349, 624, 560, 520, 405, 609, 600, 630, 755, 700]","[1, -4, 3, -5, 3, 0, 5, -5, 0, -1, -5, 5, -4, -3, 5, -4, 1, -5, 5]","[-5, -3, -4, -2, -4, -5, -3, -2, -5, -5, 0, -1, -3, -4, -3, -3, -5, -2, -3]",40.8,24.5,41146.0,"[30471.0, 30263.0, 30167.0, 30999.0, 30887.0, 31639.0, 31575.0, 31415.0, 32007.0, 31943.0, 31575.0, 32151.0, 32279.0, 32231.0, 32279.0, 32295.0, 32087.0, 31479.0, 31847.0, 32311.0]",[]
73,-13,False,454,434,0,0,[],[],[],[],"[336, 736, 656, 1035, 191]","[336, 736, 656, 1035, 191]","[-21, -96, 360, 115, 156]","[65, 48, 95, 100, -48]","[1276, 461, 1218, 953, 974, 718, 544, 505, 666, 789, 549, 572, 723, 527, 852, 350]","[69, 350, 39, 82, 245, 354, 249, 624, 540, 460, 325, 549, 540, 530, 715, 640]","[2, -5, 2, -1, 5, -5, -2, -5, 5, -4, -3, 4, -4, 1, -5, 5]","[-5, -1, -5, -5, -3, -2, -5, 0, -1, -3, -4, -3, -3, -5, -2, -3]",40.8,24.5,41274.0,"[38121.0, 37081.0, 37289.0, 36632.0, 35624.0, 35928.0, 35608.0, 35304.0, 35080.0, 34248.0, 34584.0, 34056.0, 33128.0, 32647.0, 31927.0, 31447.0, 31287.0, 31271.0, 30791.0, 30791.0]",[]
74,-13,False,454,434,0,0,[],[],[],[],"[328, 676, 791, 1049, 262]","[328, 676, 791, 1049, 262]","[45, -124, 344, 17, 237]","[53, 28, 46, 61, -84]","[361, 1055, 618, 504, 405, 766, 709, 489, 652, 643, 547, 752, 450]","[330, 185, 314, 149, 604, 501, 400, 245, 489, 480, 430, 675, 580]","[-5, 4, -5, -2, -5, 5, -4, -3, 4, -4, 1, -5, 5]","[-1, -3, -2, -5, -1, -2, -3, -4, -3, -3, -5, -2, -3]",40.8,24.5,41034.0,"[31895.0, 31511.0, 31511.0, 30871.0, 31431.0, 31047.0, 31079.0, 31015.0, 31175.0, 31255.0, 31927.0, 32215.0, 32151.0, 32295.0, 33240.0, 33096.0, 34840.0, 36568.0, 38281.0, 39561.0]",[]
75,-13,False,454,434,0,0,[],[],[],[],"[348, 616, 911, 1034, 361]","[348, 616, 911, 1034, 361]","[102, -121, 303, -39, 300]","[45, 24, 43, 23, -100]","[261, 1135, 518, 464, 305, 866, 629, 429, 732, 563, 567, 652, 540, 417, 634, 757, 990, 410]","[310, 125, 274, 49, 584, 461, 340, 165, 429, 420, 330, 635, 520, 589, 571, 675, 795, 679]","[-5, 4, -5, -2, -5, 5, -4, -3, 4, -4, 1, -5, 4, 2, -4, -4, -5, 5]","[-1, -3, -2, -5, -1, -2, -3, -4, -3, -3, -5, -2, -3, -5, -3, -3, -1, 1]",40.8,24.5,41482.0,"[37817.0, 36889.0, 36985.0, 37017.0, 36937.0, 37129.0, 36921.0, 37193.0, 37145.0, 37209.0, 37001.0, 36744.0, 37145.0, 36680.0, 36392.0, 34904.0, 34312.0, 33800.0, 33624.0, 32615.0]",[]
76,-15,False,455,443,0,0,[],[],[],[],"[388, 556, 1003, 994, 481]","[388, 556, 1003, 994, 481]","[141, -101, 214, -116, 342]","[13, 25, 27, -9, -80]","[161, 1215, 418, 205, 966, 549, 369, 812, 584, 552, 620, 554, 677, 890, 510]","[290, 65, 234, 564, 421, 280, 85, 365, 230, 595, 460, 511, 615, 775, 692]","[-5, 4, -5, -5, 5, -4, -3, 4, 0, -5, 4, -4, -4, -5, 5]","[-1, -3, -2, -1, -2, -3, -4, -4, -5, -2, -3, -3, -3, -1, 0]",40.8,24.5,41450.0,"[40217.0, 39193.0, 38537.0, 37177.0, 36504.0, 35880.0, 34840.0, 34232.0, 32583.0, 32487.0, 31751.0, 32183.0, 33112.0, 35176.0, 37305.0, 40953.0, 45675.0, 50156.0, 54637.0, 57694.0]",[]
