,HP,Power up,Player x,Player y,Player speed_x,Player speed_y,Player bullet x,Player bullet y,Player bullet speed_x,Player bullet speed_y,Enemy x,Enemy y,Enemy speed_x,Enemy speed_y,Enemy bullet x,Enemy bullet y,Enemy bullet speed_x,Enemy bullet speed_y,Humidity,Temperature,Skin conductance,Relative blood volume,Accelerations
0,10,False,658,400,0,0,[],[],[],[],"[369, 665, 642, 1251]","[369, 665, 642, 1251]","[372, 35, 343, -35]","[47, 112, 106, 15]",[],[],[],[],41.0,24.0,41194.0,"[18580.0, 18388.0, 17476.0, 16996.0, 17332.0, 17028.0, 16339.0, 16099.0, 16099.0, 15747.0, 15987.0, 15763.0, 15779.0, 16019.0, 15507.0, 16179.0, 16484.0, 16724.0, 16724.0, 16548.0]",[]
1,10,False,664,393,6,-7,[],[],[],[],"[528, 678, 781, 1211]","[528, 678, 781, 1211]","[455, 56, 368, -118]","[62, 146, 128, 55]",[],[],[],[],41.0,24.0,41290.0,"[17108.0, 16980.0, 16788.0, 17076.0, 16548.0, 16948.0, 16804.0, 16900.0, 16900.0, 16900.0, 16724.0, 16644.0, 16692.0, 16756.0, 16484.0, 16836.0, 17156.0, 17844.0, 17972.0, 18500.0]",[]
2,10,False,688,357,0,9,[723],[389],[0],[5],"[708, 696, 921, 1135, 980]","[708, 696, 921, 1135, 980]","[471, 49, 366, -217, -42]","[45, 140, 101, 77, -13]","[667, 773, 862, 1180, 989]","[735, 683, 708, 600, 794]","[0, 4, -4, -4, -4]","[-5, -4, -3, -4, -4]",41.0,24.0,41066.0,"[19076.0, 20164.0, 19988.0, 19940.0, 20244.0, 19972.0, 19924.0, 20068.0, 19540.0, 19380.0, 18964.0, 18852.0, 18564.0, 18372.0, 18100.0, 18516.0, 18276.0, 17764.0, 17476.0, 17108.0]",[]
3,10,False,627,372,-3,-9,[723],[489],[0],[5],"[888, 715, 1044, 1023, 936]","[888, 715, 1044, 1023, 936]","[458, 57, 288, -294, -120]","[0, 102, 75, 58, -48]","[667, 839, 782, 1100, 909]","[635, 603, 648, 520, 714]","[0, 3, -4, -4, -4]","[-5, -4, -3, -4, -4]",41.0,24.0,41194.0,"[16211.0, 16436.0, 15971.0, 16003.0, 16163.0, 16404.0, 16035.0, 16355.0, 17028.0, 16484.0, 16003.0, 16035.0, 16051.0, 16660.0, 16596.0, 16724.0, 16804.0, 16820.0, 16900.0, 17268.0]",[]
4,10,False,549,237,-9,1,[723],[589],[0],[5],"[1042, 726, 1132, 884, 866]","[1042, 726, 1132, 884, 866]","[371, 44, 201, -353, -175]","[-57, 61, 40, 27, -80]","[667, 899, 702, 1020, 829]","[535, 523, 588, 440, 634]","[0, 3, -4, -4, -4]","[-5, -4, -3, -4, -4]",41.0,24.0,41162.0,"[18948.0, 17732.0, 18068.0, 18228.0, 18148.0, 18084.0, 17268.0, 17348.0, 17428.0, 17156.0, 16836.0, 16147.0, 16307.0, 16275.0, 16468.0, 17028.0, 16836.0, 16884.0, 16900.0, 16820.0]",[]
5,10,False,455,352,1,9,[],[],[],[],"[1162, 726, 1183, 778]","[1162, 726, 1183, 778]","[281, 17, 101, -221]","[-57, 21, -14, -83]","[667, 946, 622, 940, 749, 1009, 734, 1076, 813, 868]","[435, 423, 528, 364, 554, 684, 711, 763, 623, 655]","[0, 2, -4, -4, -4, -4, -2, -5, -5, -2]","[-5, -5, -3, -3, -4, -4, -5, -1, -2, -5]",41.0,24.0,41322.0,"[16532.0, 17188.0, 17028.0, 16660.0, 16548.0, 17044.0, 16836.0, 16804.0, 16564.0, 15955.0, 16067.0, 16404.0, 16259.0, 17092.0, 16964.0, 16804.0, 16996.0, 17684.0, 16916.0, 16788.0]",[]
6,9,False,456,427,-7,-6,[],[],[],[],"[1243, 713, 1183, 678]","[1243, 713, 1183, 678]","[181, -21, -30, -217]","[-76, -2, -61, -109]","[667, 978, 860, 669, 929, 694, 976, 713, 828]","[335, 323, 304, 474, 604, 611, 743, 583, 555]","[0, 1, -4, -4, -4, -2, -5, -5, -2]","[-5, -5, -3, -4, -4, -5, -1, -2, -5]",41.0,24.0,41322.0,"[16532.0, 17188.0, 17028.0, 16660.0, 16548.0, 17044.0, 16836.0, 16804.0, 16564.0, 15955.0, 16067.0, 16404.0, 16259.0, 17092.0, 16964.0, 16804.0, 16996.0, 17684.0, 16916.0, 16788.0]",[]
7,9,False,392,361,0,0,[],[],[],[],"[1278, 693, 1141, 585, 454]","[1278, 693, 1141, 585, 454]","[54, -29, -115, -180, 30]","[-42, -13, -65, -112, 3]","[667, 989, 780, 589, 849, 654, 876, 613, 788, 1267, 748, 1173, 620, 449]","[235, 223, 244, 394, 524, 511, 723, 543, 455, 654, 748, 697, 627, 730]","[0, 0, -4, -4, -4, -2, -5, -5, -2, -5, 0, -4, -5, -4]","[-5, -5, -3, -4, -4, -5, -1, -2, -5, -2, -5, -4, -1, -3]",40.9,24.0,41354.0,"[17732.0, 17236.0, 17332.0, 17636.0, 17700.0, 17540.0, 17332.0, 17556.0, 16980.0, 17220.0, 16772.0, 17028.0, 16980.0, 16916.0, 16532.0, 16660.0, 16948.0, 16868.0, 16804.0, 16468.0]",[]
8,9,False,419,399,0,0,[481],[485],[2],[5],"[1271, 673, 1076, 513, 471]","[1271, 673, 1076, 513, 471]","[-37, -2, -159, -127, 100]","[8, -17, -48, -67, 18]","[667, 988, 700, 509, 769, 614, 776, 513, 741, 1167, 748, 1093, 520, 369]","[135, 123, 184, 314, 444, 411, 703, 503, 355, 614, 648, 617, 607, 670]","[0, -1, -4, -4, -4, -2, -5, -5, -3, -5, 0, -4, -5, -4]","[-5, -5, -3, -4, -4, -5, -1, -2, -5, -2, -5, -4, -1, -3]",40.9,24.0,41210.0,"[19556.0, 19748.0, 19236.0, 19556.0, 19044.0, 19252.0, 18788.0, 18212.0, 18004.0, 18228.0, 17668.0, 18004.0, 17700.0, 17572.0, 17572.0, 17252.0, 16916.0, 17188.0, 16628.0, 17092.0]",[]
9,7,False,501,334,0,0,[],[],[],[],"[1234, 673, 991, 511]","[1234, 673, 991, 511]","[-92, 21, -214, 149]","[48, -7, -18, 50]","[667, 958, 620, 429, 689, 676, 681, 1067, 748, 1013, 420, 289]","[35, 23, 124, 234, 384, 674, 255, 574, 548, 543, 583, 610]","[0, -2, -4, -4, -4, -5, -3, -5, 0, -4, -5, -4]","[-5, -5, -3, -4, -3, -2, -5, -2, -5, -3, -2, -3]",40.9,24.0,41450.0,"[16868.0, 16868.0, 17156.0, 17236.0, 16852.0, 16932.0, 16692.0, 17188.0, 17220.0, 16772.0, 16596.0, 16788.0, 17108.0, 17108.0, 16948.0, 17092.0, 16788.0, 17396.0, 17764.0, 17572.0]",[]
10,6,False,563,330,8,-4,[],[],[],[],"[1176, 679, 891, 575, 1160]","[1176, 679, 891, 575, 1160]","[-162, 55, -223, 212, -67]","[99, 8, 9, 67, -7]","[540, 349, 576, 621, 967, 748, 933, 320, 209, 1179, 717, 924, 637, 1153]","[64, 154, 634, 164, 534, 448, 483, 543, 550, 623, 646, 585, 706, 778]","[-4, -4, -5, -3, -5, 0, -4, -5, -4, -5, 0, -5, 4, -4]","[-3, -4, -2, -4, -2, -5, -3, -2, -3, -1, -5, -3, -3, -3]",40.9,24.0,41354.0,"[17828.0, 18260.0, 18500.0, 18948.0, 18452.0, 18788.0, 18452.0, 19220.0, 18404.0, 18244.0, 18356.0, 18308.0, 18084.0, 17732.0, 18356.0, 17860.0, 18452.0, 18004.0, 17364.0, 17204.0]",[]
11,5,False,702,283,9,0,[],[],[],[],"[1090, 699, 791, 655, 1113]","[1090, 699, 791, 655, 1113]","[-215, 84, -233, 248, -118]","[141, 28, 46, 60, -11]","[460, 269, 476, 561, 867, 853, 220, 129, 1079, 717, 824, 717, 1073]","[4, 74, 594, 84, 494, 423, 502, 471, 592, 546, 525, 629, 718]","[-4, -4, -5, -3, -5, -4, -5, -4, -5, 0, -5, 4, -4]","[-3, -4, -2, -4, -2, -3, -3, -4, -2, -5, -3, -4, -3]",40.9,24.0,41354.0,"[16980.0, 17300.0, 16692.0, 16644.0, 17076.0, 16852.0, 16339.0, 16484.0, 16836.0, 16756.0, 16612.0, 16868.0, 17092.0, 16916.0, 16788.0, 16708.0, 16724.0, 17540.0, 17108.0, 16724.0]",[]
12,1,False,724,432,-2,9,[],[],[],[],"[983, 719, 691, 755, 1043]","[983, 719, 691, 755, 1043]","[-287, 81, -231, 264, -188]","[145, 9, 51, 40, -34]","[376, 501, 134, 62, 979, 797, 993, 1043, 773, 808, 731, 1067]","[554, 4, 442, 391, 552, 549, 658, 686, 690, 603, 762, 751]","[-5, -3, -4, -3, -5, 4, -4, -4, 2, 3, -2, -5]","[-2, -4, -3, -4, -2, -4, -3, -4, -5, -4, -5, -2]",40.9,24.0,41306.0,"[17204.0, 16692.0, 17108.0, 16788.0, 16580.0, 17044.0, 17588.0, 18004.0, 18084.0, 18532.0, 18660.0, 19876.0, 19412.0, 19620.0, 19860.0, 20244.0, 19908.0, 20036.0, 20020.0, 19844.0]",[]
13,1,False,650,286,3,-9,[],[],[],[],"[841, 733, 580, 838, 937]","[841, 733, 580, 838, 937]","[-364, 48, -264, 217, -272]","[107, 5, 47, -12, -57]","[276, 56, 2, 879, 864, 913, 963, 813, 868, 691, 967]","[514, 371, 310, 512, 469, 598, 606, 590, 523, 662, 711]","[-5, -3, -3, -5, 3, -4, -4, 2, 3, -2, -5]","[-2, -4, -5, -2, -4, -3, -4, -5, -4, -5, -2]",41.0,23.9,41642.0,"[18052.0, 17572.0, 17460.0, 17636.0, 17380.0, 17348.0, 17284.0, 17348.0, 17364.0, 17860.0, 17476.0, 17396.0, 16916.0, 17188.0, 17028.0, 17380.0, 16804.0, 17492.0, 17620.0, 17316.0]",[]
14,1,False,776,152,8,-5,[],[],[],[],"[677, 737, 469, 904, 808]","[677, 737, 469, 904, 808]","[-411, 36, -248, 164, -327]","[58, 13, 22, -65, -47]","[176, 3, 779, 924, 833, 883, 853, 928, 651, 867]","[474, 281, 472, 389, 538, 526, 490, 429, 562, 671]","[-5, -2, -5, 3, -4, -4, 2, 3, -2, -5]","[-2, -5, -2, -4, -3, -4, -5, -5, -5, -2]",41.0,23.9,41434.0,"[17396.0, 17780.0, 17588.0, 17332.0, 17156.0, 17316.0, 17876.0, 17924.0, 17668.0, 18740.0, 18708.0, 19124.0, 18916.0, 19076.0, 19620.0, 19588.0, 18580.0, 18468.0, 17844.0, 17844.0]",[]
15,1,False,906,40,-7,-6,[],[],[],[],"[497, 737, 369, 946, 667]","[497, 737, 369, 946, 667]","[-424, 9, -208, 87, -344]","[28, -17, -12, -85, -63]","[76, 679, 984, 753, 803, 893, 981, 613, 767, 727, 819, 562, 953, 801]","[434, 432, 309, 478, 446, 390, 329, 462, 611, 704, 639, 584, 688, 606]","[-5, -5, 3, -4, -4, 2, 2, -1, -5, 1, 2, 3, 0, -2]","[-2, -2, -4, -3, -4, -5, -5, -5, -3, -5, -5, -4, -5, -5]",41.0,23.9,41226.0,"[17924.0, 18132.0, 17844.0, 17876.0, 17716.0, 17460.0, 17972.0, 17812.0, 17732.0, 17508.0, 17700.0, 17540.0, 17348.0, 16884.0, 17028.0, 16788.0, 17572.0, 17572.0, 17076.0, 17380.0]",[]
16,1,False,750,97,-5,8,[797],[145],[-3],[4],"[319, 725, 290, 955, 517]","[319, 725, 290, 955, 517]","[-394, -6, -146, 8, -344]","[0, -28, -28, -122, -85]","[579, 1042, 673, 723, 933, 1021, 593, 680, 747, 859, 622, 953, 779]","[392, 212, 417, 366, 290, 229, 362, 551, 604, 539, 504, 588, 506]","[-5, 2, -4, -4, 2, 2, -1, -4, 1, 2, 3, 0, -1]","[-2, -5, -4, -4, -5, -5, -5, -3, -5, -5, -4, -5, -5]",41.0,23.9,41530.0,"[18996.0, 19236.0, 19844.0, 20164.0, 20116.0, 19508.0, 19284.0, 19412.0, 18980.0, 18644.0, 18340.0, 18100.0, 18452.0, 18180.0, 18052.0, 17796.0, 17124.0, 17236.0, 17028.0, 16868.0]",[]
17,1,False,772,93,0,0,[740],[238],[-2],[5],"[172, 709, 240, 936, 379]","[172, 709, 240, 936, 379]","[-284, 6, -56, -39, -292]","[-17, -31, 4, -117, -61]","[479, 1082, 593, 643, 955, 1061, 573, 600, 767, 899, 682, 953, 759, 309, 769, 347, 988, 490]","[352, 112, 337, 286, 190, 129, 262, 491, 504, 439, 424, 488, 406, 757, 644, 598, 616, 568]","[-5, 2, -4, -4, 1, 2, -1, -4, 1, 2, 3, 0, -1, 4, 1, 5, 0, 1]","[-2, -5, -4, -4, -5, -5, -5, -3, -5, -5, -4, -5, -5, -4, -5, -3, -5, -5]",41.0,23.9,41226.0,"[16099.0, 16612.0, 16564.0, 16051.0, 16035.0, 16211.0, 16179.0, 16179.0, 16644.0, 16195.0, 16195.0, 16307.0, 16339.0, 16724.0, 16916.0, 16804.0, 16708.0, 16852.0, 16484.0, 17044.0]",[]
18,1,False,839,131,0,0,[700],[338],[-2],[5],"[80, 709, 239, 905, 274]","[80, 709, 239, 905, 274]","[-143, 29, 85, -48, -195]","[-11, 1, 42, -55, -10]","[379, 1122, 513, 583, 975, 1101, 553, 520, 787, 939, 742, 953, 739, 389, 789, 447, 988, 510]","[299, 12, 257, 206, 90, 29, 162, 431, 404, 339, 344, 388, 306, 677, 544, 538, 516, 468]","[-5, 2, -4, -3, 1, 2, -1, -4, 1, 2, 3, 0, -1, 4, 1, 5, 0, 1]","[-3, -5, -4, -4, -5, -5, -5, -3, -5, -5, -4, -5, -5, -4, -5, -3, -5, -5]",41.0,23.9,41194.0,"[17476.0, 18068.0, 17940.0, 17604.0, 17108.0, 17540.0, 17588.0, 16868.0, 17492.0, 17876.0, 16980.0, 17492.0, 17412.0, 17588.0, 18052.0, 18260.0, 17748.0, 18324.0, 17588.0, 17668.0]",[]
19,0,False,1009,182,9,3,[660],[438],[-2],[5],"[42, 714, 286, 868, 212]","[42, 714, 286, 868, 212]","[7, 50, 196, -50, -69]","[0, 29, 105, -7, 27]","[291, 433, 523, 533, 440, 807, 802, 953, 719, 469, 809, 547, 988, 530]","[239, 177, 126, 62, 371, 304, 264, 288, 206, 597, 444, 478, 416, 368]","[-4, -4, -3, -1, -4, 1, 3, 0, -1, 4, 1, 5, 0, 1]","[-3, -4, -4, -5, -3, -5, -4, -5, -5, -4, -5, -3, -5, -5]",41.0,23.9,41194.0,"[17476.0, 18068.0, 17940.0, 17604.0, 17108.0, 17540.0, 17588.0, 16868.0, 17492.0, 17876.0, 16980.0, 17492.0, 17412.0, 17588.0, 18052.0, 18260.0, 17748.0, 18324.0, 17588.0, 17668.0]",[]
20,0,False,1105,311,-3,9,[621],[538],[-1],[5],"[68, 734, 375, 834, 199]","[68, 734, 375, 834, 199]","[163, 69, 292, -63, 49]","[24, 73, 148, 48, 70]","[211, 353, 463, 360, 827, 862, 953, 699, 549, 829, 647, 988, 558, 180, 802, 436, 983, 356]","[179, 97, 46, 291, 204, 184, 188, 106, 517, 344, 418, 316, 268, 718, 566, 615, 552, 562]","[-4, -4, -3, -4, 1, 3, 0, -1, 4, 1, 5, 0, 2, 5, 2, 5, 4, 5]","[-3, -4, -4, -4, -5, -4, -5, -5, -4, -5, -3, -5, -5, -2, -5, -2, -3, -3]",41.0,23.9,41514.0,"[19236.0, 18724.0, 18500.0, 18724.0, 18388.0, 18612.0, 17732.0, 17684.0, 17716.0, 17332.0, 18132.0, 17876.0, 17732.0, 17412.0, 17908.0, 17364.0, 17780.0, 17284.0, 17796.0, 17060.0]",[]
21,0,False,1131,345,6,-7,[601],[638],[-1],[5],"[157, 754, 502, 794, 239]","[157, 754, 502, 794, 239]","[321, 90, 375, -68, 176]","[26, 75, 175, 88, 121]","[131, 277, 283, 847, 922, 953, 687, 629, 849, 747, 988, 598, 280, 842, 536, 1063, 456]","[108, 17, 211, 104, 104, 88, 6, 437, 244, 358, 216, 168, 678, 466, 575, 492, 502]","[-4, -3, -3, 1, 3, 0, 0, 4, 1, 5, 0, 2, 5, 2, 5, 4, 5]","[-4, -4, -4, -5, -4, -5, -5, -4, -5, -3, -5, -5, -2, -5, -2, -3, -3]",41.0,23.9,41162.0,"[17236.0, 16980.0, 17348.0, 17028.0, 16932.0, 16580.0, 17284.0, 16980.0, 17748.0, 18468.0, 18724.0, 19076.0, 19876.0, 19716.0, 20613.0, 20164.0, 20100.0, 19540.0, 19156.0, 18900.0]",[]
22,0,False,1057,309,-5,8,[1102],[361],[-3],[4],"[294, 776, 754, 322, 203]","[294, 776, 754, 322, 203]","[405, 70, -73, 273, 32]","[35, 76, 117, 83, -20]","[64, 223, 867, 982, 709, 869, 847, 988, 649, 380, 882, 636, 1143, 556, 297, 826, 830, 366, 302]","[28, 131, 4, 24, 357, 144, 302, 116, 68, 638, 366, 535, 432, 442, 719, 663, 612, 657, 813]","[-3, -3, 1, 3, 4, 1, 5, 0, 3, 5, 2, 5, 4, 5, 3, 1, 1, 4, 5]","[-4, -4, -5, -4, -4, -5, -2, -5, -5, -2, -5, -2, -3, -3, -4, -5, -5, -3, -3]",41.0,23.9,41290.0,"[17252.0, 17556.0, 16996.0, 17396.0, 17572.0, 18020.0, 17988.0, 17764.0, 17556.0, 18068.0, 17876.0, 17476.0, 17716.0, 17300.0, 17540.0, 17348.0, 17748.0, 17108.0, 17540.0, 17588.0]",[]
23,0,False,1075,378,3,9,[1042],[441],[-3],[4],"[460, 791, 714, 434, 221]","[460, 791, 714, 434, 221]","[453, 37, -86, 322, 115]","[-2, 63, 104, 63, -49]","[163, 789, 889, 947, 988, 480, 922, 736, 1223, 656, 357, 846, 850, 446, 402]","[44, 289, 44, 262, 16, 598, 266, 495, 372, 382, 639, 563, 512, 597, 753]","[-3, 4, 1, 5, 0, 5, 2, 5, 4, 5, 3, 1, 1, 4, 5]","[-5, -3, -5, -2, -5, -2, -5, -2, -3, -3, -4, -5, -5, -3, -3]",41.0,23.9,41226.0,"[19940.0, 20388.0, 19972.0, 20020.0, 20100.0, 20036.0, 19892.0, 19764.0, 19684.0, 18884.0, 18836.0, 18788.0, 18100.0, 18132.0, 17700.0, 18020.0, 17284.0, 17444.0, 16660.0, 16804.0]",[]
24,0,False,1153,493,0,0,[982],[521],[-3],[4],"[632, 784, 664, 563, 270]","[632, 784, 664, 563, 270]","[444, -20, -118, 358, 190]","[-30, 46, 74, 25, -70]","[869, 1047, 580, 962, 836, 1303, 756, 417, 866, 870, 526, 502]","[229, 222, 558, 166, 455, 312, 342, 559, 463, 412, 537, 696]","[4, 5, 5, 2, 5, 4, 5, 3, 1, 1, 4, 5]","[-3, -2, -2, -5, -2, -3, -2, -4, -5, -5, -3, -2]",41.0,23.9,41178.0,"[16388.0, 15795.0, 16083.0, 16019.0, 16307.0, 15987.0, 16692.0, 16500.0, 16131.0, 15955.0, 16355.0, 16564.0, 16003.0, 16291.0, 16099.0, 16724.0, 16516.0, 16660.0, 16067.0, 16211.0]",[]
25,0,False,1076,526,-7,-6,[922],[601],[-3],[4],"[792, 753, 604, 699, 349]","[792, 753, 604, 699, 349]","[417, -59, -116, 342, 256]","[-43, 17, 51, 21, -76]","[949, 1147, 680, 1019, 936, 1383, 856, 490, 886, 890, 606, 602, 777, 929, 809, 707, 397]","[169, 182, 518, 66, 415, 252, 302, 479, 363, 312, 477, 656, 732, 757, 704, 678, 682]","[4, 5, 5, 3, 5, 4, 5, 4, 1, 1, 4, 5, 5, 5, 5, 5, 4]","[-3, -2, -2, -5, -2, -3, -2, -4, -5, -5, -3, -2, 0, 0, -2, -2, -3]",41.0,23.9,41178.0,"[15811.0, 16484.0, 16404.0, 16323.0, 15667.0, 16019.0, 15459.0, 15811.0, 15379.0, 15011.0, 15219.0, 15555.0, 15651.0, 15843.0, 14979.0, 14659.0, 15075.0, 15123.0, 15251.0, 15123.0]",[]
26,-1,False,968,374,-6,-7,[],[],[],[],"[713, 544, 819, 449]","[713, 544, 819, 449]","[-74, -132, 324, 289]","[-6, 30, -5, -73]","[1029, 1247, 780, 1463, 956, 570, 906, 910, 686, 702, 877, 1029, 909, 807, 478]","[109, 142, 478, 192, 262, 399, 263, 212, 417, 616, 732, 755, 664, 638, 622]","[4, 5, 5, 4, 5, 4, 1, 1, 4, 5, 5, 5, 5, 5, 5]","[-3, -2, -2, -3, -2, -4, -5, -5, -3, -2, 0, -1, -2, -2, -3]",41.100004,24.0,41178.0,"[17364.0, 17476.0, 16772.0, 16868.0, 17172.0, 17572.0, 16644.0, 17156.0, 17364.0, 16804.0, 16676.0, 16692.0, 17268.0, 16355.0, 17492.0, 16852.0, 16804.0, 16612.0, 17028.0, 16692.0]",[]
27,-2,False,856,227,-7,-6,[],[],[],[],"[673, 484, 935, 563, 1084]","[673, 484, 935, 563, 1084]","[-71, -103, 300, 328, -22]","[-25, 21, 20, -68, 10]","[1109, 1347, 880, 650, 926, 930, 766, 802, 977, 1129, 1009, 907, 576, 763, 572, 941, 592, 1109]","[49, 102, 438, 319, 163, 112, 357, 576, 732, 735, 624, 598, 562, 694, 710, 662, 611, 731]","[4, 5, 5, 4, 1, 1, 4, 5, 5, 5, 5, 5, 4, 3, 2, 2, 4, -3]","[-3, -2, -2, -4, -5, -5, -3, -2, 0, -1, -2, -2, -3, -4, -5, -5, -3, -4]",41.100004,24.0,41242.0,"[17300.0, 18004.0, 18052.0, 18964.0, 19044.0, 19108.0, 18916.0, 18964.0, 19108.0, 19236.0, 18980.0, 18692.0, 18868.0, 19348.0, 19172.0, 19124.0, 18340.0, 18740.0, 18244.0, 18468.0]",[]
28,-2,False,696,143,-9,-1,[],[],[],[],"[642, 451, 1035, 695, 1051]","[642, 451, 1035, 695, 1051]","[-29, -20, 278, 357, -71]","[1, 37, 56, -30, 11]","[1447, 980, 730, 946, 950, 846, 902, 1077, 1229, 1109, 1007, 656, 823, 612, 981, 672, 1049]","[62, 398, 239, 63, 12, 297, 520, 732, 715, 584, 552, 502, 603, 610, 562, 551, 651]","[5, 5, 4, 1, 1, 4, 5, 5, 5, 5, 5, 4, 3, 2, 2, 4, -3]","[-2, -2, -4, -5, -5, -3, -3, 0, -1, -2, -3, -3, -5, -5, -5, -3, -4]",41.100004,24.0,41434.0,"[17604.0, 17348.0, 17220.0, 16804.0, 17108.0, 17460.0, 16820.0, 17028.0, 16404.0, 17236.0, 16996.0, 16852.0, 16916.0, 16964.0, 16820.0, 16388.0, 16452.0, 16436.0, 15875.0, 16323.0]",[]
29,-2,False,587,257,-2,9,[631],[287],[-1],[5],"[625, 449, 1129, 835, 1003]","[625, 449, 1129, 835, 1003]","[6, 60, 230, 369, -113]","[23, 42, 82, 12, 5]","[1080, 810, 926, 1002, 1177, 1329, 1209, 1095, 736, 883, 652, 1016, 752, 989]","[358, 159, 237, 460, 717, 675, 544, 492, 442, 503, 510, 462, 489, 571]","[5, 4, 4, 5, 5, 5, 5, 4, 4, 3, 2, 1, 4, -3]","[-2, -4, -3, -3, -1, -2, -2, -3, -3, -5, -5, -5, -4, -4]",41.100004,24.0,41370.0,"[16291.0, 17188.0, 16596.0, 16516.0, 16596.0, 17204.0, 16932.0, 17188.0, 17428.0, 16756.0, 17284.0, 17188.0, 17476.0, 17732.0, 18196.0, 18820.0, 18260.0, 18436.0, 19108.0, 18916.0]",[]
30,-2,False,481,184,-5,-7,[626],[387],[0],[5],"[627, 481, 1199, 975, 943]","[627, 481, 1199, 975, 943]","[52, 147, 148, 358, -144]","[50, 46, 97, 54, 7]","[1180, 890, 1006, 1088, 1277, 1424, 1309, 1175, 816, 938, 692, 1036, 832, 929, 683, 518, 1078, 778, 994]","[309, 79, 177, 400, 688, 623, 486, 432, 382, 403, 410, 362, 409, 491, 617, 667, 686, 552, 657]","[5, 4, 4, 4, 5, 4, 5, 4, 4, 2, 2, 1, 4, -3, 0, 1, -5, -5, -3]","[-3, -4, -3, -3, -2, -3, -3, -3, -3, -5, -5, -5, -4, -4, -5, -5, -3, -3, -5]",41.100004,24.0,41242.0,"[17812.0, 17444.0, 17940.0, 17860.0, 18468.0, 17844.0, 17876.0, 18484.0, 17684.0, 18388.0, 17540.0, 17668.0, 18484.0, 17908.0, 18212.0, 18228.0, 17780.0, 18148.0, 17604.0, 17412.0]",[]
31,-2,False,414,99,0,0,[626],[487],[0],[5],"[647, 547, 1230, 1100, 872]","[647, 547, 1230, 1100, 872]","[99, 215, 55, 312, -154]","[70, 54, 84, 102, 37]","[1280, 1086, 1168, 1369, 1501, 1391, 1250, 896, 978, 732, 1056, 912, 869, 683, 538, 978, 680, 934]","[249, 117, 340, 637, 552, 426, 353, 322, 303, 310, 262, 329, 411, 517, 567, 626, 492, 557]","[5, 4, 4, 4, 3, 4, 3, 4, 2, 2, 1, 4, -3, 0, 1, -5, -4, -3]","[-3, -3, -3, -3, -4, -3, -4, -3, -5, -5, -5, -4, -4, -5, -5, -3, -3, -5]",41.100004,24.0,41098.0,"[17156.0, 17684.0, 17220.0, 17508.0, 18052.0, 18340.0, 18516.0, 18068.0, 18356.0, 18692.0, 17508.0, 17652.0, 17668.0, 17572.0, 17428.0, 17796.0, 17588.0, 17300.0, 17460.0, 16996.0]",[]
32,-2,False,331,154,-7,6,[626],[587],[0],[5],"[686, 627, 1222, 1200, 792]","[686, 627, 1222, 1200, 792]","[115, 229, -46, 224, -181]","[57, 36, 61, 116, 35]","[1360, 1166, 1248, 1435, 1471, 1308, 976, 1018, 764, 1076, 984, 809, 683, 558, 878, 600, 874, 695, 611, 1228, 1165, 830]","[189, 57, 280, 555, 360, 266, 262, 203, 210, 162, 249, 331, 417, 467, 566, 432, 457, 701, 740, 750, 629, 722]","[4, 4, 4, 2, 4, 2, 4, 2, 1, 1, 3, -3, 0, 1, -5, -4, -3, -2, -2, -4, -4, -4]","[-3, -3, -3, -5, -4, -5, -3, -5, -5, -5, -4, -4, -5, -5, -3, -3, -5, -5, -5, -4, -4, -4]",41.100004,24.0,41098.0,"[17156.0, 17684.0, 17220.0, 17508.0, 18052.0, 18340.0, 18516.0, 18068.0, 18356.0, 18692.0, 17508.0, 17652.0, 17668.0, 17572.0, 17428.0, 17796.0, 17588.0, 17300.0, 17460.0, 16996.0]",[]
33,-2,False,290,328,-1,9,[626],[687],[0],[5],"[716, 707, 1162, 1259, 705]","[716, 707, 1162, 1259, 705]","[84, 214, -178, 132, -217]","[47, 0, 33, 92, 24]","[1440, 1328, 1456, 1342, 1056, 1058, 784, 1080, 1044, 746, 683, 566, 778, 520, 814, 655, 571, 1148, 1085, 750]","[129, 204, 455, 166, 202, 103, 110, 62, 169, 251, 317, 367, 506, 372, 357, 601, 640, 670, 549, 642]","[4, 4, 0, 1, 4, 2, 1, 0, 3, -4, 0, 0, -5, -4, -3, -2, -2, -4, -4, -4]","[-3, -4, -5, -5, -3, -5, -5, -5, -4, -4, -5, -5, -3, -3, -5, -5, -5, -4, -4, -4]",41.100004,24.0,41322.0,"[15763.0, 16548.0, 16644.0, 16564.0, 16756.0, 17476.0, 17508.0, 17572.0, 17828.0, 17220.0, 17348.0, 16612.0, 16932.0, 16516.0, 16724.0, 17236.0, 16708.0, 17460.0, 16564.0, 17124.0]",[]
34,-2,False,278,445,0,0,[317],[500],[1],[5],"[736, 786, 1057, 1267]","[736, 786, 1057, 1267]","[80, 198, -287, -24]","[12, -39, -9, 69]","[1520, 1403, 1442, 1348, 1136, 1087, 804, 1104, 666, 683, 566, 678, 436, 754, 615, 531, 1068, 1005, 670]","[57, 124, 355, 66, 122, 3, 10, 89, 171, 217, 267, 446, 312, 271, 501, 540, 600, 469, 562]","[4, 3, -2, 0, 4, 1, 1, 3, -4, 0, 0, -5, -5, -3, -2, -2, -4, -4, -4]","[-4, -4, -5, -5, -4, -5, -5, -4, -4, -5, -5, -3, -3, -4, -5, -5, -3, -4, -4]",41.100004,24.0,41258.0,"[16836.0, 16580.0, 16163.0, 16596.0, 16067.0, 15875.0, 15763.0, 15891.0, 15939.0, 16227.0, 16163.0, 16468.0, 16404.0, 16484.0, 16179.0, 16307.0, 16788.0, 16227.0, 15907.0, 16484.0]",[]
35,-2,False,224,433,-9,-2,[363],[594],[3],[4],"[756, 846, 914, 1219, 1370]","[756, 846, 914, 1219, 1370]","[66, 152, -366, -155, -152]","[8, -64, -46, 41, -61]","[1463, 1384, 1216, 586, 683, 566, 578, 336, 694, 575, 491, 988, 925, 590, 677, 730, 987, 1211, 1360]","[44, 267, 42, 91, 117, 167, 386, 252, 191, 401, 440, 540, 389, 482, 745, 730, 753, 743, 748]","[3, -4, 4, -4, 0, 0, -5, -5, -3, -2, -2, -4, -4, -4, -5, -5, -5, -5, -5]","[-4, -4, -4, -4, -5, -5, -3, -3, -4, -5, -5, -3, -4, -4, -1, -2, -2, 0, -2]",41.100004,24.0,41226.0,"[17188.0, 16548.0, 16468.0, 17124.0, 16532.0, 16500.0, 16820.0, 17492.0, 17156.0, 17188.0, 17604.0, 18308.0, 19028.0, 19028.0, 19748.0, 19252.0, 19236.0, 19844.0, 19092.0, 18708.0]",[]
36,-2,False,162,428,0,0,[431],[674],[4],[4],"[762, 890, 742, 1120, 1266]","[762, 890, 742, 1120, 1266]","[28, 118, -431, -282, -306]","[-14, -92, -91, 33, -75]","[1299, 506, 683, 566, 478, 236, 634, 535, 451, 908, 845, 510, 577, 630, 887, 1111, 1260]","[205, 16, 17, 67, 344, 192, 111, 301, 340, 480, 317, 402, 725, 690, 713, 743, 708]","[-5, -4, 0, 0, -5, -5, -3, -2, -2, -4, -4, -4, -5, -5, -5, -5, -5]","[-2, -3, -5, -5, -2, -3, -4, -5, -5, -3, -3, -4, -1, -2, -2, 0, -2]",41.100004,24.0,41178.0,"[16964.0, 16980.0, 16275.0, 16323.0, 17076.0, 16355.0, 16916.0, 16916.0, 16660.0, 16724.0, 16275.0, 15971.0, 16323.0, 16307.0, 15971.0, 15667.0, 15763.0, 15715.0, 16163.0, 16179.0]",[]
37,-2,False,222,459,9,2,[511],[736],[4],[3],"[762, 930, 562, 974, 1113]","[762, 930, 562, 974, 1113]","[13, 110, -429, -356, -399]","[-15, -81, -108, 47, -81]","[1199, 378, 136, 574, 495, 411, 828, 765, 430, 477, 530, 787, 1011, 1160, 759, 911, 665, 1033, 1176]","[165, 304, 151, 31, 201, 240, 420, 257, 322, 705, 650, 673, 743, 668, 704, 673, 665, 751, 694]","[-5, -5, -5, -3, -2, -2, -4, -4, -4, -5, -5, -5, -5, -5, -5, -5, -2, -5, -5]","[-2, -2, -2, -4, -5, -5, -3, -3, -4, -1, -2, -2, 0, -2, -3, -1, -5, 0, 0]",41.100004,24.0,41242.0,"[18020.0, 17620.0, 17844.0, 18436.0, 18852.0, 19284.0, 18532.0, 18708.0, 18436.0, 17796.0, 17876.0, 17716.0, 17284.0, 17028.0, 16580.0, 16980.0, 16740.0, 16147.0, 16708.0, 16468.0]",[]
38,-2,False,347,493,6,-7,[591],[796],[4],[3],"[762, 967, 390, 814, 930]","[762, 967, 390, 814, 930]","[30, 99, -371, -386, -459]","[-6, -43, -70, 47, -50]","[1099, 278, 36, 441, 371, 748, 685, 350, 377, 430, 687, 911, 1060, 659, 811, 625, 933, 1076]","[145, 264, 111, 101, 140, 360, 197, 243, 685, 610, 633, 731, 643, 644, 653, 565, 751, 694]","[-5, -5, -5, -3, -2, -4, -4, -4, -5, -5, -5, -5, -5, -5, -5, -2, -5, -5]","[-1, -2, -2, -5, -5, -3, -3, -3, -1, -2, -2, -1, -1, -3, -1, -5, 0, 0]",41.100004,24.0,41402.0,"[15811.0, 15795.0, 15619.0, 16051.0, 15523.0, 16163.0, 15411.0, 15779.0, 15507.0, 15843.0, 16003.0, 15827.0, 15715.0, 15507.0, 15587.0, 15923.0, 15667.0, 15315.0, 16035.0, 16179.0]",[]
39,-2,False,435,333,5,-8,[688],[844],[5],[2],"[767, 987, 252, 654, 730]","[767, 987, 252, 654, 730]","[65, 54, -265, -369, -471]","[19, 23, -44, 48, 0]","[999, 178, 381, 331, 668, 605, 270, 277, 330, 587, 811, 960, 559, 711, 585, 833, 976]","[134, 224, 1, 40, 300, 137, 183, 665, 556, 593, 711, 623, 584, 633, 465, 751, 694]","[-5, -5, -3, -2, -4, -4, -4, -5, -5, -5, -5, -5, -5, -5, -2, -5, -5]","[0, -2, -5, -5, -3, -3, -3, -1, -3, -2, -1, -1, -3, -1, -5, 0, 0]",41.100004,23.9,41306.0,"[16852.0, 16676.0, 17812.0, 18196.0, 18228.0, 19012.0, 18484.0, 18964.0, 18996.0, 18692.0, 19012.0, 18628.0, 18004.0, 18132.0, 18244.0, 17828.0, 17204.0, 16932.0, 17108.0, 17172.0]",[]
40,-4,False,575,288,9,2,[],[],[],[],"[785, 987, 161, 501, 536]","[785, 987, 161, 501, 536]","[44, -12, -141, -328, -446]","[21, 70, -31, 29, 34]","[899, 78, 525, 190, 177, 236, 487, 711, 860, 459, 611, 733, 876, 733, 934, 326, 665, 715]","[134, 184, 77, 123, 645, 496, 553, 691, 595, 524, 613, 731, 694, 637, 580, 516, 668, 512]","[-5, -5, -4, -4, -5, -4, -5, -5, -5, -5, -5, -5, -5, -4, -5, 2, -1, -2]","[0, -2, -3, -3, -1, -3, -2, -1, -2, -3, -1, -1, 0, -3, -3, -5, -5, -5]",41.100004,23.9,41370.0,"[15427.0, 15331.0, 15107.0, 15043.0, 15811.0, 15043.0, 15363.0, 15299.0, 15779.0, 15379.0, 15187.0, 15395.0, 15379.0, 15299.0, 15235.0, 15427.0, 15571.0, 15587.0, 15283.0, 15491.0]",[]
41,-4,False,755,316,9,0,[],[],[],[],"[785, 965, 117, 374, 363]","[785, 965, 117, 374, 363]","[14, -49, -21, -258, -383]","[36, 121, 14, 19, 76]","[799, 445, 110, 77, 156, 387, 611, 760, 359, 511, 633, 776, 653, 834, 366, 645, 675]","[134, 17, 45, 623, 436, 513, 671, 555, 464, 593, 711, 694, 577, 520, 416, 568, 412]","[-5, -4, -4, -5, -4, -5, -5, -5, -5, -5, -5, -5, -4, -5, 2, -1, -2]","[0, -3, -4, -2, -3, -2, -1, -2, -3, -1, -1, 0, -3, -3, -5, -5, -5]",41.100004,23.9,41482.0,"[17556.0, 17668.0, 17588.0, 17844.0, 17588.0, 17284.0, 17284.0, 16628.0, 16420.0, 16644.0, 16115.0, 16516.0, 15955.0, 15667.0, 15491.0, 15539.0, 16275.0, 15331.0, 15667.0, 15683.0]",[]
42,-4,False,926,358,9,-3,[907],[376],[5],[1],"[776, 933, 123, 280, 222]","[776, 933, 123, 280, 222]","[-17, -89, 103, -178, -297]","[24, 122, 34, -10, 72]","[699, 76, 287, 511, 660, 261, 411, 533, 676, 573, 734, 418, 625, 635, 791, 957, 212, 376, 376]","[134, 368, 473, 651, 515, 404, 573, 691, 694, 513, 460, 316, 468, 312, 648, 651, 605, 718, 626]","[-5, -4, -5, -5, -5, -4, -5, -5, -5, -4, -5, 3, -1, -2, -3, -4, 5, 2, 5]","[0, -4, -2, -1, -2, -3, -1, -1, 0, -4, -3, -5, -5, -5, -4, -3, -2, -5, -2]",41.100004,23.9,41578.0,"[16099.0, 16195.0, 15955.0, 16051.0, 16452.0, 16532.0, 17316.0, 16516.0, 16708.0, 17124.0, 16179.0, 16516.0, 16932.0, 17060.0, 17252.0, 17188.0, 17844.0, 18500.0, 18052.0, 18724.0]",[]
43,-4,False,1021,225,-3,-9,[1007],[397],[5],[2],"[756, 869, 175, 211, 111]","[756, 869, 175, 211, 111]","[-32, -178, 201, -104, -198]","[23, 115, 29, -56, 57]","[599, 9, 187, 411, 560, 181, 311, 433, 576, 493, 639, 478, 605, 595, 731, 877, 312, 416, 476]","[134, 288, 419, 631, 475, 344, 553, 671, 694, 433, 400, 232, 368, 212, 568, 589, 565, 618, 586]","[-5, -3, -5, -5, -5, -4, -5, -5, -5, -4, -4, 3, -1, -2, -3, -4, 5, 2, 5]","[0, -4, -3, -1, -2, -3, -1, -1, 0, -4, -3, -4, -5, -5, -4, -4, -2, -5, -2]",41.100004,23.9,41466.0,"[15939.0, 16516.0, 15955.0, 15747.0, 16452.0, 16820.0, 16756.0, 16067.0, 17044.0, 16820.0, 16580.0, 16163.0, 15795.0, 15859.0, 16099.0, 15891.0, 16083.0, 15939.0, 16404.0, 16692.0]",[]
44,-4,False,974,337,0,9,[1107],[437],[5],[2],"[736, 778, 260, 182, 42]","[736, 778, 260, 182, 42]","[-35, -225, 270, -13, -95]","[7, 89, 19, -79, 37]","[499, 92, 311, 460, 101, 211, 333, 476, 413, 559, 538, 585, 563, 671, 797, 412, 456, 576]","[134, 359, 611, 435, 284, 523, 651, 694, 353, 340, 152, 268, 112, 488, 509, 525, 518, 546]","[-5, -4, -5, -5, -4, -5, -5, -5, -4, -4, 3, -1, -1, -3, -4, 5, 2, 5]","[0, -3, -1, -2, -3, -2, -1, 0, -4, -3, -4, -5, -5, -4, -4, -2, -5, -2]",41.100004,23.9,41354.0,"[16532.0, 16339.0, 16996.0, 16996.0, 16836.0, 17156.0, 16820.0, 17284.0, 16628.0, 16900.0, 17252.0, 16724.0, 16836.0, 17428.0, 17668.0, 17300.0, 16996.0, 17204.0, 17188.0, 17716.0]",[]
45,-4,False,1001,318,6,-7,[1207],[482],[5],[3],"[701, 678, 370, 181, 20]","[701, 678, 370, 181, 20]","[-78, -240, 324, 65, 22]","[-10, 48, 26, -81, 16]","[399, 12, 211, 360, 21, 111, 233, 376, 333, 479, 611, 583, 543, 611, 727, 512, 504, 676, 834, 818, 402, 321, 186]","[135, 299, 583, 395, 224, 483, 622, 677, 273, 280, 72, 168, 12, 392, 429, 485, 418, 506, 591, 673, 613, 659, 661]","[-5, -4, -5, -5, -4, -5, -5, -5, -4, -4, 4, 0, -1, -3, -3, 5, 3, 5, 3, 0, 5, 5, 5]","[1, -3, -2, -2, -3, -2, -2, -1, -4, -3, -4, -5, -5, -5, -4, -2, -5, -2, -5, -5, 0, -2, -1]",41.100004,24.0,41418.0,"[16051.0, 16179.0, 16195.0, 16035.0, 16163.0, 16916.0, 16259.0, 16676.0, 16355.0, 16179.0, 16516.0, 15971.0, 16163.0, 16147.0, 15811.0, 15891.0, 15843.0, 15795.0, 16404.0, 15827.0]",[]
46,-4,False,1027,146,-5,-8,[1289],[542],[4],[3],"[661, 578, 490, 215, 50]","[661, 578, 490, 215, 50]","[-89, -244, 339, 151, 173]","[-12, 8, 27, -64, 4]","[299, 111, 260, 11, 133, 276, 273, 399, 583, 567, 667, 612, 564, 776, 894, 818, 502, 421, 286]","[155, 543, 355, 443, 582, 657, 193, 216, 68, 292, 349, 445, 318, 466, 491, 573, 613, 619, 641]","[-5, -5, -5, -5, -5, -5, -3, -4, 0, -2, -3, 5, 3, 5, 3, 0, 5, 5, 5]","[1, -2, -2, -2, -2, -1, -4, -4, -5, -5, -4, -2, -5, -2, -5, -5, 0, -2, -1]",41.100004,24.0,41178.0,"[16227.0, 16868.0, 17284.0, 16932.0, 18132.0, 17940.0, 18932.0, 19684.0, 20100.0, 19940.0, 20132.0, 20356.0, 20404.0, 20549.0, 20581.0, 19684.0, 19924.0, 20004.0, 19204.0, 18884.0]",[]
47,-4,False,908,149,0,0,[1360],[620],[3],[4],"[621, 477, 615, 292, 135]","[621, 477, 615, 292, 135]","[-89, -214, 352, 274, 304]","[7, -2, 62, -31, -2]","[199, 11, 160, 33, 176, 213, 321, 527, 610, 712, 624, 876, 954, 818, 602, 521, 386, 676, 597, 624, 342, 165]","[183, 503, 315, 542, 637, 113, 136, 192, 255, 405, 226, 426, 391, 473, 613, 579, 621, 598, 747, 564, 587, 638]","[-5, -5, -5, -5, -5, -3, -3, -2, -2, 5, 3, 5, 3, 0, 5, 5, 5, 0, 4, 3, 5, 4]","[2, -2, -2, -2, -1, -4, -4, -5, -5, -2, -4, -2, -5, -5, 0, -2, -1, -5, -3, -5, -3, -3]",41.100004,24.0,41514.0,"[16644.0, 16708.0, 16564.0, 16420.0, 16852.0, 16980.0, 16243.0, 16275.0, 16484.0, 16019.0, 16468.0, 15827.0, 16388.0, 16147.0, 16259.0, 15763.0, 16147.0, 15715.0, 15795.0, 16083.0]",[]
48,-5,False,993,198,5,-8,[1403],[716],[1],[5],"[588, 401, 755, 412, 270]","[588, 401, 755, 412, 270]","[-39, -131, 382, 369, 411]","[32, 5, 105, 36, 23]","[113, 60, 76, 153, 261, 497, 570, 812, 684, 976, 818, 702, 621, 486, 676, 677, 684, 442, 245]","[240, 265, 617, 25, 56, 92, 155, 365, 146, 386, 373, 613, 539, 601, 498, 687, 464, 527, 578]","[-3, -5, -5, -3, -3, -1, -2, 5, 3, 5, 0, 5, 5, 5, 0, 4, 3, 5, 4]","[4, -3, -1, -5, -4, -5, -5, -2, -4, -2, -5, 0, -2, -1, -5, -3, -5, -3, -3]",41.100004,24.0,41274.0,"[15811.0, 16211.0, 15971.0, 16227.0, 16083.0, 16147.0, 16307.0, 16323.0, 15923.0, 16548.0, 15811.0, 16692.0, 16195.0, 16420.0, 16916.0, 18180.0, 18228.0, 18692.0, 19460.0, 19684.0]",[]
49,-5,False,1109,189,5,8,[1410],[816],[0],[5],"[574, 351, 895, 567, 446]","[574, 351, 895, 567, 446]","[13, -53, 364, 453, 514]","[50, 12, 122, 73, 46]","[141, 538, 912, 744, 1076, 818, 802, 721, 586, 676, 757, 744, 542, 325]","[325, 55, 325, 66, 346, 273, 613, 499, 581, 398, 627, 381, 467, 518]","[5, -1, 5, 3, 5, 0, 5, 5, 5, 0, 4, 3, 5, 4]","[2, -5, -2, -4, -2, -5, 0, -2, -1, -5, -3, -4, -3, -3]",41.100004,24.0,41162.0,"[16003.0, 16580.0, 16003.0, 15811.0, 16532.0, 16852.0, 16163.0, 16724.0, 16195.0, 16708.0, 16179.0, 16564.0, 16532.0, 16019.0, 16420.0, 15795.0, 15683.0, 15827.0, 15619.0, 16051.0]",[]
50,-6,False,1148,367,0,9,[],[],[],[],"[585, 340, 1029, 747, 654]","[585, 340, 1029, 747, 654]","[69, 35, 340, 465, 561]","[93, 20, 150, 108, 70]","[241, 1012, 818, 902, 821, 686, 676, 837, 804, 642, 405, 675, 493, 946, 696, 594]","[350, 285, 173, 613, 459, 561, 298, 567, 301, 407, 458, 571, 732, 592, 549, 639]","[5, 5, 0, 5, 5, 5, 0, 4, 3, 5, 4, 3, 5, 0, 4, 5]","[1, -2, -5, 0, -2, -1, -5, -3, -4, -3, -3, -4, -2, -5, -4, -1]",41.100004,24.0,41242.0,"[17620.0, 17748.0, 18196.0, 18564.0, 19252.0, 19556.0, 20100.0, 20196.0, 20324.0, 20004.0, 20116.0, 19156.0, 19044.0, 18980.0, 19108.0, 18292.0, 18388.0, 18340.0, 18180.0, 18052.0]",[]
51,-6,False,1159,430,3,-9,[1183],[515],[0],[5],"[611, 362, 1147, 927, 874]","[611, 362, 1147, 927, 874]","[104, 120, 296, 491, 562]","[106, 37, 167, 121, 104]","[341, 1112, 818, 1002, 921, 786, 676, 917, 864, 742, 488, 735, 593, 946, 776, 694]","[358, 245, 73, 613, 419, 541, 198, 507, 221, 347, 398, 491, 692, 492, 469, 619]","[5, 5, 0, 5, 5, 5, 0, 4, 3, 5, 5, 3, 5, 0, 4, 5]","[0, -2, -5, 0, -2, -1, -5, -3, -4, -3, -3, -4, -2, -5, -4, -1]",41.100004,24.0,41242.0,"[17620.0, 17748.0, 18196.0, 18564.0, 19252.0, 19556.0, 20100.0, 20196.0, 20324.0, 20004.0, 20116.0, 19156.0, 19044.0, 18980.0, 19108.0, 18292.0, 18388.0, 18340.0, 18180.0, 18052.0]",[]
52,-6,False,1155,281,-6,-7,[1183],[615],[0],[5],"[651, 419, 1237, 1107, 1085]","[651, 419, 1237, 1107, 1085]","[121, 203, 195, 452, 517]","[109, 23, 138, 133, 123]","[441, 1212, 1102, 1021, 886, 681, 997, 926, 842, 588, 795, 693, 946, 856, 794, 732, 484, 1280, 1089, 1086]","[358, 205, 613, 379, 521, 98, 447, 141, 287, 338, 411, 652, 392, 390, 599, 728, 752, 776, 670, 704]","[5, 5, 5, 5, 5, 1, 4, 4, 5, 5, 3, 5, 0, 4, 5, 5, 5, 3, 2, 5]","[0, -2, 0, -2, -1, -5, -3, -4, -3, -3, -4, -2, -5, -3, -1, -1, -2, -4, -5, -2]",41.100004,24.0,41210.0,"[16676.0, 16660.0, 17428.0, 17540.0, 18244.0, 18308.0, 18644.0, 19860.0, 20324.0, 20228.0, 20965.0, 20613.0, 20613.0, 19876.0, 20260.0, 19540.0, 19380.0, 19380.0, 19172.0, 18372.0]",[]
53,-6,False,1073,228,0,0,[],[],[],[],"[691, 499, 1279, 1256]","[691, 499, 1279, 1256]","[105, 231, 63, 396]","[63, 10, 109, 99]","[541, 1312, 1202, 1121, 986, 1077, 1006, 942, 688, 855, 793, 946, 936, 894, 832, 584, 1340, 1129, 1183]","[358, 165, 613, 339, 501, 387, 61, 227, 278, 331, 612, 292, 330, 560, 708, 712, 690, 570, 649]","[5, 5, 5, 5, 5, 4, 4, 5, 5, 3, 5, 0, 4, 5, 5, 5, 3, 2, 4]","[0, -2, 0, -2, -1, -3, -4, -3, -3, -4, -2, -5, -3, -2, -1, -2, -5, -5, -3]",41.100004,24.0,41354.0,"[17940.0, 17732.0, 17284.0, 17540.0, 17348.0, 17156.0, 16211.0, 16708.0, 16003.0, 16339.0, 16564.0, 15747.0, 15939.0, 16163.0, 15699.0, 15795.0, 16452.0, 16163.0, 16452.0, 16644.0]",[]
54,-6,False,1127,231,0,0,[],[],[],[],"[716, 589, 1262, 1371]","[716, 589, 1262, 1371]","[76, 251, -79, 241]","[15, -10, 79, 51]","[641, 1412, 1302, 1221, 1086, 1157, 1042, 788, 915, 893, 946, 1016, 994, 932, 684, 1392, 1169, 1263]","[358, 125, 598, 299, 472, 327, 167, 218, 251, 572, 192, 270, 520, 688, 672, 590, 470, 589]","[5, 5, 5, 5, 5, 4, 5, 5, 3, 5, 0, 4, 5, 5, 5, 2, 2, 4]","[0, -2, -1, -2, -2, -3, -3, -3, -4, -2, -5, -3, -2, -1, -2, -5, -5, -3]",41.100004,24.0,41450.0,"[16227.0, 16596.0, 16179.0, 16291.0, 17156.0, 17124.0, 16612.0, 17060.0, 17028.0, 16468.0, 16436.0, 17188.0, 17348.0, 17316.0, 18116.0, 18452.0, 18884.0, 19492.0, 20036.0, 19812.0]",[]
55,-8,False,1100,231,-9,0,[],[],[],[],"[735, 689, 1188, 1421, 498]","[735, 689, 1188, 1421, 498]","[48, 252, -228, 74, 32]","[-14, -33, 38, 7, -31]","[741, 1512, 1402, 1321, 1186, 1142, 888, 975, 993, 946, 1094, 1032, 784, 1432, 1209, 1343, 858, 710, 1249, 1356, 628]","[358, 85, 578, 259, 432, 109, 158, 171, 517, 92, 480, 668, 632, 490, 370, 523, 737, 693, 715, 721, 762]","[5, 5, 5, 5, 5, 5, 5, 3, 5, 0, 5, 5, 5, 2, 2, 4, 5, 4, -3, -3, 4]","[0, -2, -1, -2, -2, -2, -3, -4, -3, -5, -2, -1, -2, -5, -5, -4, -2, -3, -5, -4, -4]",41.100004,24.0,41194.0,"[16179.0, 16275.0, 15875.0, 16099.0, 15955.0, 16516.0, 16612.0, 16259.0, 15747.0, 15907.0, 15971.0, 16388.0, 16532.0, 15923.0, 16660.0, 16339.0, 17028.0, 16660.0, 16468.0, 16452.0]",[]
56,-10,False,951,163,-9,1,[],[],[],[],"[738, 770, 1067, 1407, 498]","[738, 770, 1067, 1407, 498]","[42, 232, -322, -84, 47]","[-39, -53, -2, -25, -78]","[841, 1502, 1421, 1286, 1242, 1093, 1194, 1132, 884, 1472, 1239, 1418, 958, 790, 1202, 1296, 708]","[358, 558, 219, 392, 69, 457, 440, 648, 592, 390, 270, 443, 697, 633, 615, 641, 682]","[5, 5, 5, 5, 5, 5, 5, 5, 5, 2, 1, 3, 5, 4, -2, -3, 4]","[0, -1, -2, -2, -2, -3, -2, -1, -2, -5, -5, -4, -2, -3, -5, -4, -4]",41.100004,24.0,41242.0,"[16916.0, 17140.0, 17028.0, 17156.0, 16708.0, 17124.0, 16388.0, 17236.0, 16676.0, 16788.0, 17044.0, 16484.0, 17508.0, 17572.0, 17364.0, 17508.0, 17188.0, 16740.0, 16804.0, 16548.0]",[]
57,-10,False,880,240,-5,-8,[951],[322],[0],[5],"[738, 850, 913, 1332, 515]","[738, 850, 913, 1332, 515]","[35, 207, -392, -215, 94]","[-26, -48, -11, -52, -79]","[941, 1521, 1386, 1342, 1193, 1294, 1232, 984, 1500, 1259, 1478, 1058, 870, 1154, 1236, 788, 793, 878, 1002, 1376, 574]","[358, 179, 352, 29, 397, 400, 614, 547, 290, 170, 361, 654, 573, 515, 561, 602, 690, 649, 753, 742, 695]","[5, 5, 5, 5, 5, 5, 5, 5, 1, 1, 3, 5, 4, -3, -3, 4, 1, 2, -2, -4, 2]","[0, -2, -2, -2, -3, -2, -2, -3, -5, -5, -5, -3, -3, -5, -4, -4, -5, -5, -5, -3, -5]",41.100004,24.0,41274.0,"[17700.0, 17300.0, 17796.0, 17492.0, 17156.0, 16852.0, 17300.0, 16676.0, 16916.0, 16420.0, 16227.0, 16516.0, 16388.0, 16612.0, 17284.0, 17124.0, 16772.0, 17380.0, 16548.0, 16644.0]",[]
58,-10,False,769,96,-9,-4,[951],[422],[0],[5],"[750, 923, 753, 1218, 556]","[750, 923, 753, 1218, 556]","[55, 196, -391, -292, 157]","[-8, -27, -20, -29, -57]","[1041, 1486, 1289, 1394, 1332, 1084, 1520, 1279, 1522, 1158, 950, 1094, 1176, 868, 813, 918, 962, 1296, 614]","[358, 312, 337, 360, 574, 487, 190, 70, 261, 594, 498, 415, 481, 522, 590, 549, 653, 682, 595]","[5, 5, 4, 5, 5, 5, 1, 1, 2, 5, 4, -3, -3, 4, 1, 2, -2, -4, 2]","[0, -2, -3, -2, -2, -3, -5, -5, -5, -3, -4, -5, -4, -4, -5, -5, -5, -3, -5]",41.100004,24.0,41274.0,"[17700.0, 17300.0, 17796.0, 17492.0, 17156.0, 16852.0, 17300.0, 16676.0, 16916.0, 16420.0, 16227.0, 16516.0, 16388.0, 16612.0, 17284.0, 17124.0, 16772.0, 17380.0, 16548.0, 16644.0]",[]
59,-10,False,770,108,0,0,[951],[522],[0],[5],"[770, 983, 593, 1072, 621]","[770, 983, 593, 1072, 621]","[70, 157, -368, -378, 208]","[3, 22, -11, -24, -29]","[1141, 1369, 1492, 1432, 1182, 1521, 1243, 1030, 1034, 1116, 948, 833, 958, 922, 1216, 654]","[352, 277, 303, 534, 427, 90, 534, 418, 315, 401, 442, 490, 449, 553, 622, 495]","[5, 4, 4, 5, 4, 0, 4, 4, -3, -3, 4, 1, 2, -2, -4, 2]","[-1, -3, -3, -2, -3, -5, -3, -4, -5, -4, -4, -5, -5, -5, -3, -5]",41.100004,24.0,41306.0,"[19492.0, 19012.0, 19172.0, 19028.0, 18964.0, 18100.0, 17956.0, 18244.0, 17732.0, 17716.0, 17972.0, 18180.0, 17412.0, 17940.0, 17412.0, 17876.0, 17844.0, 17940.0, 17188.0, 17236.0]",[]
60,-10,False,770,108,0,0,[],[],[],[],"[790, 1027, 446, 705]","[790, 1027, 446, 705]","[77, 119, -319, 247]","[26, 80, 2, 31]","[1241, 1449, 1532, 1262, 1323, 1110, 974, 1056, 1028, 852, 998, 882, 1136, 694, 809, 946, 661, 1060, 664]","[332, 217, 488, 367, 474, 338, 215, 321, 362, 390, 349, 453, 545, 395, 591, 566, 652, 597, 550]","[5, 4, 5, 4, 4, 4, -3, -3, 4, 0, 2, -2, -4, 2, 0, -4, 2, -2, 0]","[-1, -3, -3, -3, -3, -4, -5, -4, -4, -5, -5, -5, -4, -5, -5, -4, -5, -5, -5]",41.100004,24.0,41242.0,"[17972.0, 17956.0, 18196.0, 17924.0, 18084.0, 18020.0, 17604.0, 18004.0, 18100.0, 18052.0, 18260.0, 18900.0, 19172.0, 19236.0, 19892.0, 20741.0, 19892.0, 19796.0, 20052.0, 19732.0]",[]
61,-10,False,734,104,-9,-2,[],[],[],[],"[810, 1056, 328, 803]","[810, 1056, 328, 803]","[79, 80, -224, 285]","[33, 96, 15, 73]","[1341, 1529, 1342, 1403, 1171, 914, 996, 1106, 852, 1019, 842, 1056, 734, 809, 866, 701, 1020, 664]","[298, 157, 307, 412, 258, 115, 241, 282, 290, 249, 353, 465, 295, 491, 486, 552, 497, 450]","[5, 4, 4, 4, 3, -3, -3, 3, 0, 1, -2, -4, 2, 0, -4, 2, -2, 0]","[-2, -3, -3, -4, -4, -5, -4, -4, -5, -5, -5, -4, -5, -5, -4, -5, -5, -5]",41.100004,24.0,41162.0,"[19444.0, 19668.0, 19396.0, 18900.0, 19316.0, 19028.0, 18564.0, 18180.0, 17988.0, 17748.0, 18308.0, 17444.0, 17156.0, 17236.0, 17508.0, 17028.0, 17604.0, 17748.0, 17156.0, 17412.0]",[]
62,-10,False,608,96,-9,0,[],[],[],[],"[830, 1072, 244, 903, 99]","[830, 1072, 244, 903, 99]","[64, 27, -169, 272, 46]","[43, 93, 16, 76, -12]","[1430, 1422, 1483, 1231, 854, 936, 1166, 852, 1039, 802, 976, 774, 809, 786, 741, 980, 664, 869, 1095, 328, 861, 179]","[243, 247, 332, 178, 15, 161, 202, 190, 149, 253, 385, 195, 391, 406, 452, 397, 350, 651, 655, 687, 628, 755]","[4, 4, 4, 3, -3, -3, 3, 0, 1, -2, -4, 2, 0, -4, 2, -2, 0, 0, -2, 1, -4, 4]","[-4, -3, -4, -4, -5, -4, -4, -5, -5, -5, -4, -5, -5, -4, -5, -5, -5, -5, -5, -5, -4, -3]",41.100004,24.0,41322.0,"[16852.0, 17604.0, 16836.0, 17092.0, 16916.0, 17028.0, 17124.0, 17476.0, 17988.0, 17668.0, 17460.0, 16804.0, 16884.0, 17508.0, 17364.0, 17364.0, 17812.0, 17972.0, 18852.0, 19028.0]",[]
63,-10,False,473,105,0,0,[],[],[],[],"[839, 1047, 185, 993, 130]","[839, 1047, 185, 993, 130]","[32, -84, -72, 214, 154]","[15, 76, 2, 47, -39]","[1478, 1502, 1291, 875, 1226, 852, 1059, 762, 896, 814, 809, 706, 768, 940, 664, 869, 1055, 348, 781, 259]","[152, 174, 92, 81, 122, 90, 49, 153, 305, 95, 291, 326, 352, 297, 250, 551, 555, 587, 548, 695]","[1, 4, 3, -4, 3, 0, 1, -2, -4, 2, 0, -4, 1, -2, 0, 0, -2, 1, -4, 4]","[-5, -4, -5, -4, -4, -5, -5, -5, -4, -5, -5, -4, -5, -5, -5, -5, -5, -5, -4, -3]",41.100004,24.0,41386.0,"[17972.0, 17988.0, 17364.0, 17412.0, 17588.0, 17316.0, 17764.0, 17668.0, 17732.0, 17556.0, 17428.0, 17652.0, 17684.0, 17236.0, 17572.0, 17236.0, 16996.0, 17316.0, 17620.0, 17380.0]",[]
64,-10,False,421,68,0,0,[],[],[],[],"[839, 992, 164, 1055, 200]","[839, 992, 164, 1055, 200]","[2, -150, 22, 155, 219]","[0, 49, -26, 32, -42]","[1452, 795, 1286, 722, 816, 809, 626, 788, 884, 664, 869, 1015, 368, 701, 339]","[55, 1, 42, 53, 239, 191, 246, 252, 197, 150, 451, 455, 487, 468, 635]","[-3, -4, 3, -2, -4, 0, -4, 1, -3, 0, 0, -2, 1, -4, 4]","[-4, -4, -4, -5, -3, -5, -4, -5, -5, -5, -5, -5, -5, -4, -3]",41.100004,24.0,41450.0,"[17028.0, 16676.0, 16516.0, 16532.0, 17076.0, 16676.0, 17028.0, 16900.0, 16564.0, 16388.0, 16644.0, 16275.0, 16195.0, 16564.0, 16468.0, 17172.0, 16980.0, 17524.0, 17364.0, 17284.0]",[]
65,-10,False,404,46,0,0,[],[],[],[],"[819, 906, 178, 1089, 292]","[819, 906, 178, 1089, 292]","[-28, -219, 105, 52, 296]","[-25, 7, -50, 21, -65]","[736, 809, 546, 808, 824, 664, 869, 975, 388, 621, 419, 853, 951, 213, 999, 285]","[179, 91, 166, 152, 97, 50, 351, 355, 387, 388, 575, 590, 687, 629, 647, 636]","[-4, 0, -4, 1, -3, 0, 0, -2, 1, -4, 4, -1, -4, 0, -5, 2]","[-3, -5, -4, -5, -5, -5, -5, -5, -5, -4, -3, -5, -3, -5, -2, -5]",41.100004,23.9,41530.0,"[18516.0, 17828.0, 17988.0, 17492.0, 17668.0, 17348.0, 17220.0, 17588.0, 17636.0, 16964.0, 17540.0, 17732.0, 17540.0, 17844.0, 17124.0, 17076.0, 17028.0, 16740.0, 17044.0, 16676.0]",[]
66,-10,False,284,160,-3,9,[333],[197],[-1],[5],"[788, 801, 226, 1080, 417]","[788, 801, 226, 1080, 417]","[-66, -265, 183, -50, 362]","[-67, -12, -68, 11, -106]","[656, 466, 828, 764, 857, 933, 408, 541, 499, 833, 871, 213, 899, 325]","[119, 86, 52, 14, 251, 255, 287, 308, 502, 490, 627, 529, 607, 536]","[-4, -4, 1, -3, -1, -3, 1, -4, 4, -1, -4, 0, -5, 2]","[-3, -4, -5, -4, -5, -5, -5, -4, -4, -5, -3, -5, -2, -5]",41.100004,23.9,41402.0,"[17556.0, 17348.0, 17252.0, 17428.0, 17108.0, 16468.0, 16355.0, 16676.0, 16660.0, 17092.0, 18068.0, 17748.0, 18324.0, 19764.0, 19492.0, 19972.0, 20372.0, 20292.0, 20164.0, 19508.0]",[]
67,-10,False,165,224,-8,-4,[313],[297],[-1],[5],"[748, 681, 307, 1029, 565]","[748, 681, 307, 1029, 565]","[-85, -266, 284, -123, 424]","[-59, -4, -65, -5, -97]","[576, 386, 837, 873, 428, 461, 579, 813, 791, 213, 799, 365, 774, 742, 288, 1043, 523]","[59, 6, 151, 155, 187, 228, 422, 390, 567, 429, 567, 436, 593, 679, 585, 669, 575]","[-4, -4, -1, -3, 1, -4, 4, -1, -4, 0, -5, 2, -4, -3, -2, -5, -2]","[-3, -4, -5, -5, -5, -4, -4, -5, -3, -5, -2, -5, -4, -4, -5, -1, -5]",41.100004,23.9,41402.0,"[19796.0, 19540.0, 19636.0, 19204.0, 18788.0, 18820.0, 18820.0, 18052.0, 17556.0, 17300.0, 17604.0, 17460.0, 16644.0, 17220.0, 17252.0, 17172.0, 16996.0, 16788.0, 17140.0, 17652.0]",[]
68,-10,False,64,303,0,9,[293],[397],[-1],[5],"[708, 570, 430, 955, 739]","[708, 570, 430, 955, 739]","[-64, -238, 373, -164, 464]","[-21, 7, -10, 34, -85]","[808, 813, 448, 381, 659, 774, 711, 213, 699, 405, 694, 682, 248, 943, 483]","[51, 70, 87, 148, 342, 290, 507, 329, 527, 336, 513, 599, 485, 649, 475]","[-2, -3, 1, -4, 4, -2, -4, 0, -5, 2, -4, -3, -2, -5, -2]","[-5, -4, -5, -4, -4, -5, -3, -5, -2, -5, -4, -4, -5, -1, -5]",41.100004,23.9,41274.0,"[17364.0, 17620.0, 17876.0, 17124.0, 17684.0, 17764.0, 17860.0, 17444.0, 17860.0, 17204.0, 17348.0, 17092.0, 17316.0, 17940.0, 17460.0, 18500.0, 19076.0, 19380.0, 20020.0, 19860.0]",[]
69,-10,False,89,426,0,0,[273],[497],[-1],[5],"[670, 480, 582, 875, 919]","[670, 480, 582, 875, 919]","[-48, -178, 443, -193, 459]","[18, 14, 32, 54, -26]","[301, 739, 734, 631, 213, 599, 439, 614, 621, 208, 843, 443]","[74, 262, 190, 447, 229, 487, 236, 433, 519, 385, 629, 375]","[-4, 4, -2, -4, 0, -5, 1, -4, -4, -2, -5, -2]","[-3, -4, -5, -3, -5, -2, -5, -4, -4, -5, -1, -5]",41.100004,23.9,41226.0,"[17076.0, 17108.0, 16836.0, 17092.0, 17124.0, 17428.0, 17940.0, 16996.0, 17444.0, 17140.0, 17124.0, 16756.0, 16948.0, 16516.0, 16932.0, 16404.0, 16339.0, 16307.0, 16388.0, 16884.0]",[]
70,-10,False,113,454,0,0,[257],[597],[0],[5],"[650, 408, 758, 795, 1085]","[650, 408, 758, 795, 1085]","[-9, -112, 473, -173, 429]","[55, 46, 89, 59, 5]","[221, 816, 694, 551, 213, 499, 459, 534, 541, 168, 743, 403, 614, 434, 527, 813, 865]","[14, 182, 90, 387, 129, 447, 136, 353, 439, 285, 609, 275, 561, 623, 593, 655, 613]","[-4, 3, -2, -4, 0, -5, 1, -4, -4, -2, -5, -2, -5, -4, -5, -5, -5]","[-3, -4, -5, -3, -5, -2, -5, -4, -4, -5, -1, -5, -3, -4, -1, -1, 0]",41.100004,23.9,41146.0,"[16484.0, 16820.0, 16532.0, 16452.0, 17028.0, 16580.0, 16964.0, 17124.0, 16612.0, 17284.0, 17284.0, 16964.0, 17332.0, 18180.0, 17540.0, 17492.0, 18020.0, 17476.0, 17636.0, 17572.0]",[]
71,-10,False,121,459,0,0,[257],[697],[0],[5],"[647, 370, 938, 715, 1235]","[647, 370, 938, 715, 1235]","[32, -27, 467, -170, 362]","[120, 73, 123, 62, 46]","[876, 471, 213, 399, 479, 454, 461, 128, 643, 363, 514, 354, 427, 713, 765]","[102, 327, 29, 407, 36, 289, 359, 185, 589, 175, 501, 543, 573, 635, 613]","[3, -4, 0, -5, 1, -4, -4, -2, -5, -2, -5, -4, -5, -5, -5]","[-4, -3, -5, -2, -5, -3, -4, -5, -1, -5, -3, -4, -1, -1, 0]",41.100004,23.9,41274.0,"[18308.0, 18564.0, 18740.0, 18500.0, 19172.0, 19124.0, 20324.0, 20661.0, 20485.0, 20436.0, 21173.0, 20741.0, 20805.0, 20981.0, 20613.0, 20805.0, 20436.0, 20613.0, 19860.0, 20036.0]",[]
72,-11,False,200,436,9,-4,[257],[797],[0],[5],"[662, 365, 1106, 635, 1350]","[662, 365, 1106, 635, 1350]","[71, 43, 403, -160, 259]","[125, 91, 152, 62, 58]","[936, 377, 299, 374, 381, 88, 543, 323, 414, 327, 613, 665, 649, 358, 1028, 667, 1294]","[22, 267, 367, 229, 279, 85, 569, 75, 441, 553, 615, 613, 662, 715, 683, 710, 607]","[3, -5, -5, -4, -4, -2, -5, -2, -5, -5, -5, -5, -5, -5, -5, -5, -5]","[-4, -3, -2, -3, -4, -5, -1, -5, -3, -1, -1, 0, -1, -2, -1, -1, -2]",41.100004,24.0,41546.0,"[17476.0, 16596.0, 16948.0, 16724.0, 17108.0, 16964.0, 16884.0, 16564.0, 17172.0, 16948.0, 16836.0, 16596.0, 17044.0, 16996.0, 17092.0, 17284.0, 16932.0, 17204.0, 16916.0, 16564.0]",[]
73,-13,False,331,372,9,-2,[],[],[],[],"[682, 382, 1236, 555, 1415]","[682, 382, 1236, 555, 1415]","[74, 99, 303, -173, 119]","[110, 71, 127, 28, 52]","[277, 294, 301, 443, 227, 513, 565, 549, 258, 928, 567, 1194]","[207, 169, 199, 549, 533, 595, 613, 642, 675, 663, 690, 567]","[-5, -4, -4, -5, -5, -5, -5, -5, -5, -5, -5, -5]","[-3, -3, -4, -1, -1, -1, 0, -1, -2, -1, -1, -2]",41.100004,24.0,41194.0,"[19284.0, 19124.0, 19364.0, 18564.0, 18388.0, 17700.0, 18324.0, 17476.0, 17668.0, 16980.0, 17540.0, 17220.0, 17204.0, 17316.0, 17572.0, 17524.0, 17300.0, 17300.0, 17668.0, 18052.0]",[]
74,-13,False,403,429,2,9,[445],[475],[1],[5],"[702, 422, 1320, 475, 1420]","[702, 422, 1320, 475, 1420]","[67, 135, 171, -166, -27]","[87, 33, 79, -21, 39]","[177, 214, 221, 343, 127, 413, 465, 449, 158, 828, 467, 1094]","[147, 109, 119, 529, 513, 575, 613, 622, 635, 643, 670, 527]","[-5, -4, -4, -5, -5, -5, -5, -5, -5, -5, -5, -5]","[-3, -3, -4, -1, -1, -1, 0, -1, -2, -1, -1, -2]",41.100004,24.0,41210.0,"[16996.0, 17572.0, 17668.0, 17364.0, 17092.0, 17172.0, 16708.0, 16516.0, 17028.0, 17172.0, 16580.0, 17012.0, 17684.0, 17700.0, 18644.0, 19220.0, 19380.0, 19588.0, 20324.0, 20116.0]",[]
75,-13,False,469,350,4,-8,[458],[575],[0],[5],"[718, 470, 1349, 408, 1369]","[718, 470, 1349, 408, 1369]","[44, 162, 34, -140, -183]","[26, -22, 40, -35, 29]","[77, 134, 141, 243, 27, 313, 365, 349, 58, 728, 367, 994, 692, 406, 1269, 450, 1368]","[87, 49, 39, 509, 493, 555, 613, 602, 583, 623, 650, 500, 667, 674, 792, 644, 647]","[-5, -4, -4, -5, -5, -5, -5, -5, -5, -5, -5, -5, -3, -2, -5, -3, -5]","[-3, -3, -4, -1, -1, -1, 0, -1, -3, -1, -1, -1, -5, -5, 0, -4, -1]",41.100004,24.0,41290.0,"[20773.0, 20132.0, 20693.0, 19876.0, 19796.0, 19540.0, 20004.0, 20068.0, 19108.0, 18788.0, 19172.0, 18196.0, 18676.0, 17684.0, 17540.0, 17476.0, 17540.0, 17156.0, 17604.0, 17844.0]",[]
76,-13,False,583,204,7,-6,[],[],[],[],"[718, 532, 1321, 1255]","[718, 532, 1321, 1255]","[29, 200, -113, -323]","[-21, -64, 1, 13]","[143, 213, 265, 249, 628, 267, 894, 632, 366, 1169, 390, 1268]","[489, 535, 613, 572, 603, 612, 480, 567, 574, 792, 564, 627]","[-5, -5, -5, -5, -5, -5, -5, -3, -2, -5, -3, -5]","[-1, -1, 0, -2, -1, -2, -1, -5, -5, 0, -4, -1]",41.100004,24.0,41306.0,"[16916.0, 17188.0, 16788.0, 16708.0, 17572.0, 17508.0, 17476.0, 17860.0, 17460.0, 17444.0, 17956.0, 18180.0, 19268.0, 20036.0, 20565.0, 21765.0, 23445.0, 23477.0, 24197.0, 24245.0]",[]
77,-13,False,665,143,8,-5,[],[],[],[],"[718, 612, 1239, 1093, 1304]","[718, 612, 1239, 1093, 1304]","[37, 240, -235, -412, -56]","[-23, -68, -14, 23, 6]","[43, 113, 165, 149, 528, 167, 794, 582, 326, 1069, 330, 1168, 726, 620, 1290, 1176, 1314]","[469, 508, 613, 532, 583, 572, 441, 467, 474, 792, 477, 607, 728, 666, 747, 604, 711]","[-5, -5, -5, -5, -5, -5, -5, -2, -2, -5, -3, -5, -4, 0, -3, -3, -5]","[-1, -2, 0, -2, -1, -2, -2, -5, -5, 0, -5, -1, -3, -5, -4, -5, -2]",41.100004,24.0,41130.0,"[16532.0, 15619.0, 15411.0, 15635.0, 15667.0, 14947.0, 15347.0, 15123.0, 15491.0, 15491.0, 15619.0, 15635.0, 15651.0, 15667.0, 15331.0, 15171.0, 15683.0, 15491.0, 16323.0, 15715.0]",[]
78,-13,False,824,59,9,-1,[],[],[],[],"[728, 707, 1121, 905, 1252]","[728, 707, 1121, 905, 1252]","[48, 290, -306, -461, -143]","[-6, -46, -15, 67, 30]","[13, 65, 49, 428, 67, 694, 542, 300, 969, 286, 1068, 646, 620, 1230, 1116, 1214]","[468, 613, 492, 543, 532, 401, 367, 374, 792, 377, 587, 668, 566, 667, 504, 671]","[-5, -5, -5, -5, -5, -5, -2, -1, -5, -2, -5, -4, 0, -3, -3, -5]","[-2, 0, -2, -2, -2, -2, -5, -5, 0, -5, -1, -3, -5, -4, -5, -2]",41.100004,24.0,41130.0,"[16532.0, 15619.0, 15411.0, 15635.0, 15667.0, 14947.0, 15347.0, 15123.0, 15491.0, 15491.0, 15619.0, 15635.0, 15651.0, 15667.0, 15331.0, 15171.0, 15683.0, 15491.0, 16323.0, 15715.0]",[]
79,-13,False,923,57,9,0,[],[],[],[],"[745, 813, 981, 705, 1169]","[745, 813, 981, 705, 1169]","[55, 296, -349, -479, -215]","[-1, -1, 7, 92, 29]","[328, 594, 502, 288, 869, 254, 968, 566, 620, 1170, 1056, 1114]","[503, 361, 267, 274, 772, 277, 567, 596, 466, 587, 404, 631]","[-5, -5, -2, 0, -5, -1, -5, -4, 0, -3, -3, -5]","[-2, -2, -5, -5, -1, -5, -1, -4, -5, -4, -5, -2]",41.100004,24.0,41290.0,"[17604.0, 18100.0, 17492.0, 18212.0, 18324.0, 18340.0, 18212.0, 17668.0, 18340.0, 18148.0, 18532.0, 18356.0, 18404.0, 18324.0, 17700.0, 17572.0, 18148.0, 17812.0, 17876.0, 17460.0]",[]
80,-13,False,1040,47,0,0,[],[],[],[],"[765, 913, 823, 505, 1061]","[765, 913, 823, 505, 1061]","[67, 276, -361, -451, -278]","[16, 54, 21, 119, 27]","[228, 494, 462, 288, 769, 241, 868, 486, 636, 1110, 996, 1014, 822, 853, 1010, 776, 1164]","[463, 321, 167, 174, 752, 177, 547, 516, 366, 507, 304, 591, 604, 531, 642, 586, 620]","[-5, -5, -2, 0, -5, 0, -5, -4, 1, -3, -3, -5, 2, 0, 0, 2, -2]","[-2, -2, -5, -5, -1, -5, -1, -4, -5, -4, -5, -2, -5, -5, -5, -5, -5]",41.100004,24.0,41482.0,"[18100.0, 18596.0, 18180.0, 18244.0, 18900.0, 19108.0, 19188.0, 18820.0, 18916.0, 19444.0, 18788.0, 18788.0, 19092.0, 18516.0, 18308.0, 18660.0, 17924.0, 18068.0, 18116.0, 18404.0]",[]
81,-13,False,1040,47,0,0,[],[],[],[],"[785, 1012, 663, 331, 926]","[785, 1012, 663, 331, 926]","[80, 248, -351, -367, -342]","[31, 72, 31, 135, 34]","[133, 394, 425, 295, 669, 241, 768, 426, 656, 1050, 937, 914, 862, 853, 1010, 816, 1124]","[405, 281, 67, 74, 732, 77, 527, 436, 266, 427, 204, 551, 504, 431, 542, 486, 520]","[-4, -5, -1, 1, -5, 0, -5, -3, 1, -3, -2, -5, 2, 0, 0, 2, -2]","[-3, -2, -5, -5, -1, -5, -1, -4, -5, -4, -5, -2, -5, -5, -5, -5, -5]",41.100004,24.0,41258.0,"[16964.0, 16948.0, 16740.0, 16724.0, 17300.0, 17588.0, 17124.0, 17124.0, 17172.0, 16724.0, 16804.0, 16612.0, 16676.0, 16404.0, 16468.0, 16227.0, 16275.0, 16291.0, 16227.0, 16548.0]",[]
82,-13,False,1040,47,0,0,[],[],[],[],"[805, 1090, 522, 195, 774]","[805, 1090, 522, 195, 774]","[68, 193, -300, -282, -369]","[20, 64, 10, 114, 1]","[53, 294, 569, 668, 366, 676, 990, 897, 814, 902, 853, 1010, 856, 1084, 861, 1080, 632, 327, 893]","[345, 241, 712, 500, 352, 166, 347, 104, 509, 404, 331, 442, 386, 420, 663, 623, 694, 745, 667]","[-4, -5, -5, -5, -3, 1, -3, -2, -5, 2, 0, 0, 2, -2, 2, -2, 1, 3, 1]","[-3, -2, -1, -2, -5, -5, -4, -5, -3, -5, -5, -5, -5, -5, -5, -5, -5, -4, -5]",41.100004,24.0,41354.0,"[19188.0, 18740.0, 18980.0, 18516.0, 18308.0, 18244.0, 18628.0, 18564.0, 18068.0, 18580.0, 17604.0, 17764.0, 18212.0, 17924.0, 17492.0, 17636.0, 17588.0, 18436.0, 17476.0, 17604.0]",[]
83,-13,False,1040,47,0,0,[],[],[],[],"[810, 1136, 402, 87, 614]","[810, 1136, 402, 87, 614]","[28, 95, -270, -195, -393]","[-7, 39, -11, 76, -33]","[194, 469, 568, 317, 696, 930, 857, 714, 942, 853, 1010, 896, 1044, 901, 1040, 672, 387, 913]","[195, 672, 460, 252, 66, 267, 4, 449, 304, 231, 342, 286, 320, 563, 523, 594, 665, 567]","[-5, -5, -5, -2, 1, -3, -2, -5, 2, 0, 0, 2, -2, 2, -2, 2, 3, 1]","[-3, -2, -2, -5, -5, -4, -5, -3, -5, -5, -5, -5, -5, -5, -5, -5, -4, -5]",41.100004,24.0,41162.0,"[17556.0, 17684.0, 17060.0, 17060.0, 16948.0, 17540.0, 17092.0, 17604.0, 17476.0, 17540.0, 17380.0, 17060.0, 17380.0, 16596.0, 16980.0, 16820.0, 17204.0, 16420.0, 17060.0, 16532.0]",[]
84,-13,False,1040,47,0,0,[],[],[],[],"[802, 1147, 293, 18, 454]","[802, 1147, 293, 18, 454]","[-26, 8, -219, -96, -378]","[-32, -2, -32, 32, -42]","[97, 369, 468, 277, 870, 620, 982, 853, 1010, 936, 1004, 941, 1000, 712, 447, 933]","[135, 632, 420, 152, 187, 389, 204, 131, 242, 186, 220, 463, 423, 494, 585, 467]","[-4, -5, -5, -2, -3, -4, 2, 0, 0, 2, -2, 2, -2, 2, 3, 1]","[-3, -2, -2, -5, -4, -3, -5, -5, -5, -5, -5, -5, -5, -5, -4, -5]",41.100004,24.0,41514.0,"[16740.0, 16484.0, 16676.0, 16307.0, 16035.0, 16323.0, 16307.0, 16420.0, 16500.0, 16884.0, 17140.0, 16468.0, 17076.0, 16900.0, 17476.0, 17428.0, 18004.0, 18068.0, 17828.0, 17460.0]",[]
