,HP,Power up,Player x,Player y,Player speed_x,Player speed_y,Player bullet x,Player bullet y,Player bullet speed_x,Player bullet speed_y,Enemy x,Enemy y,Enemy speed_x,Enemy speed_y,Enemy bullet x,Enemy bullet y,Enemy bullet speed_x,Enemy bullet speed_y,Humidity,Temperature,Skin conductance,Relative blood volume
0,10,False,1024,291,9,3,[],[],[],[],"[567, 571, 345, 296, 934]","[567, 571, 345, 296, 934]","[170, 112, -30, -329, 392]","[127, -2, -18, 22, -6]",[],[],[],[],40.2,23.2,64479.0,"[480.0, 352.0, 416.0, 416.0]"
1,10,False,1114,321,9,3,[],[],[],[],"[597, 591, 340, 232, 1004]","[597, 591, 340, 232, 1004]","[185, 125, 16, -260, 383]","[147, -11, -3, 24, 2]",[],[],[],[],40.2,23.2,64479.0,"[480.0, 352.0, 416.0, 416.0]"
2,10,False,1204,351,9,3,[],[],[],[],"[631, 611, 344, 182, 1074]","[631, 611, 344, 182, 1074]","[203, 140, 63, -200, 366]","[164, -6, 13, 33, 7]",[],[],[],[],40.2,23.2,64479.0,"[224.0, 416.0, 224.0, 320.0]"
3,10,False,1294,384,9,4,[],[],[],[],"[671, 637, 355, 145, 1140]","[671, 637, 355, 145, 1140]","[224, 164, 105, -128, 339]","[162, 4, 18, 58, 3]",[],[],[],[],40.2,23.2,64399.0,"[192.0, 480.0, 400.0, 384.0]"
4,10,False,1321,396,0,0,[],[],[],[],"[711, 667, 375, 120, 1200]","[711, 667, 375, 120, 1200]","[225, 199, 149, -69, 303]","[169, 14, 19, 67, 10]",[],[],[],[],40.2,23.2,64495.0,"[208.0, 192.0, 304.0, 176.0]"
5,10,False,1321,396,0,0,[],[],[],[],"[751, 704, 400, 107, 1247]","[751, 704, 400, 107, 1247]","[202, 197, 154, -13, 236]","[151, -8, 7, 62, -3]","[777, 713, 439, 180, 1227]","[710, 679, 646, 715, 734]","[5, 3, 5, 5, 1]","[-2, -4, -1, -1, -5]",40.2,23.2,64495.0,"[208.0, 192.0, 304.0, 176.0]"
6,10,False,1321,396,0,0,[],[],[],[],"[781, 739, 430, 105, 1283]","[781, 739, 430, 105, 1283]","[176, 196, 163, 33, 180]","[134, -6, 8, 48, -19]","[827, 743, 489, 230, 1237]","[690, 639, 636, 705, 684]","[5, 3, 5, 5, 1]","[-2, -4, -1, -1, -5]",40.2,23.2,64495.0,"[208.0, 192.0, 304.0, 176.0]"
7,10,False,1321,396,0,0,[],[],[],[],"[809, 769, 460, 113, 1307]","[809, 769, 460, 113, 1307]","[148, 188, 181, 96, 112]","[105, -8, 1, 19, -31]","[877, 773, 539, 280, 1247]","[670, 599, 626, 695, 634]","[5, 3, 5, 5, 1]","[-2, -4, -1, -1, -5]",40.2,23.2,64431.0,"[304.0, 256.0, 304.0, 480.0]"
8,10,False,1321,396,0,0,[],[],[],[],"[829, 799, 490, 131, 1319]","[829, 799, 490, 131, 1319]","[134, 165, 194, 139, 50]","[94, -22, -2, 1, -49]","[927, 803, 589, 330, 1257]","[650, 559, 616, 685, 584]","[5, 3, 5, 5, 1]","[-2, -4, -1, -1, -5]",40.2,23.2,64447.0,"[224.0, 352.0, 192.0, 192.0]"
9,10,False,1321,396,0,0,[],[],[],[],"[849, 829, 529, 161, 1315]","[849, 829, 529, 161, 1315]","[113, 154, 210, 202, -29]","[64, -40, -6, -14, -61]","[977, 839, 639, 380, 1267]","[630, 519, 606, 675, 534]","[5, 4, 5, 5, 1]","[-2, -4, -1, -1, -5]",40.2,23.2,64447.0,"[224.0, 352.0, 192.0, 192.0]"
10,10,False,1321,396,0,0,[],[],[],[],"[867, 851, 569, 201, 1298]","[867, 851, 569, 201, 1298]","[98, 138, 221, 231, -91]","[51, -46, -20, -26, -75]","[1027, 879, 689, 430, 1277, 893, 894, 595, 227, 1298]","[610, 479, 596, 665, 484, 785, 677, 628, 712, 683]","[5, 4, 5, 5, 1, 3, 5, 5, 5, -2]","[-2, -4, -1, -1, -5, -4, 0, -1, -2, -5]",40.2,23.2,64447.0,"[224.0, 352.0, 192.0, 192.0]"
11,10,False,1321,396,0,0,[],[],[],[],"[877, 871, 609, 246, 1265]","[877, 871, 609, 246, 1265]","[66, 134, 226, 272, -162]","[34, -52, -23, -22, -78]","[1077, 919, 739, 480, 1287, 923, 944, 645, 277, 1278]","[590, 439, 586, 655, 434, 745, 677, 618, 692, 633]","[5, 4, 5, 5, 1, 3, 5, 5, 5, -2]","[-2, -4, -1, -1, -5, -4, 0, -1, -2, -5]",40.2,23.2,64447.0,"[224.0, 352.0, 192.0, 192.0]"
12,9,False,1321,396,0,0,[],[],[],[],"[882, 891, 649, 301, 1221]","[882, 891, 649, 301, 1221]","[35, 103, 224, 314, -218]","[27, -68, -23, -35, -95]","[1127, 959, 789, 530, 953, 994, 695, 327, 1258]","[570, 399, 576, 645, 705, 677, 608, 672, 583]","[5, 4, 5, 5, 3, 5, 5, 5, -2]","[-2, -4, -1, -1, -4, 0, -1, -2, -5]",40.2,23.2,64447.0,"[224.0, 352.0, 192.0, 192.0]"
13,9,False,1321,396,0,0,[],[],[],[],"[882, 903, 689, 361, 1166]","[882, 903, 689, 361, 1166]","[9, 78, 210, 349, -283]","[11, -64, -24, -48, -114]","[1177, 999, 839, 580, 983, 1044, 745, 377, 1238]","[550, 359, 566, 635, 665, 677, 598, 652, 533]","[5, 4, 5, 5, 3, 5, 5, 5, -2]","[-2, -4, -1, -1, -4, 0, -1, -2, -5]",40.2,23.2,64447.0,"[224.0, 352.0, 192.0, 192.0]"
14,9,False,1321,396,0,0,[],[],[],[],"[875, 913, 724, 431, 1098]","[875, 913, 724, 431, 1098]","[-8, 53, 187, 365, -332]","[-22, -65, -33, -65, -110]","[1227, 1039, 889, 630, 1013, 1094, 795, 427, 1218]","[530, 319, 556, 625, 625, 677, 588, 632, 483]","[5, 4, 5, 5, 3, 5, 5, 5, -2]","[-2, -4, -1, -1, -4, 0, -1, -2, -5]",40.100004,23.2,64399.0,"[304.0, 448.0, 192.0, 272.0]"
15,9,False,1303,392,-9,-3,[],[],[],[],"[865, 915, 754, 501, 1021]","[865, 915, 754, 501, 1021]","[-26, 33, 177, 395, -360]","[-28, -43, -32, -51, -100]","[1277, 1079, 939, 680, 1043, 1144, 845, 477, 1198, 936, 946, 789, 500, 1153]","[510, 279, 546, 615, 585, 677, 578, 612, 433, 806, 545, 588, 651, 615]","[5, 4, 5, 5, 3, 5, 5, 5, -2, 5, 2, 5, 5, 5]","[-2, -4, -1, -1, -4, 0, -1, -2, -5, -1, -5, 0, -2, 0]",40.100004,23.2,64431.0,"[608.0, 416.0, 224.0, 304.0]"
16,9,False,1233,332,-7,-6,[],[],[],[],"[855, 915, 784, 580, 941]","[855, 915, 784, 580, 941]","[-40, 29, 192, 427, -368]","[-23, -40, -14, -35, -64]","[1327, 1119, 989, 730, 1073, 1194, 895, 527, 1178, 986, 966, 839, 550, 1203]","[490, 239, 536, 605, 545, 677, 568, 592, 383, 796, 495, 588, 631, 615]","[5, 4, 5, 5, 3, 5, 5, 5, -2, 5, 2, 5, 5, 5]","[-2, -4, -1, -1, -4, 0, -1, -2, -5, -1, -5, 0, -2, 0]",40.100004,23.2,64431.0,"[608.0, 416.0, 224.0, 304.0]"
17,9,False,1164,270,-5,-8,[],[],[],[],"[845, 915, 814, 665, 861]","[845, 915, 814, 665, 861]","[-31, 14, 190, 456, -386]","[-27, -18, 18, -25, -49]","[1377, 1159, 1039, 780, 1103, 1244, 945, 577, 1160, 1036, 986, 889, 600, 1253]","[470, 199, 526, 595, 505, 677, 558, 572, 333, 786, 445, 588, 611, 615]","[5, 4, 5, 5, 3, 5, 5, 5, -1, 5, 2, 5, 5, 5]","[-2, -4, -1, -1, -4, 0, -1, -2, -5, -1, -5, 0, -2, 0]",40.100004,23.2,64527.0,"[176.0, 416.0, 416.0, 400.0]"
18,9,False,1110,195,-6,-7,[],[],[],[],"[835, 915, 844, 755, 781]","[835, 915, 844, 755, 781]","[-16, 8, 181, 476, -396]","[-32, 5, 45, -15, -18]","[1427, 1199, 1089, 830, 1133, 1294, 995, 627, 1150, 1086, 1006, 939, 650, 1303]","[448, 159, 516, 585, 465, 677, 548, 552, 283, 776, 395, 588, 591, 615]","[5, 4, 5, 5, 3, 5, 5, 5, -1, 5, 2, 5, 5, 5]","[-3, -4, -1, -1, -4, 0, -1, -2, -5, -1, -5, 0, -2, 0]",40.100004,23.2,64431.0,"[464.0, 176.0, 192.0, 480.0]"
19,9,False,1043,127,-7,-6,[],[],[],[],"[825, 915, 874, 845, 701]","[825, 915, 874, 845, 701]","[-10, 3, 181, 491, -374]","[-26, 19, 74, 0, -5]","[1477, 1239, 1139, 880, 1163, 1344, 1045, 677, 1139, 1136, 1026, 989, 700, 1353]","[418, 119, 506, 575, 425, 677, 538, 532, 233, 766, 345, 588, 571, 615]","[5, 4, 5, 5, 3, 5, 5, 5, -2, 5, 2, 5, 5, 5]","[-3, -4, -1, -1, -4, 0, -1, -2, -5, -1, -5, 0, -2, 0]",40.100004,23.2,64463.0,"[192.0, 208.0, 176.0, 192.0]"
20,9,False,959,107,-9,3,[],[],[],[],"[815, 906, 904, 935, 621]","[815, 906, 904, 935, 621]","[-5, -9, 179, 476, -364]","[-28, 39, 101, 9, 6]","[1525, 1279, 1189, 930, 1193, 1394, 1095, 727, 1119, 1186, 1046, 1039, 750, 1403, 836, 917, 889, 896, 745]","[388, 79, 496, 563, 385, 676, 524, 512, 183, 756, 295, 588, 551, 607, 716, 538, 547, 574, 558]","[4, 4, 5, 5, 3, 5, 5, 5, -2, 5, 2, 5, 5, 5, 0, -1, 0, 3, 4]","[-3, -4, -1, -2, -4, -1, -2, -2, -5, -1, -5, 0, -2, -1, -5, -5, -5, -4, -3]",40.100004,23.2,64463.0,"[192.0, 208.0, 176.0, 192.0]"
21,9,False,870,141,-9,3,[],[],[],[],"[805, 896, 934, 1025, 542]","[805, 896, 934, 1025, 542]","[-2, -19, 160, 452, -346]","[-30, 56, 129, 29, 24]","[1319, 1239, 980, 1223, 1444, 1145, 777, 1099, 1236, 1066, 1089, 800, 1453, 836, 907, 889, 926, 785]","[39, 486, 543, 345, 666, 504, 492, 133, 736, 245, 580, 531, 597, 666, 488, 497, 534, 528]","[4, 5, 5, 3, 5, 5, 5, -2, 5, 2, 5, 5, 5, 0, -1, 0, 3, 4]","[-4, -1, -2, -4, -1, -2, -2, -5, -2, -5, -1, -2, -1, -5, -5, -5, -4, -3]",40.100004,23.2,64351.0,"[384.0, 272.0, 224.0, 432.0]"
22,9,False,780,152,-9,0,[],[],[],[],"[795, 886, 959, 1105, 472]","[795, 886, 959, 1105, 472]","[-14, -39, 141, 436, -319]","[-11, 77, 156, 55, 43]","[1289, 1030, 1253, 1494, 1195, 827, 1079, 1286, 1086, 1139, 850, 1503, 836, 897, 889, 956, 825]","[476, 523, 305, 656, 484, 472, 83, 716, 195, 570, 511, 587, 616, 438, 447, 494, 498]","[5, 5, 3, 5, 5, 5, -2, 5, 2, 5, 5, 5, 0, -1, 0, 3, 4]","[-1, -2, -4, -1, -2, -2, -5, -2, -5, -1, -2, -1, -5, -5, -5, -4, -3]",40.100004,23.2,64527.0,"[192.0, 384.0, 304.0, 272.0]"
23,9,False,690,138,-9,-2,[],[],[],[],"[785, 873, 979, 1185, 409]","[785, 873, 979, 1185, 409]","[-18, -51, 113, 414, -268]","[-21, 101, 158, 64, 62]","[1339, 1080, 1283, 1245, 877, 1058, 1336, 1106, 1189, 900, 836, 887, 889, 986, 865]","[466, 503, 265, 464, 452, 33, 696, 145, 560, 491, 566, 388, 397, 454, 466]","[5, 5, 3, 5, 5, -3, 5, 2, 5, 5, 0, -1, 0, 3, 4]","[-1, -2, -4, -2, -2, -5, -2, -5, -1, -2, -5, -5, -5, -4, -4]",40.100004,23.2,64527.0,"[192.0, 384.0, 304.0, 272.0]"
24,9,False,600,118,-9,-2,[],[],[],[],"[775, 862, 999, 1257, 356]","[775, 862, 999, 1257, 356]","[-23, -46, 100, 366, -219]","[-2, 114, 177, 85, 87]","[1389, 1130, 1313, 1295, 927, 1386, 1126, 1239, 950, 836, 877, 889, 1016, 905]","[456, 483, 219, 444, 432, 676, 95, 550, 471, 516, 338, 347, 411, 426]","[5, 5, 3, 5, 5, 5, 2, 5, 5, 0, -1, 0, 3, 4]","[-1, -2, -5, -2, -2, -2, -5, -1, -2, -5, -5, -5, -5, -4]",40.100004,23.2,64527.0,"[192.0, 384.0, 304.0, 272.0]"
25,9,False,572,103,-1,-9,[],[],[],[],"[765, 844, 1009, 1320, 309]","[765, 844, 1009, 1320, 309]","[-39, -68, 64, 304, -194]","[-5, 110, 161, 77, 80]","[1439, 1180, 1340, 1345, 977, 1436, 1146, 1289, 1000, 836, 867, 889, 1046, 945, 766, 843, 962, 1246, 363]","[436, 463, 169, 424, 407, 656, 45, 540, 451, 466, 288, 297, 361, 386, 667, 597, 682, 596, 552]","[5, 5, 2, 5, 5, 5, 2, 5, 5, 0, -1, 0, 3, 4, -2, -3, -5, -3, 0]","[-2, -2, -5, -2, -3, -2, -5, -1, -2, -5, -5, -5, -5, -4, -5, -4, -3, -4, -5]",40.2,23.2,64431.0,"[512.0, 304.0, 448.0, 320.0]"
26,9,False,589,80,0,0,[],[],[],[],"[753, 824, 1013, 1367, 269]","[753, 824, 1013, 1367, 269]","[-55, -88, 32, 240, -176]","[-29, 103, 143, 76, 86]","[1489, 1230, 1360, 1395, 1027, 1486, 1339, 1050, 836, 857, 889, 1073, 985, 746, 813, 912, 1216, 363]","[416, 443, 119, 404, 377, 629, 530, 431, 416, 238, 247, 311, 346, 617, 557, 652, 556, 502]","[5, 5, 2, 5, 5, 5, 5, 5, 0, -1, 0, 2, 4, -2, -3, -5, -3, 0]","[-2, -2, -5, -2, -3, -3, -1, -2, -5, -5, -5, -5, -4, -5, -4, -3, -4, -5]",40.2,23.2,64431.0,"[512.0, 304.0, 448.0, 320.0]"
27,9,False,589,80,0,0,[],[],[],[],"[733, 798, 1009, 1403, 233]","[733, 798, 1009, 1403, 233]","[-78, -119, -10, 172, -140]","[-32, 94, 118, 66, 101]","[1280, 1380, 1445, 1077, 1532, 1389, 1100, 836, 847, 889, 1093, 1025, 726, 783, 862, 1186, 363]","[423, 69, 384, 347, 599, 520, 411, 366, 188, 197, 261, 306, 567, 517, 622, 516, 452]","[5, 2, 5, 5, 4, 5, 5, 0, -1, 0, 2, 4, -2, -3, -5, -3, 0]","[-2, -5, -2, -3, -3, -1, -2, -5, -5, -5, -5, -4, -5, -4, -3, -4, -5]",40.2,23.2,64431.0,"[432.0, 192.0, 288.0, 448.0]"
28,9,False,589,80,0,0,[],[],[],[],"[713, 765, 996, 1423, 205]","[713, 765, 996, 1423, 205]","[-98, -159, -57, 85, -92]","[-39, 74, 99, 49, 101]","[1330, 1400, 1495, 1127, 1439, 1150, 836, 837, 889, 1113, 1060, 706, 753, 816, 1156, 363]","[403, 19, 364, 317, 503, 391, 316, 138, 147, 211, 266, 517, 477, 592, 476, 402]","[5, 2, 5, 5, 5, 5, 0, -1, 0, 2, 3, -2, -3, -4, -3, 0]","[-2, -5, -2, -3, -2, -2, -5, -5, -5, -5, -4, -5, -4, -3, -4, -5]",40.2,23.2,64431.0,"[544.0, 448.0, 272.0, 64.0]"
29,9,False,589,80,0,0,[],[],[],[],"[687, 725, 976, 1425, 185]","[687, 725, 976, 1425, 185]","[-97, -167, -87, -3, -53]","[-51, 64, 78, 40, 93]","[1380, 1177, 1489, 1200, 836, 827, 889, 1133, 1090, 686, 723, 776, 1126, 363]","[383, 287, 483, 371, 266, 88, 97, 161, 226, 467, 437, 562, 436, 352]","[5, 5, 5, 5, 0, -1, 0, 2, 3, -2, -3, -4, -3, 0]","[-2, -3, -2, -2, -5, -5, -5, -5, -4, -5, -4, -3, -4, -5]",40.2,23.2,64431.0,"[192.0, 448.0, 320.0, 448.0]"
30,9,False,589,80,0,0,[],[],[],[],"[657, 685, 948, 1411, 174]","[657, 685, 948, 1411, 174]","[-109, -176, -131, -76, -3]","[-49, 57, 58, 30, 69]","[1430, 1220, 1250, 836, 817, 889, 1153, 1120, 666, 693, 736, 1096, 363, 706, 733, 976, 1396, 205]","[363, 257, 351, 216, 38, 47, 111, 186, 417, 397, 532, 396, 302, 614, 660, 761, 647, 614]","[5, 4, 5, 0, -1, 0, 2, 3, -2, -3, -4, -3, 0, 1, 0, -1, -4, 1]","[-2, -3, -2, -5, -5, -5, -5, -4, -5, -4, -3, -4, -5, -5, -5, -5, -3, -5]",40.2,23.2,64431.0,"[192.0, 448.0, 320.0, 448.0]"
31,9,False,589,80,0,0,[],[],[],[],"[627, 645, 913, 1382, 173]","[627, 645, 913, 1382, 173]","[-108, -181, -176, -152, 37]","[-65, 52, 32, 27, 69]","[1480, 1260, 1300, 836, 1173, 1150, 646, 663, 696, 1066, 363, 716, 733, 966, 1356, 215]","[343, 227, 331, 166, 61, 146, 367, 357, 502, 356, 252, 564, 610, 711, 617, 564]","[5, 4, 5, 0, 2, 3, -2, -3, -4, -3, 0, 1, 0, -1, -4, 1]","[-2, -3, -2, -5, -5, -4, -5, -4, -3, -4, -5, -5, -5, -5, -3, -5]",40.2,23.2,64479.0,"[400.0, 448.0, 208.0, 512.0]"
32,9,False,589,80,0,0,[],[],[],[],"[597, 605, 871, 1338, 182]","[597, 605, 871, 1338, 182]","[-112, -177, -205, -225, 89]","[-64, 46, 11, 20, 54]","[1530, 1300, 1350, 836, 1189, 1180, 626, 633, 656, 1036, 363, 726, 733, 948, 1316, 225]","[323, 197, 311, 116, 11, 106, 317, 317, 472, 316, 202, 514, 560, 661, 587, 514]","[5, 4, 5, 0, 1, 3, -2, -3, -4, -3, 0, 1, 0, -2, -4, 1]","[-2, -3, -2, -5, -5, -4, -5, -4, -3, -4, -5, -5, -5, -5, -3, -5]",40.2,23.2,64575.0,"[256.0, 208.0, 352.0, 192.0]"
33,9,False,589,80,0,0,[],[],[],[],"[567, 565, 821, 1281, 199]","[567, 565, 821, 1281, 199]","[-105, -164, -224, -298, 122]","[-68, 24, 12, 24, 55]","[1340, 1400, 836, 1210, 606, 603, 616, 1006, 363, 736, 733, 928, 1276, 235]","[167, 287, 66, 63, 267, 277, 442, 276, 152, 464, 510, 611, 557, 464]","[4, 5, 0, 3, -2, -3, -4, -3, 0, 1, 0, -2, -4, 1]","[-3, -3, -5, -5, -5, -4, -3, -4, -5, -5, -5, -5, -3, -5]",40.2,23.2,64575.0,"[256.0, 208.0, 352.0, 192.0]"
34,9,False,589,80,0,0,[],[],[],[],"[537, 525, 771, 1211, 222]","[537, 525, 771, 1211, 222]","[-105, -154, -245, -350, 162]","[-77, 5, -1, 6, 54]","[1380, 1450, 836, 1240, 586, 573, 576, 976, 363, 746, 733, 908, 1236, 245]","[137, 257, 16, 13, 217, 237, 412, 236, 102, 414, 460, 561, 527, 414]","[4, 5, 0, 3, -2, -3, -4, -3, 0, 1, 0, -2, -4, 1]","[-3, -3, -5, -5, -5, -4, -3, -4, -5, -5, -5, -5, -3, -5]",40.2,23.2,64447.0,"[480.0, 272.0, 256.0, 128.0]"
35,9,False,589,80,0,0,[],[],[],[],"[516, 494, 721, 1131, 257]","[516, 494, 721, 1131, 257]","[-80, -108, -231, -375, 220]","[-69, 3, -15, 25, 58]","[1420, 1500, 566, 543, 536, 946, 363, 756, 733, 888, 1196, 255, 516, 543, 778, 1165, 277]","[107, 227, 167, 197, 382, 196, 52, 364, 410, 511, 497, 364, 538, 684, 772, 657, 671]","[4, 5, -2, -3, -4, -3, 0, 1, 0, -2, -4, 1, -3, 1, 0, -5, 4]","[-3, -3, -5, -4, -3, -4, -5, -5, -5, -5, -3, -5, -5, -5, -5, -2, -4]",40.2,23.2,64399.0,"[48.0, 192.0, 176.0, 192.0]"
