,HP,Power up,Player x,Player y,Player speed_x,Player speed_y,Player bullet x,Player bullet y,Player bullet speed_x,Player bullet speed_y,Enemy x,Enemy y,Enemy speed_x,Enemy speed_y,Enemy bullet x,Enemy bullet y,Enemy bullet speed_x,Enemy bullet speed_y,Humidity,Temperature,Skin conductance,Relative blood volume,Accelerations
0,10,False,726,351,4,-9,[791],[386],[-2],[5],"[334, 321, 983, 759, 603]","[334, 321, 983, 759, 603]","[139, 81, 123, -119, 246]","[29, 116, -5, 80, 85]",[],[],[],[],41.3,24.0,41210.0,"[26294.0, 26326.0, 26470.0, 26182.0, 26070.0, 25926.0, 25318.0, 24790.0, 24742.0, 24357.0, 24037.0, 23285.0, 23621.0, 22885.0, 22757.0, 21797.0, 21765.0, 21317.0, 19892.0, 20068.0]",[]
1,10,False,824,191,5,-8,[751],[486],[-2],[5],"[399, 365, 1014, 713, 694]","[399, 365, 1014, 713, 694]","[224, 174, 88, -77, 260]","[58, 122, 9, 104, 119]",[],[],[],[],41.3,24.0,41306.0,"[19972.0, 19588.0, 18676.0, 18740.0, 18900.0, 18660.0, 18948.0, 18660.0, 19012.0, 18404.0, 18580.0, 18596.0, 17972.0, 17476.0, 18068.0, 17460.0, 17668.0, 17076.0, 17572.0, 17764.0]",[]
2,10,False,824,191,0,0,[711],[586],[-2],[5],"[493, 441, 1026, 673, 794]","[493, 441, 1026, 673, 794]","[278, 236, 13, -61, 252]","[55, 102, -14, 96, 112]","[491, 459, 1042, 738, 795]","[702, 767, 725, 733, 703]","[0, 1, -2, 0, 0]","[-5, -5, -5, -5, -5]",41.3,24.0,41530.0,"[17572.0, 17588.0, 17796.0, 18436.0, 18340.0, 18020.0, 18228.0, 18116.0, 18564.0, 18212.0, 18260.0, 18324.0, 18516.0, 18404.0, 18084.0, 18836.0, 18388.0, 18916.0, 19172.0, 19364.0]",[]
3,10,False,734,301,-4,9,[671],[686],[-2],[5],"[593, 534, 1003, 633, 877]","[593, 534, 1003, 633, 877]","[289, 266, -70, -73, 206]","[24, 76, -51, 36, 68]","[491, 479, 1002, 738, 795]","[602, 667, 625, 633, 603]","[0, 1, -2, 0, 0]","[-5, -5, -5, -5, -5]",41.3,24.0,41194.0,"[25814.0, 25366.0, 25174.0, 24870.0, 24309.0, 24069.0, 24085.0, 23509.0, 23621.0, 23045.0, 22629.0, 22661.0, 21797.0, 22117.0, 21285.0, 20917.0, 20581.0, 19588.0, 19556.0, 20100.0]",[]
4,10,False,670,441,0,0,[],[],[],[],"[634, 948, 593, 935]","[634, 948, 593, 935]","[276, -152, -83, 128]","[33, -79, 8, 24]","[491, 499, 962, 738, 795]","[502, 567, 525, 533, 503]","[0, 1, -2, 0, 0]","[-5, -5, -5, -5, -5]",41.3,24.0,41610.0,"[17764.0, 17924.0, 18532.0, 18084.0, 18068.0, 17716.0, 18468.0, 18548.0, 18580.0, 18340.0, 18244.0, 18708.0, 18308.0, 18900.0, 18612.0, 18804.0, 18564.0, 17876.0, 18020.0, 18820.0]",[]
5,10,False,712,272,5,-8,[],[],[],[],"[733, 862, 553, 960, 559]","[733, 862, 553, 960, 559]","[245, -219, -68, 52, 35]","[1, -95, -35, -23, 5]","[502, 519, 922, 738, 795, 697, 891, 688, 897, 703]","[402, 467, 425, 433, 403, 719, 650, 723, 743, 626]","[1, 1, -2, 0, 0, 1, -5, 3, -4, 5]","[-5, -5, -5, -5, -5, -5, -3, -4, -3, 0]",41.3,24.0,41178.0,"[19652.0, 20949.0, 21189.0, 22837.0, 23557.0, 23989.0, 24646.0, 25270.0, 25494.0, 25814.0, 25942.0, 26534.0, 26406.0, 25270.0, 25558.0, 24678.0, 24902.0, 24565.0, 24405.0, 23973.0]",[]
6,10,False,864,192,9,4,[],[],[],[],"[816, 754, 513, 962, 563]","[816, 754, 513, 962, 563]","[218, -262, -56, 4, 54]","[-38, -85, -90, -44, -6]","[522, 539, 882, 738, 795, 717, 809, 748, 817, 803]","[302, 367, 325, 333, 303, 619, 590, 642, 683, 626]","[1, 1, -2, 0, 0, 1, -4, 3, -4, 5]","[-5, -5, -5, -5, -5, -5, -3, -5, -3, 0]",41.3,24.0,41178.0,"[19652.0, 20949.0, 21189.0, 22837.0, 23557.0, 23989.0, 24646.0, 25270.0, 25494.0, 25814.0, 25942.0, 26534.0, 26406.0, 25270.0, 25558.0, 24678.0, 24902.0, 24565.0, 24405.0, 23973.0]",[]
7,9,False,887,354,-3,9,[940],[383],[-1],[5],"[896, 634, 492, 944, 587]","[896, 634, 492, 944, 587]","[208, -252, -3, -35, 110]","[-53, -46, -92, -67, 18]","[542, 559, 738, 795, 737, 729, 808, 737, 903, 903, 741, 594, 985, 653]","[202, 267, 233, 203, 519, 530, 542, 615, 626, 738, 569, 704, 706, 582]","[1, 1, 0, 0, 1, -4, 3, -4, 5, 0, 1, 5, -1, 4]","[-5, -5, -5, -5, -5, -3, -5, -4, 0, -5, -5, -3, -5, -3]",41.4,24.0,41114.0,"[18532.0, 18628.0, 18692.0, 18996.0, 18196.0, 18260.0, 18644.0, 18772.0, 19028.0, 18884.0, 18516.0, 19076.0, 18948.0, 18660.0, 18404.0, 18692.0, 18676.0, 18660.0, 19076.0, 19124.0]",[]
8,8,False,932,343,4,-8,[920],[483],[-1],[5],"[972, 534, 499, 914, 634]","[972, 534, 499, 914, 634]","[194, -208, 80, -55, 156]","[-43, -27, -58, -66, 50]","[562, 579, 738, 795, 757, 649, 657, 1003, 903, 761, 694, 965, 733]","[102, 167, 133, 103, 419, 470, 535, 626, 638, 469, 644, 606, 522]","[1, 1, 0, 0, 1, -4, -4, 5, 0, 1, 5, -1, 4]","[-5, -5, -5, -5, -5, -3, -4, 0, -5, -5, -3, -5, -3]",41.4,24.0,41114.0,"[25318.0, 24742.0, 25046.0, 24646.0, 24565.0, 23829.0, 24117.0, 23125.0, 22789.0, 22405.0, 21557.0, 20693.0, 20148.0, 20436.0, 19540.0, 19540.0, 19556.0, 18884.0, 19524.0, 18644.0]",[]
9,8,False,963,271,0,0,[],[],[],[],"[1031, 449, 533, 699]","[1031, 449, 533, 699]","[148, -163, 138, 209]","[1, 32, -7, 77]","[582, 599, 738, 795, 777, 569, 577, 1103, 903, 781, 792, 945, 813]","[2, 67, 33, 3, 319, 410, 455, 626, 538, 369, 584, 506, 462]","[1, 1, 0, 0, 1, -4, -4, 5, 0, 1, 4, -1, 4]","[-5, -5, -5, -5, -5, -3, -4, 0, -5, -5, -3, -5, -3]",41.4,24.0,41194.0,"[16900.0, 16868.0, 17060.0, 17220.0, 17492.0, 17732.0, 18052.0, 17924.0, 17508.0, 17812.0, 17540.0, 18180.0, 18068.0, 18068.0, 18196.0, 17636.0, 18100.0, 18324.0, 17380.0, 17556.0]",[]
10,8,False,1015,269,0,0,[],[],[],[],"[1071, 394, 589, 779, 1089]","[1071, 394, 589, 779, 1089]","[115, -75, 184, 222, -80]","[9, 53, 28, 102, -7]","[816, 489, 506, 1203, 903, 801, 872, 925, 893, 1012, 526, 592, 847, 1166]","[219, 350, 375, 626, 438, 269, 524, 406, 402, 619, 517, 541, 600, 743]","[2, -4, -3, 5, 0, 1, 4, -1, 4, -2, 2, 1, 5, 0]","[-5, -3, -4, 0, -5, -5, -3, -5, -3, -5, -5, -5, -3, -5]",41.4,24.0,41562.0,"[18628.0, 19380.0, 19364.0, 20068.0, 21221.0, 22421.0, 22837.0, 23845.0, 24742.0, 25126.0, 25286.0, 25238.0, 25734.0, 25894.0, 25302.0, 25702.0, 25014.0, 24485.0, 24293.0, 24229.0]",[]
11,7,False,996,393,0,0,[],[],[],[],"[1088, 376, 662, 859, 1035]","[1088, 376, 662, 859, 1035]","[28, 15, 238, 214, -124]","[25, 64, 56, 119, -10]","[856, 409, 446, 1303, 903, 821, 952, 905, 972, 573, 629, 947, 1166]","[119, 274, 295, 606, 338, 169, 464, 306, 519, 417, 441, 540, 643]","[2, -4, -3, 5, 0, 1, 4, -1, -2, 3, 2, 5, 0]","[-5, -4, -4, -1, -5, -5, -3, -5, -5, -5, -5, -3, -5]",41.4,24.0,41434.0,"[18516.0, 18756.0, 18212.0, 18068.0, 18468.0, 18372.0, 18324.0, 18260.0, 17620.0, 18196.0, 17636.0, 17412.0, 17924.0, 17796.0, 17476.0, 17764.0, 17204.0, 17972.0, 17236.0, 17588.0]",[]
12,6,False,1071,275,0,0,[],[],[],[],"[1069, 378, 758, 935, 966]","[1069, 378, 758, 935, 966]","[-68, 50, 258, 193, -190]","[26, 83, 74, 129, -11]","[896, 329, 386, 1403, 903, 854, 885, 932, 633, 669, 1047, 1166, 1171, 462, 798, 1000, 1038]","[19, 194, 215, 586, 238, 69, 206, 419, 317, 341, 480, 543, 700, 628, 620, 694, 710]","[2, -4, -3, 5, 0, 2, -1, -2, 3, 2, 5, 0, 4, 4, 4, 5, 0]","[-5, -4, -4, -1, -5, -5, -5, -5, -5, -5, -3, -5, -3, -3, -4, -3, -5]",41.4,24.0,41306.0,"[18260.0, 18660.0, 18964.0, 18260.0, 18996.0, 19044.0, 19316.0, 19236.0, 18964.0, 19716.0, 20164.0, 20292.0, 21205.0, 22533.0, 23045.0, 24565.0, 24902.0, 25638.0, 26262.0, 26150.0]",[]
13,6,False,1015,323,0,0,[1052],[387],[0],[5],"[1012, 401, 844, 991, 874]","[1012, 401, 844, 991, 874]","[-160, 104, 216, 130, -240]","[-4, 67, 62, 84, -23]","[262, 327, 1503, 903, 865, 892, 693, 709, 1136, 1166, 1251, 542, 878, 1084, 1038]","[114, 119, 555, 138, 106, 319, 220, 241, 420, 443, 634, 568, 540, 634, 610]","[-3, -2, 5, 0, -1, -2, 3, 2, 4, 0, 4, 4, 4, 4, 0]","[-4, -5, -2, -5, -5, -5, -4, -5, -3, -5, -4, -3, -4, -3, -5]",41.4,24.0,41290.0,"[19092.0, 19092.0, 19620.0, 19684.0, 19396.0, 19444.0, 18852.0, 18532.0, 18868.0, 18484.0, 18596.0, 18340.0, 17940.0, 17508.0, 17908.0, 17828.0, 17972.0, 17236.0, 17796.0, 17780.0]",[]
14,6,False,988,317,-9,-2,[1052],[487],[0],[5],"[928, 451, 913, 1021, 758]","[928, 451, 913, 1021, 758]","[-220, 155, 160, 57, -282]","[-18, 35, 62, 42, -40]","[202, 287, 903, 845, 852, 753, 749, 1216, 1166, 1319, 622, 958, 1164, 1038]","[34, 19, 38, 6, 219, 140, 141, 360, 343, 554, 508, 460, 574, 510]","[-3, -2, 0, -1, -2, 3, 2, 4, 0, 3, 4, 4, 4, 0]","[-4, -5, -5, -5, -5, -4, -5, -3, -5, -4, -3, -4, -3, -5]",41.4,24.0,41226.0,"[17652.0, 17764.0, 18180.0, 18100.0, 17988.0, 18164.0, 18516.0, 17940.0, 18148.0, 18676.0, 17972.0, 18228.0, 18468.0, 18244.0, 18452.0, 18900.0, 18836.0, 18468.0, 18996.0, 19156.0]",[]
15,6,False,898,315,0,0,[1052],[587],[0],[5],"[816, 511, 960, 1014, 634]","[816, 511, 960, 1014, 634]","[-287, 184, 125, -39, -312]","[-46, 27, 46, -30, -52]","[812, 813, 790, 1296, 1149, 1373, 702, 1038, 1244, 1038, 921, 595, 961, 1091, 791]","[119, 60, 41, 300, 243, 463, 448, 380, 513, 410, 599, 668, 612, 690, 613]","[-2, 3, 3, 4, -1, 2, 4, 4, 4, 0, -2, 5, 0, 1, 0]","[-5, -4, -5, -3, -5, -5, -3, -4, -4, -5, -5, -1, -5, -5, -5]",41.4,24.0,41402.0,"[24005.0, 23365.0, 22965.0, 22789.0, 22197.0, 21717.0, 21653.0, 21061.0, 20292.0, 19924.0, 19988.0, 19748.0, 19332.0, 19220.0, 18484.0, 18388.0, 18628.0, 18916.0, 18820.0, 18468.0]",[]
16,6,False,847,345,0,0,[],[],[],[],"[680, 571, 974, 507]","[680, 571, 974, 507]","[-312, 191, -109, -296]","[-58, 8, -68, -61]","[772, 1376, 1129, 1406, 782, 1118, 1324, 1038, 881, 695, 961, 1093, 791]","[19, 240, 143, 363, 388, 300, 433, 310, 499, 629, 512, 590, 513]","[-2, 4, -1, 1, 4, 4, 4, 0, -2, 5, 0, 0, 0]","[-5, -3, -5, -5, -3, -4, -4, -5, -5, -2, -5, -5, -5]",41.4,24.0,41434.0,"[18100.0, 17956.0, 18324.0, 18516.0, 17972.0, 18228.0, 17812.0, 18340.0, 18228.0, 18212.0, 17972.0, 17748.0, 18356.0, 18724.0, 18692.0, 18580.0, 18132.0, 17828.0, 17892.0, 18356.0]",[]
17,4,False,854,351,0,0,[],[],[],[],"[548, 641, 914, 391, 570]","[548, 641, 914, 391, 570]","[-276, 231, -150, -237, 22]","[-29, 2, -72, -50, 2]","[1456, 1109, 1413, 1198, 1389, 1038, 795, 961, 1093, 791, 692, 690, 959, 532, 626]","[164, 43, 263, 220, 353, 210, 589, 412, 490, 413, 621, 667, 678, 603, 784]","[4, -1, 0, 4, 3, 0, 5, 0, 0, 0, 5, 5, -3, 5, 1]","[-4, -5, -5, -4, -4, -5, -2, -5, -5, -5, -1, -1, -5, -3, -5]",41.4,24.0,41178.0,"[18196.0, 18148.0, 17700.0, 18868.0, 18212.0, 18228.0, 18580.0, 18596.0, 18180.0, 18148.0, 18356.0, 18724.0, 18452.0, 19156.0, 18852.0, 19012.0, 19508.0, 20052.0, 21045.0, 22437.0]",[]
18,4,False,858,396,0,0,[893],[461],[0],[5],"[444, 724, 834, 300, 570]","[444, 724, 834, 300, 570]","[-192, 247, -175, -173, 43]","[7, 35, -66, -20, 5]","[1524, 1405, 1278, 1449, 1038, 895, 961, 1093, 791, 792, 790, 899, 632, 646]","[84, 163, 140, 270, 110, 549, 312, 390, 313, 601, 647, 578, 543, 684]","[3, -1, 4, 3, 0, 5, 0, 0, 0, 5, 5, -3, 5, 1]","[-4, -5, -4, -5, -5, -2, -5, -5, -5, -1, -1, -5, -3, -5]",41.3,24.0,41226.0,"[19700.0, 19972.0, 19988.0, 19732.0, 19908.0, 19716.0, 19380.0, 18980.0, 19124.0, 18820.0, 19396.0, 18532.0, 18980.0, 18148.0, 18612.0, 17940.0, 18564.0, 17908.0, 18004.0, 18180.0]",[]
19,4,False,924,308,5,-8,[893],[561],[0],[5],"[374, 814, 754, 243, 589]","[374, 814, 754, 243, 589]","[-113, 246, -160, -58, 88]","[26, 71, -25, 40, 6]","[1362, 1358, 1495, 1038, 995, 961, 1093, 791, 892, 890, 839, 732, 666]","[66, 60, 170, 10, 509, 212, 290, 213, 581, 610, 478, 483, 584]","[-3, 4, 2, 0, 5, 0, 0, 0, 5, 5, -3, 5, 1]","[-4, -4, -5, -5, -2, -5, -5, -5, -1, -2, -5, -3, -5]",41.3,24.0,41178.0,"[18212.0, 18180.0, 18004.0, 17796.0, 17940.0, 17428.0, 17812.0, 18020.0, 17700.0, 17844.0, 17796.0, 17652.0, 17860.0, 18436.0, 18308.0, 17700.0, 18452.0, 18612.0, 18612.0, 17908.0]",[]
20,4,False,1070,288,9,0,[],[],[],[],"[341, 682, 234, 625]","[341, 682, 234, 625]","[-2, -138, 59, 113]","[67, 10, 87, 16]","[1527, 1095, 961, 1093, 791, 992, 990, 779, 832, 686, 513, 801, 770, 390, 628]","[70, 469, 112, 190, 113, 561, 570, 378, 423, 484, 578, 608, 530, 585, 700]","[1, 5, 0, 0, 0, 5, 5, -3, 5, 1, 5, -3, -1, 5, 0]","[-5, -2, -5, -5, -5, -1, -2, -5, -3, -5, -2, -4, -5, -2, -5]",41.3,24.0,41178.0,"[19860.0, 20276.0, 21685.0, 22853.0, 23781.0, 25414.0, 26374.0, 26694.0, 27430.0, 27030.0, 27062.0, 27254.0, 27110.0, 26150.0, 26006.0, 25590.0, 24533.0, 24341.0, 24149.0, 23685.0]",[]
21,4,False,1021,347,-6,7,[],[],[],[],"[348, 622, 275, 669]","[348, 622, 275, 669]","[83, -121, 195, 151]","[101, 72, 115, 13]","[1195, 961, 1093, 791, 1092, 1090, 723, 932, 706, 613, 741, 750, 490, 648]","[429, 12, 90, 13, 540, 530, 278, 363, 384, 538, 519, 430, 545, 600]","[5, 0, 0, 0, 5, 5, -2, 5, 1, 5, -3, -1, 5, 1]","[-2, -5, -5, -5, -2, -2, -5, -3, -5, -2, -5, -5, -2, -5]",41.3,24.0,41658.0,"[18820.0, 18708.0, 18612.0, 18884.0, 18916.0, 18676.0, 18260.0, 18052.0, 18500.0, 18052.0, 17652.0, 18020.0, 18244.0, 17476.0, 17684.0, 18180.0, 17492.0, 18148.0, 17684.0, 17316.0]",[]
22,3,False,957,436,0,0,[],[],[],[],"[393, 562, 363, 714, 1262]","[393, 562, 363, 714, 1262]","[166, -111, 272, 135, -71]","[104, 79, 110, 19, -14]","[1295, 1192, 1190, 683, 734, 713, 693, 730, 590, 668, 457, 677, 406, 765, 1293]","[389, 500, 490, 178, 284, 498, 419, 330, 505, 500, 652, 614, 652, 761, 707]","[5, 5, 5, -2, 2, 5, -2, -1, 5, 1, 4, 4, 4, 3, -3]","[-2, -2, -2, -5, -5, -2, -5, -5, -2, -5, -3, -3, -4, -4, -4]",41.3,24.0,41210.0,"[27974.0, 27974.0, 27334.0, 26454.0, 26262.0, 25414.0, 25270.0, 25094.0, 24565.0, 24405.0, 23733.0, 23557.0, 22405.0, 22021.0, 21445.0, 20949.0, 20917.0, 20485.0, 20645.0, 20132.0]",[]
23,3,False,930,481,0,0,[],[],[],[],"[453, 502, 463, 753, 1204]","[453, 502, 463, 753, 1204]","[190, -107, 290, 98, -173]","[63, 94, 90, -21, -25]","[1395, 1292, 1290, 643, 774, 813, 653, 720, 690, 688, 537, 757, 486, 825, 1233]","[349, 460, 450, 78, 184, 458, 319, 230, 465, 400, 592, 554, 572, 681, 627]","[5, 5, 5, -2, 2, 5, -2, 0, 5, 1, 4, 4, 4, 3, -3]","[-2, -2, -2, -5, -5, -2, -5, -5, -2, -5, -3, -3, -4, -4, -4]",41.3,24.0,41274.0,"[20020.0, 20581.0, 20693.0, 20757.0, 20164.0, 20372.0, 20004.0, 19860.0, 20132.0, 19428.0, 19428.0, 18980.0, 19076.0, 18340.0, 18532.0, 18196.0, 17796.0, 18084.0, 18276.0, 17940.0]",[]
24,3,False,1006,334,1,-9,[],[],[],[],"[530, 456, 563, 773, 1100]","[530, 456, 563, 773, 1100]","[222, -68, 295, 56, -290]","[46, 78, 93, -54, -29]","[1495, 1392, 1390, 814, 913, 613, 720, 790, 708, 617, 837, 566, 885, 1173]","[307, 420, 410, 84, 418, 219, 130, 425, 300, 532, 494, 492, 601, 547]","[5, 5, 5, 2, 5, -2, 0, 5, 1, 4, 4, 4, 3, -3]","[-3, -2, -2, -5, -2, -5, -5, -2, -5, -3, -3, -4, -4, -4]",41.3,24.0,41354.0,"[18404.0, 18948.0, 18228.0, 18468.0, 18212.0, 18948.0, 18500.0, 18900.0, 19124.0, 18916.0, 20180.0, 20180.0, 21525.0, 22373.0, 24037.0, 25254.0, 25894.0, 27734.0, 28150.0, 27862.0]",[]
25,2,False,904,291,-5,8,[],[],[],[],"[610, 430, 670, 774, 954]","[610, 430, 670, 774, 954]","[231, -30, 290, 22, -387]","[15, 64, 79, -70, -36]","[1492, 1490, 1013, 582, 720, 728, 697, 917, 646, 945, 1113, 635, 543, 672, 883, 1233]","[380, 365, 378, 119, 30, 200, 472, 434, 412, 521, 467, 634, 595, 683, 676, 648]","[5, 5, 5, -1, 0, 1, 4, 4, 4, 3, -3, 3, 2, 3, 3, 5]","[-2, -3, -2, -5, -5, -5, -3, -3, -4, -4, -4, -5, -5, -4, -5, -2]",41.3,24.0,41146.0,"[19908.0, 19492.0, 19348.0, 19364.0, 19428.0, 20004.0, 19444.0, 19396.0, 19748.0, 18980.0, 19428.0, 18580.0, 18308.0, 18100.0, 17892.0, 18260.0, 17812.0, 17620.0, 17476.0, 17252.0]",[]
26,1,False,852,368,1,-9,[901],[451],[-2],[5],"[690, 411, 770, 764, 776]","[690, 411, 770, 764, 776]","[230, 3, 258, -11, -428]","[-13, 41, 28, -103, -48]","[1113, 562, 748, 777, 726, 1005, 1053, 695, 595, 732, 943, 1330]","[338, 19, 100, 412, 332, 441, 387, 534, 495, 603, 576, 596]","[5, -1, 1, 4, 4, 3, -3, 3, 3, 3, 3, 4]","[-2, -5, -5, -3, -4, -4, -4, -5, -5, -4, -5, -3]",41.3,24.0,41162.0,"[17764.0, 18276.0, 17924.0, 18260.0, 18436.0, 18500.0, 18340.0, 18276.0, 18276.0, 19012.0, 18884.0, 18852.0, 18724.0, 18884.0, 19396.0, 19700.0, 20501.0, 21653.0, 23493.0, 24229.0]",[]
27,0,False,945,213,7,-6,[861],[551],[-2],[5],"[770, 416, 858, 744, 596]","[770, 416, 858, 744, 596]","[237, 68, 227, -2, -430]","[-27, 56, -4, -73, -28]","[1213, 857, 806, 1065, 755, 655, 792, 991, 1410, 793, 490, 887, 824, 725]","[298, 352, 255, 361, 434, 395, 523, 476, 534, 658, 680, 742, 624, 578]","[5, 4, 4, 3, 3, 3, 3, 2, 4, 2, 3, 3, 3, 1]","[-2, -3, -3, -4, -5, -5, -4, -5, -4, -5, -4, -4, -4, -5]",41.3,24.0,41178.0,"[18116.0, 17348.0, 17732.0, 17876.0, 17124.0, 17460.0, 17076.0, 17620.0, 17636.0, 17940.0, 18788.0, 18388.0, 18852.0, 18772.0, 18964.0, 18596.0, 19156.0, 18724.0, 18228.0, 18228.0]",[]
28,-1,False,1078,196,7,6,[],[],[],[],"[450, 938, 744, 426]","[450, 938, 744, 426]","[152, 207, 35, -354]","[91, -20, -40, 19]","[1313, 937, 886, 815, 715, 852, 1031, 1479, 833, 550, 947, 884, 745]","[258, 292, 195, 334, 295, 443, 376, 454, 558, 600, 660, 544, 478]","[5, 4, 4, 3, 3, 3, 2, 3, 2, 3, 3, 3, 1]","[-2, -3, -3, -5, -5, -4, -5, -4, -5, -4, -5, -4, -5]",41.3,24.0,41322.0,"[18900.0, 19476.0, 20212.0, 21605.0, 23093.0, 24565.0, 26502.0, 26886.0, 28374.0, 28390.0, 28695.0, 28198.0, 27926.0, 27414.0, 27366.0, 26294.0, 25686.0, 25334.0, 24421.0, 23941.0]",[]
29,-2,False,1141,251,7,6,[],[],[],[],"[520, 1004, 744, 293]","[520, 1004, 744, 293]","[247, 181, 40, -260]","[101, 14, 5, 60]","[1413, 1017, 966, 875, 775, 912, 1533, 873, 610, 1007, 944, 766]","[218, 232, 135, 241, 198, 363, 362, 458, 520, 560, 464, 378]","[5, 4, 4, 3, 3, 3, 2, 2, 3, 3, 3, 2]","[-2, -3, -3, -4, -4, -4, -5, -5, -4, -5, -4, -5]",41.3,24.0,41322.0,"[18900.0, 19476.0, 20212.0, 21605.0, 23093.0, 24565.0, 26502.0, 26886.0, 28374.0, 28390.0, 28695.0, 28198.0, 27926.0, 27414.0, 27366.0, 26294.0, 25686.0, 25334.0, 24421.0, 23941.0]",[]
30,-2,False,1245,344,0,0,[],[],[],[],"[619, 1054, 751, 196, 1048]","[619, 1054, 751, 196, 1048]","[285, 132, 59, -176, -64]","[81, 39, 48, 105, -10]","[1513, 1112, 1046, 935, 835, 972, 913, 670, 1067, 1004, 806, 649, 1045, 865, 429, 1074]","[178, 172, 75, 161, 118, 283, 358, 440, 460, 384, 278, 691, 645, 537, 602, 699]","[5, 5, 4, 3, 3, 3, 2, 3, 3, 3, 2, 4, 0, 4, 5, -2]","[-2, -3, -3, -4, -4, -4, -5, -4, -5, -4, -5, -4, -5, -4, -1, -5]",41.4,24.0,41290.0,"[17604.0, 17476.0, 17956.0, 17492.0, 18596.0, 17732.0, 17796.0, 17908.0, 18500.0, 18180.0, 18020.0, 18148.0, 18436.0, 18772.0, 18500.0, 19220.0, 18948.0, 18372.0, 18964.0, 18820.0]",[]
31,-3,False,1128,332,-8,4,[],[],[],[],"[735, 1094, 771, 138, 1000]","[735, 1094, 771, 138, 1000]","[322, 106, 88, -60, -115]","[92, 62, 84, 134, 4]","[1212, 1126, 995, 895, 1032, 953, 744, 1064, 846, 729, 1045, 945, 529, 1034]","[112, 15, 81, 38, 203, 258, 360, 304, 178, 611, 545, 457, 582, 599]","[5, 4, 3, 3, 3, 2, 4, 3, 2, 4, 0, 4, 5, -2]","[-3, -3, -4, -4, -4, -5, -4, -4, -5, -4, -5, -4, -1, -5]",41.4,24.0,41178.0,"[23093.0, 22069.0, 21749.0, 21093.0, 21189.0, 20292.0, 19764.0, 19764.0, 19476.0, 19348.0, 20020.0, 19540.0, 19540.0, 20052.0, 20004.0, 19492.0, 19252.0, 19172.0, 19476.0, 19156.0]",[]
32,-6,False,1000,401,0,0,[1068],[440],[-4],[3],"[854, 1112, 791, 134, 930]","[854, 1112, 791, 134, 930]","[298, 34, 64, 73, -173]","[82, 59, 89, 160, -21]","[1312, 1055, 1092, 993, 824, 886, 809, 629, 994, 874, 1116, 841, 218, 1022]","[52, 1, 123, 158, 280, 78, 531, 562, 499, 770, 739, 609, 707, 709]","[5, 3, 3, 2, 4, 2, 4, 5, -2, 3, -4, 1, 5, 2]","[-3, -4, -4, -5, -4, -5, -4, -1, -5, -5, -4, -5, 0, -5]",41.4,24.0,41354.0,"[17124.0, 17572.0, 17284.0, 17668.0, 17812.0, 18132.0, 17604.0, 17764.0, 17844.0, 17924.0, 18276.0, 17700.0, 18084.0, 17972.0, 17684.0, 17924.0, 17812.0, 17492.0, 17956.0, 17876.0]",[]
33,-7,False,1150,297,9,-1,[988],[500],[-4],[3],"[954, 1092, 803, 176, 845]","[954, 1092, 803, 176, 845]","[263, -85, 42, 186, -214]","[68, 13, 110, 120, -31]","[1152, 1033, 904, 889, 729, 934, 1036, 861, 318, 1062]","[43, 58, 200, 451, 542, 670, 659, 509, 707, 609]","[3, 2, 4, 4, 5, 3, -4, 1, 5, 2]","[-4, -5, -4, -4, -1, -5, -4, -5, 0, -5]",41.4,24.0,41242.0,"[26326.0, 25862.0, 25526.0, 24389.0, 24149.0, 23685.0, 23141.0, 22549.0, 21765.0, 20805.0, 20533.0, 19636.0, 19540.0, 19556.0, 19364.0, 19764.0, 19908.0, 19940.0, 19396.0, 20036.0]",[]
34,-7,False,1208,443,-4,9,[908],[560],[-4],[3],"[1037, 1028, 803, 258, 736]","[1037, 1028, 803, 258, 736]","[190, -178, 15, 265, -263]","[33, -17, 82, 72, -47]","[984, 969, 829, 994, 967, 899, 418, 1102]","[132, 371, 522, 570, 579, 409, 707, 509]","[4, 4, 5, 3, -3, 2, 5, 2]","[-3, -4, -1, -5, -4, -5, 0, -5]",41.4,24.0,41146.0,"[17316.0, 16676.0, 17076.0, 16724.0, 16820.0, 16948.0, 17284.0, 17364.0, 17172.0, 17796.0, 17668.0, 17476.0, 17988.0, 17748.0, 17668.0, 17684.0, 17828.0, 18516.0, 18116.0, 18004.0]",[]
35,-8,False,1245,545,9,0,[828],[620],[-4],[3],"[1080, 932, 791, 370, 616]","[1080, 932, 791, 370, 616]","[84, -235, -15, 335, -287]","[-18, -32, 67, 18, -68]","[1064, 1049, 929, 1054, 907, 939, 518, 1140, 1002, 921, 405, 871]","[72, 304, 502, 470, 499, 309, 707, 740, 691, 638, 767, 673]","[4, 4, 5, 3, -3, 2, 5, 3, -3, 4, 5, 5]","[-3, -3, -1, -5, -4, -5, 0, -4, -4, -4, -2, -2]",41.4,24.0,41722.0,"[23733.0, 23093.0, 22165.0, 21589.0, 20757.0, 20661.0, 19988.0, 19220.0, 18788.0, 18692.0, 18996.0, 19092.0, 19156.0, 18132.0, 18532.0, 19236.0, 19172.0, 18628.0, 18820.0, 18436.0]",[]
36,-8,False,1335,549,0,0,[],[],[],[],"[1081, 819, 505, 496]","[1081, 819, 505, 496]","[-14, -274, 387, -276]","[-57, -49, -8, -88]","[1151, 1129, 1029, 1114, 847, 979, 618, 1200, 954, 1001, 505, 971]","[12, 244, 482, 376, 419, 209, 707, 660, 594, 558, 727, 633]","[5, 4, 5, 3, -3, 2, 5, 3, -2, 4, 5, 5]","[-3, -3, -1, -4, -4, -5, 0, -4, -5, -4, -2, -2]",41.4,24.0,41386.0,"[17300.0, 17508.0, 17300.0, 17508.0, 17860.0, 17956.0, 17764.0, 18516.0, 17460.0, 18004.0, 18180.0, 18404.0, 17636.0, 17940.0, 17828.0, 18292.0, 17764.0, 17748.0, 17892.0, 17956.0]",[]
37,-8,False,1353,554,0,0,[],[],[],[],"[1049, 699, 656, 381, 549]","[1049, 699, 656, 381, 549]","[-81, -268, 419, -221, 12]","[-55, -67, -15, -54, 15]","[1209, 1129, 1174, 787, 1036, 718, 1260, 927, 1081, 605, 1071, 1148, 844, 670, 524, 650]","[184, 462, 296, 329, 114, 707, 580, 494, 497, 687, 593, 735, 716, 775, 630, 620]","[4, 5, 3, -3, 3, 5, 3, -1, 4, 5, 5, 4, 5, 5, 5, 5]","[-3, -1, -4, -5, -4, 0, -4, -5, -3, -2, -2, -4, 0, -2, 1, -2]",41.4,24.0,41146.0,"[23957.0, 23557.0, 22773.0, 22437.0, 22069.0, 21285.0, 20372.0, 19252.0, 18708.0, 18484.0, 18260.0, 17988.0, 17812.0, 17732.0, 18132.0, 18404.0, 17876.0, 17892.0, 18372.0, 18180.0]",[]
38,-9,False,1353,554,0,0,[],[],[],[],"[1002, 579, 816, 304, 561]","[1002, 579, 816, 304, 561]","[-102, -251, 414, -114, 99]","[-29, -53, 1, -6, 68]","[1289, 1229, 1234, 743, 1096, 818, 925, 1161, 705, 1171, 1228, 944, 770, 624, 750]","[124, 442, 216, 229, 34, 707, 394, 437, 647, 553, 655, 716, 735, 648, 580]","[4, 5, 3, -2, 3, 5, 0, 4, 5, 5, 4, 5, 5, 5, 5]","[-3, -1, -4, -5, -4, 0, -5, -3, -2, -2, -4, 0, -2, 0, -2]",41.4,24.0,41258.0,"[15171.0, 15619.0, 15571.0, 15779.0, 15923.0, 16868.0, 17188.0, 17284.0, 17364.0, 17828.0, 17812.0, 18724.0, 18116.0, 18068.0, 17956.0, 17892.0, 18372.0, 18532.0, 18436.0, 18388.0]",[]
