,HP,Power up,Player x,Player y,Player speed_x,Player speed_y,Player bullet x,Player bullet y,Player bullet speed_x,Player bullet speed_y,Enemy x,Enemy y,Enemy speed_x,Enemy speed_y,Enemy bullet x,Enemy bullet y,Enemy bullet speed_x,Enemy bullet speed_y,Humidity,Temperature,Skin conductance,Relative blood volume,Accelerations
0,10,False,731,392,1,-9,[721],[678],[-2],[5],"[274, 892, 802, 0, 1008]","[274, 892, 802, 0, 1008]","[-236, 229, -274, -70, -357]","[37, 33, 74, 140, 9]",[],[],[],[],41.4,24.1,41322.0,"[30887.0, 31015.0, 31271.0, 31799.0, 32311.0, 32055.0, 33512.0, 34520.0, 36664.0, 38169.0, 40745.0, 43354.0, 44810.0, 46411.0, 47819.0, 47675.0, 47259.0, 45531.0, 44554.0, 43098.0]",[]
1,10,False,755,212,1,-9,[],[],[],[],"[198, 966, 8, 848]","[198, 966, 8, 848]","[-99, 195, 109, -400]","[47, 32, 154, 18]",[],[],[],[],41.4,24.1,41178.0,"[41482.0, 39561.0, 38265.0, 36664.0, 35656.0, 33656.0, 32535.0, 31543.0, 30855.0, 30183.0, 30087.0, 30599.0, 30871.0, 30359.0, 31159.0, 30967.0, 31687.0, 31143.0, 31415.0, 30887.0]",[]
2,10,False,758,194,0,0,[],[],[],[],"[171, 1019, 71, 668, 1383]","[171, 1019, 71, 668, 1383]","[-2, 120, 245, -429, -64]","[37, 11, 140, 15, 4]","[258, 1010, 125, 796, 1393]","[709, 723, 721, 687, 670]","[3, -3, 4, 1, -5]","[-5, -5, -4, -5, -1]",41.4,24.1,41482.0,"[29959.0, 30567.0, 30167.0, 31287.0, 30775.0, 30919.0, 30775.0, 30903.0, 31447.0, 31911.0, 31655.0, 31655.0, 32071.0, 33080.0, 34488.0, 36088.0, 38233.0, 40297.0, 42794.0, 44074.0]",[]
3,10,False,707,374,-3,9,[],[],[],[],"[180, 1038, 184, 488, 1320]","[180, 1038, 184, 488, 1320]","[79, 45, 360, -416, -193]","[19, -18, 98, -2, -17]","[318, 950, 205, 816, 1293]","[609, 623, 641, 587, 650]","[3, -3, 4, 1, -5]","[-5, -5, -4, -5, -1]",41.4,24.1,41146.0,"[45531.0, 46283.0, 46267.0, 45099.0, 44394.0, 42938.0, 41882.0, 39817.0, 38809.0, 37177.0, 35528.0, 34824.0, 33352.0, 32215.0, 31703.0, 31431.0, 30375.0, 31015.0, 31175.0, 30919.0]",[]
4,10,False,627,531,-2,9,[],[],[],[],"[225, 1026, 332, 314, 1209]","[225, 1026, 332, 314, 1209]","[175, -43, 421, -386, -310]","[-13, -49, 40, -30, -14]","[378, 890, 285, 836, 1193]","[509, 525, 561, 487, 630]","[3, -3, 4, 1, -5]","[-5, -4, -4, -5, -1]",41.3,24.1,41370.0,"[31383.0, 31319.0, 31447.0, 31815.0, 31191.0, 31911.0, 31239.0, 31751.0, 32327.0, 32487.0, 32904.0, 34296.0, 35976.0, 37433.0, 39529.0, 41530.0, 43530.0, 45243.0, 46187.0, 46267.0]",[]
5,10,False,716,555,7,-6,[],[],[],[],"[299, 978, 492, 167, 1048]","[299, 978, 492, 167, 1048]","[242, -134, 445, -316, -426]","[-31, -69, 3, -48, -20]","[438, 830, 365, 843, 1093, 366, 973, 458, 404, 1138]","[414, 445, 481, 387, 610, 733, 703, 762, 632, 607]","[3, -3, 4, 0, -5, 5, -5, 4, 3, -5]","[-4, -4, -4, -5, -1, -1, -2, -3, -4, -1]",41.3,24.1,41194.0,"[30711.0, 30503.0, 30375.0, 30199.0, 30183.0, 29767.0, 30631.0, 30263.0, 29495.0, 29527.0, 29031.0, 29479.0, 29399.0, 29015.0, 28711.0, 28646.0, 29143.0, 28839.0, 29207.0, 29863.0]",[]
6,9,False,826,425,9,2,[],[],[],[],"[401, 897, 671, 51, 850]","[401, 897, 671, 51, 850]","[307, -210, 452, -216, -507]","[-46, -87, -46, -62, -17]","[498, 445, 843, 993, 466, 873, 538, 464, 1038]","[334, 401, 287, 590, 713, 663, 702, 552, 587]","[3, 4, 0, -5, 5, -5, 4, 3, -5]","[-4, -4, -5, -1, -1, -2, -3, -4, -1]",41.3,24.1,41210.0,"[29415.0, 29975.0, 30039.0, 29895.0, 30423.0, 30647.0, 31031.0, 30743.0, 31271.0, 30807.0, 31639.0, 31223.0, 31063.0, 31543.0, 31527.0, 31927.0, 32824.0, 33592.0, 34728.0, 36408.0]",[]
7,8,False,865,434,3,-9,[],[],[],[],"[524, 842, 0, 630]","[524, 842, 0, 630]","[360, 453, -84, -525]","[-51, -67, -47, 0]","[558, 525, 843, 566, 773, 618, 524, 938, 557, 906, 837, 102, 715]","[254, 321, 187, 693, 623, 642, 472, 567, 683, 588, 750, 634, 592]","[3, 4, 0, 5, -5, 4, 3, -5, 5, 2, 3, 5, -5]","[-4, -4, -5, -1, -2, -3, -4, -1, 0, -5, -4, -1, -2]",41.3,24.1,41322.0,"[30759.0, 30295.0, 29991.0, 30775.0, 30615.0, 30599.0, 30535.0, 30519.0, 30887.0, 31463.0, 30695.0, 30391.0, 30039.0, 30055.0, 29943.0, 29479.0, 29319.0, 28999.0, 28807.0, 28182.0]",[]
8,8,False,974,299,9,0,[],[],[],[],"[666, 1002, 3, 422]","[666, 1002, 3, 422]","[406, 413, 71, -458]","[-27, -66, 8, 31]","[618, 605, 860, 666, 673, 698, 584, 838, 657, 946, 897, 202, 615]","[174, 261, 87, 673, 583, 582, 392, 541, 683, 488, 670, 614, 547]","[3, 4, 1, 5, -5, 4, 3, -5, 5, 2, 3, 5, -5]","[-4, -3, -5, -1, -2, -3, -4, -2, 0, -5, -4, -1, -3]",41.3,24.1,41450.0,"[28118.0, 28646.0, 28887.0, 28903.0, 28246.0, 28695.0, 28342.0, 28887.0, 29367.0, 29239.0, 30103.0, 29671.0, 30087.0, 30087.0, 30087.0, 30759.0, 30391.0, 30743.0, 31495.0, 31319.0]",[]
9,8,False,1114,283,9,3,[],[],[],[],"[826, 1150, 55, 241]","[826, 1150, 55, 241]","[422, 361, 228, -374]","[18, -64, 54, 89]","[678, 685, 766, 575, 778, 661, 738, 757, 986, 957, 302, 535]","[94, 201, 653, 532, 522, 312, 501, 683, 388, 590, 594, 483]","[3, 4, 5, -4, 4, 4, -5, 5, 2, 3, 5, -4]","[-4, -3, -1, -3, -3, -4, -2, 0, -5, -4, -1, -4]",41.3,24.1,41530.0,"[39305.0, 38025.0, 36664.0, 34968.0, 33896.0, 32776.0, 31383.0, 31207.0, 30199.0, 30503.0, 29927.0, 30855.0, 31031.0, 31063.0, 30647.0, 30999.0, 31479.0, 30567.0, 30663.0, 30407.0]",[]
10,8,False,1107,450,-4,8,[],[],[],[],"[986, 1273, 169, 111, 723]","[986, 1273, 169, 111, 723]","[418, 303, 365, -229, 21]","[56, -44, 93, 144, 8]","[744, 765, 866, 495, 858, 741, 638, 857, 1026, 1017, 402, 478, 931, 1197, 201, 355, 856]","[14, 141, 633, 472, 462, 232, 461, 683, 288, 510, 574, 396, 542, 591, 622, 574, 778]","[4, 4, 5, -4, 4, 4, -5, 5, 2, 3, 5, -2, 3, 0, 5, 4, 4]","[-4, -3, -1, -3, -3, -4, -2, 0, -5, -4, -1, -5, -4, -5, 0, -3, -3]",41.3,24.1,41498.0,"[30263.0, 30311.0, 30039.0, 29095.0, 28502.0, 29223.0, 28310.0, 28935.0, 28807.0, 28566.0, 28438.0, 28871.0, 28630.0, 28598.0, 29079.0, 28903.0, 30023.0, 29895.0, 29719.0, 30471.0]",[]
11,7,False,1107,459,0,0,[],[],[],[],"[1135, 1363, 330, 38, 727]","[1135, 1363, 330, 38, 727]","[379, 204, 496, -82, 60]","[99, 6, 110, 178, 4]","[845, 966, 417, 938, 821, 538, 957, 1066, 502, 461, 991, 1197, 301, 435, 936]","[81, 613, 396, 402, 165, 421, 676, 188, 554, 296, 462, 491, 622, 514, 718]","[4, 5, -3, 4, 4, -5, 5, 2, 5, 0, 3, 0, 5, 4, 4]","[-3, -1, -4, -3, -3, -2, -1, -5, -1, -5, -4, -5, 0, -3, -3]",41.4,24.1,41226.0,"[40921.0, 39129.0, 38041.0, 36152.0, 34280.0, 33672.0, 32776.0, 32007.0, 31623.0, 30903.0, 30743.0, 30535.0, 30631.0, 31527.0, 30647.0, 31111.0, 31623.0, 31543.0, 31431.0, 31559.0]",[]
12,5,False,1037,307,0,0,[],[],[],[],"[1258, 1406, 538, 23, 747]","[1258, 1406, 538, 23, 747]","[278, 59, 561, 43, 61]","[122, 43, 106, 160, -10]","[925, 1066, 359, 901, 438, 1057, 1106, 602, 489, 1197, 401, 515, 1016, 1232, 1384, 531, 108, 787]","[21, 593, 310, 105, 381, 656, 88, 534, 197, 391, 622, 454, 658, 628, 631, 686, 751, 745]","[4, 5, -2, 4, -5, 5, 2, 5, 3, 0, 5, 4, 4, -2, -5, 5, 5, 1]","[-3, -1, -5, -3, -2, -1, -5, -1, -4, -5, 0, -3, -3, -5, -1, -1, 0, -5]",41.4,24.1,41530.0,"[29799.0, 30295.0, 30231.0, 30023.0, 30263.0, 30791.0, 30311.0, 30999.0, 31271.0, 31175.0, 32007.0, 32840.0, 33560.0, 34904.0, 36328.0, 39017.0, 40649.0, 42970.0, 44842.0, 46059.0]",[]
13,5,False,923,423,-5,8,[974],[463],[-3],[4],"[1337, 1384, 754, 55, 766]","[1337, 1384, 754, 55, 766]","[157, -108, 543, 155, 47]","[80, 44, 78, 131, -44]","[1166, 327, 981, 338, 1157, 702, 562, 1197, 501, 595, 1096, 1192, 1284, 631, 208, 807]","[573, 210, 45, 326, 636, 514, 126, 291, 622, 394, 598, 528, 611, 666, 751, 645]","[5, -1, 4, -5, 5, 5, 4, 0, 5, 4, 4, -2, -5, 5, 5, 1]","[-1, -5, -3, -3, -1, -1, -3, -5, 0, -3, -3, -5, -1, -1, 0, -5]",41.4,24.1,41434.0,"[31223.0, 32199.0, 32039.0, 31975.0, 31639.0, 31319.0, 31207.0, 30759.0, 31063.0, 30407.0, 30391.0, 29495.0, 30167.0, 29527.0, 28935.0, 28967.0, 29383.0, 28775.0, 29207.0, 29207.0]",[]
14,5,False,859,377,-5,-8,[914],[547],[-3],[5],"[1362, 1300, 951, 129, 768]","[1362, 1300, 951, 129, 768]","[25, -259, 493, 258, 29]","[74, 46, 43, 80, -50]","[1266, 323, 254, 1257, 802, 661, 1197, 601, 675, 1176, 1152, 1184, 731, 308, 827]","[548, 110, 266, 604, 494, 89, 191, 622, 334, 538, 428, 591, 634, 734, 545]","[5, 0, -4, 5, 5, 5, 0, 5, 4, 4, -2, -5, 5, 5, 1]","[-2, -5, -3, -2, -1, -1, -5, 0, -3, -3, -5, -1, -2, -1, -5]",41.4,24.1,41162.0,"[37177.0, 38537.0, 40761.0, 43194.0, 45243.0, 46507.0, 47067.0, 48059.0, 46795.0, 46571.0, 44410.0, 43658.0, 41242.0, 40185.0, 38505.0, 37849.0, 35496.0, 34072.0, 33032.0, 31911.0]",[]
15,4,False,740,302,0,0,[854],[647],[-3],[5],"[1334, 1161, 1117, 244, 768]","[1334, 1161, 1117, 244, 768]","[-114, -380, 390, 359, 5]","[41, 57, 27, 23, -75]","[1366, 350, 174, 1357, 902, 761, 1197, 701, 1256, 1100, 1084, 831, 408, 847, 1364, 1235, 937, 257, 856]","[508, 10, 206, 564, 474, 82, 91, 622, 478, 328, 571, 594, 714, 445, 642, 627, 672, 759, 645]","[5, 2, -4, 5, 5, 5, 0, 5, 4, -3, -5, 5, 5, 1, -2, -5, -3, 4, 2]","[-2, -5, -3, -2, -1, 0, -5, 0, -3, -5, -1, -2, -1, -5, -5, -1, -4, -3, -5]",41.4,24.1,41178.0,"[28518.0, 28198.0, 28118.0, 28614.0, 28294.0, 28839.0, 28358.0, 28518.0, 29287.0, 29607.0, 29863.0, 29383.0, 29927.0, 30727.0, 30039.0, 30135.0, 30215.0, 30455.0, 31319.0, 30855.0]",[]
16,4,False,618,381,-7,6,[],[],[],[],"[1253, 979, 1239, 388]","[1253, 979, 1239, 388]","[-230, -470, 280, 418]","[9, 25, 13, -15]","[1466, 94, 1443, 1002, 861, 801, 1336, 1040, 984, 931, 508, 867, 1308, 1135, 877, 337, 896]","[468, 131, 504, 441, 82, 622, 418, 228, 551, 554, 694, 345, 542, 607, 592, 699, 545]","[5, -4, 4, 5, 5, 5, 4, -3, -5, 5, 5, 1, -3, -5, -3, 4, 2]","[-2, -4, -3, -2, 0, 0, -3, -5, -1, -2, -1, -5, -5, -1, -4, -3, -5]",41.4,24.1,41194.0,"[30983.0, 31479.0, 31703.0, 31991.0, 31623.0, 32663.0, 34376.0, 35816.0, 37033.0, 39641.0, 42314.0, 43866.0, 46155.0, 47707.0, 47931.0, 47179.0, 47131.0, 45451.0, 44202.0, 42522.0]",[]
17,4,False,506,529,-5,8,[],[],[],[],"[1125, 765, 1321, 557, 413]","[1125, 765, 1321, 557, 413]","[-342, -526, 177, 472, 45]","[-1, 13, 33, -63, -2]","[28, 1509, 1102, 958, 901, 1416, 980, 884, 1031, 608, 887, 1248, 1035, 817, 417, 936, 1173, 849, 1277, 525, 438]","[51, 421, 401, 116, 622, 342, 148, 531, 514, 674, 245, 447, 587, 512, 639, 445, 738, 659, 733, 751, 723]","[-3, 2, 5, 4, 5, 4, -3, -5, 5, 5, 1, -3, -5, -3, 4, 2, -5, -5, -5, 1, -1]","[-4, -5, -2, 3, 0, -4, -4, -1, -2, -1, -5, -4, -1, -4, -3, -5, -1, 0, -2, -5, -5]",41.4,24.0,41546.0,"[29287.0, 28695.0, 28630.0, 28470.0, 28871.0, 28566.0, 28967.0, 29159.0, 28727.0, 29111.0, 29943.0, 29559.0, 29879.0, 30455.0, 30999.0, 29911.0, 30375.0, 30151.0, 30407.0, 30439.0]",[]
18,3,False,482,576,0,0,[],[],[],[],"[969, 1362, 740, 443]","[969, 1362, 740, 443]","[-384, 80, 502, 126]","[42, 64, -70, 10]","[1526, 1202, 1012, 1001, 1496, 920, 784, 1131, 708, 907, 1188, 935, 757, 976, 1073, 749, 1177, 545, 418]","[321, 361, 202, 622, 262, 68, 511, 474, 654, 145, 367, 567, 432, 345, 718, 659, 693, 651, 623]","[0, 5, 1, 5, 4, -3, -5, 5, 5, 1, -3, -5, -3, 2, -5, -5, -5, 1, -1]","[-5, -2, 5, 0, -4, -4, -1, -2, -1, -5, -4, -1, -4, -5, -1, 0, -2, -5, -5]",41.4,24.0,41130.0,"[41466.0, 39705.0, 38361.0, 36136.0, 35016.0, 33432.0, 32551.0, 32007.0, 30967.0, 30119.0, 30167.0, 29639.0, 29879.0, 30007.0, 30407.0, 30599.0, 30807.0, 31207.0, 31047.0, 30823.0]",[]
19,2,False,530,434,3,-9,[],[],[],[],"[809, 1365, 939, 496]","[809, 1365, 939, 496]","[-387, -16, 501, 196]","[67, 59, -45, 1]","[1474, 1302, 1013, 1101, 684, 1231, 808, 922, 1128, 835, 697, 1011, 973, 649, 1077, 398]","[234, 321, 302, 622, 491, 434, 634, 45, 287, 547, 352, 245, 698, 659, 653, 523]","[-4, 5, -1, 5, -5, 5, 5, 0, -3, -5, -3, 1, -5, -5, -5, -1]","[-3, -2, 5, 0, -1, -2, -1, -5, -4, -1, -4, -5, -1, 0, -2, -5]",41.4,24.0,41242.0,"[30119.0, 30487.0, 30247.0, 30359.0, 31367.0, 30535.0, 30551.0, 31063.0, 31111.0, 31063.0, 31415.0, 31463.0, 31511.0, 31799.0, 32808.0, 33640.0, 35096.0, 36808.0, 39385.0, 41226.0]",[]
20,1,False,614,280,0,0,[],[],[],[],"[649, 1323, 1128, 578, 453]","[649, 1323, 1128, 578, 453]","[-378, -133, 466, 259, 81]","[80, 52, -33, 11, -1]","[1379, 1402, 982, 1201, 584, 1331, 908, 1064, 735, 1031, 873, 549, 977, 378, 761, 1309, 905, 555, 553]","[187, 281, 402, 622, 471, 394, 614, 207, 527, 145, 678, 659, 613, 423, 709, 776, 623, 669, 762]","[-5, 5, -2, 5, -5, 5, 5, -4, -5, 1, -5, -5, -5, -1, -4, -5, -4, 1, 3]","[-2, -2, 5, 0, -1, -2, -1, -4, -1, -5, -1, 0, -2, -5, -3, -1, -4, -5, -4]",41.4,24.0,41626.0,"[43082.0, 44874.0, 46827.0, 46475.0, 46651.0, 45499.0, 44458.0, 43514.0, 41834.0, 40041.0, 38617.0, 37561.0, 35912.0, 34136.0, 33496.0, 32439.0, 31127.0, 30471.0, 30167.0, 30855.0]",[]
21,1,False,671,365,0,9,[],[],[],[],"[493, 1238, 1294, 689, 492]","[493, 1238, 1294, 689, 492]","[-341, -219, 396, 330, 158]","[83, 48, -22, 14, -17]","[1279, 1502, 923, 1301, 484, 1431, 1008, 984, 635, 1051, 773, 449, 877, 358, 681, 1209, 825, 575, 613]","[164, 241, 486, 610, 451, 352, 594, 127, 507, 45, 649, 659, 573, 323, 649, 756, 543, 569, 677]","[-5, 5, -4, 5, -5, 5, 5, -4, -5, 1, -5, -5, -5, -1, -4, -5, -4, 1, 3]","[-1, -2, 4, -1, -1, -3, -1, -4, -1, -5, -2, 0, -2, -5, -3, -1, -4, -5, -5]",41.4,24.0,41130.0,"[28630.0, 28887.0, 29271.0, 29527.0, 29623.0, 29191.0, 30247.0, 29783.0, 30039.0, 30423.0, 30439.0, 30471.0, 31255.0, 30887.0, 31079.0, 30855.0, 30983.0, 31255.0, 31527.0, 31559.0]",[]
22,1,False,700,285,3,-9,[],[],[],[],"[362, 1120, 1414, 809, 552]","[362, 1120, 1414, 809, 552]","[-280, -321, 250, 334, 198]","[74, 21, -8, 17, -15]","[1179, 843, 1401, 384, 1529, 1108, 904, 535, 673, 349, 777, 338, 601, 1109, 745, 595, 673, 479, 1188, 1362, 772, 562]","[155, 554, 590, 431, 292, 574, 47, 487, 609, 659, 533, 223, 589, 736, 463, 469, 577, 771, 782, 612, 721, 709]","[-5, -4, 5, -5, 4, 5, -4, -5, -5, -5, -5, -1, -4, -5, -4, 1, 3, 2, -3, -4, -2, 0]","[0, 3, -1, -1, -3, -1, -4, -1, -2, 0, -2, -5, -3, -1, -4, -5, -5, -5, -4, -4, -5, -5]",41.4,24.0,41306.0,"[35432.0, 34104.0, 32936.0, 31927.0, 30871.0, 30951.0, 30775.0, 30375.0, 30007.0, 30407.0, 30279.0, 31047.0, 31175.0, 30919.0, 30551.0, 31207.0, 30855.0, 30695.0, 30519.0, 29911.0]",[]
23,1,False,842,286,0,9,[],[],[],[],"[254, 963, 1464, 925, 622]","[254, 963, 1464, 925, 622]","[-204, -400, 109, 287, 196]","[33, -39, -7, -24, -42]","[1079, 748, 1501, 284, 1208, 435, 573, 249, 677, 329, 521, 1009, 665, 615, 733, 519, 1123, 1282, 732, 577]","[155, 601, 570, 411, 550, 459, 569, 654, 493, 123, 529, 716, 383, 369, 477, 671, 702, 532, 621, 609]","[-5, -5, 5, -5, 5, -5, -5, -5, -5, 0, -4, -5, -4, 1, 3, 2, -3, -4, -2, 1]","[0, 2, -1, -1, -2, -2, -2, -1, -2, -5, -3, -1, -4, -5, -5, -5, -4, -4, -5, -5]",41.3,24.0,41418.0,"[32503.0, 32359.0, 32423.0, 33464.0, 33336.0, 34568.0, 36584.0, 38713.0, 40521.0, 43162.0, 44938.0, 46907.0, 47643.0, 47835.0, 47643.0, 46875.0, 44810.0, 43674.0, 42026.0, 40345.0]",[]
24,1,False,876,324,4,-8,[877],[434],[0],[5],"[183, 783, 1436, 1020, 687]","[183, 783, 1436, 1020, 687]","[-112, -443, -46, 228, 202]","[-9, -76, 3, -43, -33]","[979, 648, 184, 1308, 335, 473, 149, 577, 329, 441, 909, 585, 642, 793, 559, 1063, 1202, 692, 597]","[155, 625, 383, 510, 419, 529, 634, 453, 23, 469, 696, 303, 269, 377, 571, 622, 455, 521, 509]","[-5, -5, -5, 5, -5, -5, -5, -5, 0, -4, -5, -4, 2, 3, 2, -3, -4, -2, 1]","[0, 1, -2, -2, -2, -2, -1, -2, -5, -3, -1, -4, -5, -5, -5, -4, -3, -5, -5]",41.3,24.0,41162.0,"[38473.0, 37337.0, 36488.0, 34472.0, 33352.0, 32471.0, 30887.0, 30279.0, 30055.0, 30151.0, 29895.0, 30423.0, 30743.0, 30791.0, 30359.0, 30167.0, 30231.0, 30375.0, 30279.0, 29783.0]",[]
25,1,False,999,191,6,-7,[877],[534],[0],[5],"[143, 585, 1377, 1087, 761]","[143, 585, 1377, 1087, 761]","[-44, -478, -194, 158, 191]","[-43, -101, 7, -55, -53]","[879, 548, 84, 1408, 235, 373, 49, 477, 361, 809, 510, 682, 853, 599, 1003, 1122, 652, 617, 298, 795, 1391, 985, 832]","[155, 615, 343, 470, 379, 489, 611, 413, 389, 657, 223, 169, 277, 471, 542, 395, 421, 409, 728, 670, 532, 685, 690]","[-5, -5, -5, 5, -5, -5, -5, -5, -4, -5, -3, 2, 3, 2, -3, -4, -2, 1, 4, -1, -4, -4, 5]","[0, -2, -2, -2, -2, -2, -2, -2, -4, -2, -4, -5, -5, -5, -4, -3, -5, -5, -4, -5, -4, -3, -2]",41.3,24.0,41162.0,"[30231.0, 30535.0, 30679.0, 30567.0, 30871.0, 31047.0, 31159.0, 31495.0, 31159.0, 31783.0, 31511.0, 31799.0, 32952.0, 32792.0, 33880.0, 35624.0, 37449.0, 39705.0, 41994.0, 43738.0]",[]
26,1,False,1136,261,2,9,[],[],[],[],"[139, 395, 1258, 1115]","[139, 395, 1258, 1115]","[60, -429, -336, 44]","[-81, -109, 9, -70]","[779, 522, 1508, 135, 273, 377, 286, 709, 450, 722, 913, 649, 943, 1042, 612, 637, 378, 775, 1311, 905, 932]","[155, 525, 430, 339, 449, 373, 309, 617, 143, 69, 189, 371, 462, 322, 321, 309, 648, 570, 452, 619, 650]","[-5, 1, 5, -5, -5, -5, -3, -5, -3, 2, 3, 3, -3, -4, -2, 1, 4, -1, -4, -4, 5]","[0, -5, -2, -2, -2, -2, -4, -2, -4, -5, -4, -5, -4, -4, -5, -5, -4, -5, -4, -4, -2]",41.3,24.0,41450.0,"[30807.0, 30631.0, 31831.0, 31111.0, 31271.0, 31831.0, 31559.0, 30919.0, 31191.0, 30103.0, 29863.0, 29863.0, 29543.0, 30023.0, 29703.0, 29575.0, 29751.0, 29367.0, 28935.0, 29607.0]",[]
27,1,False,1152,243,1,-9,[],[],[],[],"[178, 227, 1091, 1100, 735]","[178, 227, 1091, 1100, 735]","[194, -343, -439, -51, 10]","[-91, -89, 4, -50, 6]","[679, 583, 44, 173, 278, 226, 609, 390, 973, 709, 883, 962, 588, 657, 458, 755, 1231, 825, 1032, 253, 391, 1168, 1152, 804]","[155, 441, 280, 393, 315, 229, 577, 63, 109, 278, 382, 242, 221, 209, 568, 470, 372, 539, 610, 721, 633, 582, 606, 702]","[-5, 4, -4, -5, -4, -3, -5, -3, 3, 3, -3, -4, -1, 1, 4, -1, -4, -4, 5, 5, 5, -4, 0, 2]","[0, -3, -3, -3, -3, -4, -2, -4, -4, -4, -4, -4, -5, -5, -4, -5, -4, -4, -2, -2, -2, -3, -5, -5]",41.3,24.0,41114.0,"[33512.0, 33864.0, 36056.0, 37849.0, 39129.0, 40873.0, 42426.0, 44170.0, 44570.0, 45467.0, 44378.0, 43930.0, 42554.0, 41050.0, 40425.0, 38409.0, 36889.0, 35880.0, 35096.0, 33752.0]",[]
28,1,False,1208,147,9,2,[],[],[],[],"[272, 107, 894, 1057, 735]","[272, 107, 894, 1057, 735]","[312, -211, -480, -109, 28]","[-67, -52, 44, -15, 28]","[579, 663, 92, 198, 168, 509, 1033, 769, 823, 882, 568, 684, 538, 754, 1151, 757, 1132, 353, 491, 1088, 1152, 844]","[174, 381, 333, 255, 137, 537, 29, 198, 302, 162, 121, 109, 488, 370, 292, 459, 570, 681, 593, 505, 506, 602]","[-5, 4, -4, -4, -2, -5, 3, 3, -3, -4, -1, 2, 4, 0, -4, -3, 5, 5, 5, -4, 0, 2]","[1, -3, -3, -3, -5, -2, -4, -4, -4, -4, -5, -5, -4, -5, -4, -4, -2, -2, -2, -4, -5, -5]",41.3,24.0,41178.0,"[30151.0, 30407.0, 30471.0, 29943.0, 30215.0, 30247.0, 29623.0, 29735.0, 30551.0, 30135.0, 30007.0, 30263.0, 30679.0, 30807.0, 30871.0, 30871.0, 31639.0, 31831.0, 31207.0, 31863.0]",[]
29,1,False,1371,231,6,7,[],[],[],[],"[408, 44, 694, 997, 735]","[408, 44, 694, 997, 735]","[410, -56, -473, -130, 22]","[-53, -10, 110, 18, 54]","[481, 754, 12, 118, 128, 409, 829, 763, 802, 548, 724, 618, 754, 1071, 697, 1232, 453, 591, 1008, 1152, 884]","[205, 325, 263, 182, 37, 482, 118, 218, 82, 21, 9, 408, 270, 212, 379, 530, 641, 553, 425, 406, 502]","[-4, 5, -4, -4, -2, -5, 3, -3, -4, -1, 2, 4, 0, -4, -3, 5, 5, 5, -4, 0, 2]","[3, -2, -4, -4, -5, -3, -4, -5, -4, -5, -5, -4, -5, -4, -4, -2, -2, -2, -4, -5, -5]",41.3,24.1,41242.0,"[31255.0, 31543.0, 31303.0, 31399.0, 30983.0, 31415.0, 31255.0, 32183.0, 32087.0, 31575.0, 31575.0, 31943.0, 31383.0, 31527.0, 30871.0, 30183.0, 30631.0, 30151.0, 29511.0, 29351.0]",[]
30,1,False,1445,401,2,9,[],[],[],[],"[579, 46, 501, 925, 735]","[579, 46, 501, 925, 735]","[474, 110, -427, -182, 40]","[-19, 0, 143, 55, 72]","[484, 854, 59, 328, 901, 708, 722, 698, 754, 991, 647, 1332, 553, 691, 940, 1152, 924, 555, 183, 786, 1134, 881]","[288, 285, 97, 422, 38, 118, 2, 340, 170, 132, 280, 490, 601, 513, 345, 306, 402, 631, 616, 562, 576, 712]","[4, 5, -2, -4, 4, -2, -4, 4, 0, -4, -2, 5, 5, 5, -3, 0, 2, 5, 5, 3, 5, 5]","[3, -2, -5, -3, -4, -5, -4, -3, -5, -4, -5, -2, -2, -2, -4, -5, -5, 0, 0, -4, -2, -2]",41.3,24.1,41514.0,"[31895.0, 31559.0, 31799.0, 31591.0, 32455.0, 33944.0, 36280.0, 38009.0, 40265.0, 42586.0, 45339.0, 45851.0, 47211.0, 47179.0, 45995.0, 45275.0, 44106.0, 42506.0, 41354.0, 39577.0]",[]
31,1,False,1438,343,0,0,[],[],[],[],"[765, 114, 339, 845, 747]","[765, 114, 339, 845, 747]","[508, 265, -334, -187, 76]","[28, 50, 157, 94, 46]","[581, 954, 248, 668, 778, 754, 911, 610, 1432, 653, 791, 880, 1152, 975, 655, 283, 846, 1234, 981]","[328, 260, 357, 18, 280, 70, 52, 180, 450, 561, 473, 265, 206, 302, 631, 616, 482, 536, 672]","[5, 5, -4, -2, 4, 0, -4, -1, 5, 5, 5, -3, 0, 3, 5, 5, 3, 5, 5]","[1, -1, -4, -5, -3, -5, -4, -5, -2, -2, -2, -4, -5, -5, 0, 0, -4, -2, -2]",41.3,24.1,41322.0,"[30695.0, 30471.0, 29511.0, 29863.0, 29751.0, 28566.0, 28855.0, 29159.0, 28871.0, 29143.0, 28839.0, 28727.0, 28582.0, 29367.0, 29399.0, 29895.0, 29367.0, 29783.0, 30743.0, 30567.0]",[]
32,0,False,1372,346,-7,6,[],[],[],[],"[959, 237, 215, 763, 767]","[959, 237, 215, 763, 767]","[479, 381, -241, -209, 59]","[52, 80, 146, 107, 20]","[681, 1054, 176, 858, 593, 753, 891, 820, 1152, 1035, 755, 383, 923, 1334, 1081, 942, 267, 364, 899, 855]","[348, 240, 277, 220, 80, 521, 433, 182, 106, 202, 631, 616, 402, 496, 632, 573, 630, 748, 662, 769]","[5, 5, -3, 4, 0, 5, 5, -3, 0, 3, 5, 5, 4, 5, 5, 3, 5, 5, 5, 5]","[1, -1, -4, -3, -5, -2, -2, -5, -5, -5, 0, 0, -4, -2, -2, -4, 0, -2, 0, -2]",41.3,24.1,41226.0,"[30231.0, 30775.0, 30647.0, 30871.0, 30887.0, 31175.0, 31047.0, 31799.0, 31671.0, 32295.0, 32776.0, 33512.0, 35768.0, 36824.0, 39513.0, 41322.0, 43370.0, 44474.0, 45675.0, 45979.0]",[]
33,0,False,1312,360,0,0,[],[],[],[],"[1129, 395, 128, 663, 776]","[1129, 395, 128, 663, 776]","[424, 435, -143, -209, 20]","[60, 77, 100, 82, -23]","[781, 1154, 119, 938, 853, 991, 768, 1152, 1095, 855, 483, 1003, 1434, 1181, 1002, 367, 464, 999, 955]","[364, 227, 188, 160, 481, 393, 82, 6, 118, 631, 616, 322, 456, 592, 493, 630, 708, 656, 729]","[5, 5, -2, 4, 5, 5, -2, 0, 3, 5, 5, 4, 5, 5, 3, 5, 5, 5, 5]","[0, 0, -5, -3, -2, -2, -5, -5, -4, 0, 0, -4, -2, -2, -4, 0, -2, -1, -2]",41.3,24.1,41162.0,"[31447.0, 31639.0, 31719.0, 31927.0, 30951.0, 30727.0, 30279.0, 30119.0, 29831.0, 29351.0, 29335.0, 29207.0, 29095.0, 28887.0, 28759.0, 28919.0, 29015.0, 28727.0, 29143.0, 29479.0]",[]
34,0,False,1256,334,0,0,[],[],[],[],"[1262, 571, 81, 564, 771]","[1262, 571, 81, 564, 771]","[298, 480, -45, -220, -11]","[63, 68, 55, 46, -49]","[881, 1254, 85, 1018, 953, 1091, 1155, 955, 583, 1083, 1534, 1281, 1062, 467, 564, 1099, 1055]","[364, 227, 88, 100, 441, 353, 38, 614, 616, 242, 416, 552, 413, 630, 668, 636, 689]","[5, 5, -1, 4, 5, 5, 3, 5, 5, 4, 5, 5, 3, 5, 5, 5, 5]","[0, 0, -5, -3, -2, -2, -4, -1, 0, -4, -2, -2, -4, 0, -2, -1, -2]",41.3,24.1,41514.0,"[38057.0, 40137.0, 42026.0, 43418.0, 45963.0, 46267.0, 46859.0, 45755.0, 45691.0, 43850.0, 43018.0, 40953.0, 39593.0, 38153.0, 36392.0, 35800.0, 34008.0, 32615.0, 31559.0, 31543.0]",[]
35,0,False,1256,334,0,0,[1259],[398],[-3],[4],"[1340, 751, 78, 464, 751]","[1340, 751, 78, 464, 751]","[141, 451, 78, -214, -29]","[34, 50, 9, 27, -76]","[981, 1354, 1098, 1053, 1191, 1055, 683, 1163, 1381, 1123, 567, 664, 1199, 1155, 1288, 720, 228, 680, 910]","[364, 227, 40, 401, 313, 594, 616, 162, 512, 333, 630, 628, 616, 649, 565, 658, 774, 634, 728]","[5, 5, 4, 5, 5, 5, 5, 4, 5, 4, 5, 5, 5, 5, -1, 5, 5, 4, 5]","[0, 0, -3, -2, -2, -1, 0, -4, -2, -4, 0, -2, -1, -2, -5, -1, -2, -4, -1]",41.3,24.1,41514.0,"[38057.0, 40137.0, 42026.0, 43418.0, 45963.0, 46267.0, 46859.0, 45755.0, 45691.0, 43850.0, 43018.0, 40953.0, 39593.0, 38153.0, 36392.0, 35800.0, 34008.0, 32615.0, 31559.0, 31543.0]",[]
36,-1,False,1256,334,0,0,[1230],[493],[0],[5],"[1361, 907, 121, 377, 731]","[1361, 907, 121, 377, 731]","[5, 389, 179, -165, -47]","[18, 39, -18, 12, -114]","[1081, 1454, 1153, 1155, 783, 1243, 1481, 1203, 667, 764, 1299, 1255, 1268, 820, 328, 760, 1010]","[364, 227, 361, 574, 616, 82, 472, 253, 630, 588, 596, 609, 465, 638, 734, 571, 708]","[5, 5, 5, 5, 5, 4, 5, 4, 5, 5, 5, 5, -1, 5, 5, 4, 5]","[0, 0, -2, -1, 0, -4, -2, -4, 0, -2, -1, -2, -5, -1, -2, -3, -1]",41.4,24.1,41226.0,"[41866.0, 43370.0, 45435.0, 45451.0, 45627.0, 45467.0, 44314.0, 42666.0, 41434.0, 40393.0, 38665.0, 37177.0, 36328.0, 34392.0, 33048.0, 32279.0, 31191.0, 30695.0, 31079.0, 30519.0]",[]
37,-3,False,1256,334,0,0,[1230],[593],[0],[5],"[1327, 1041, 205, 310, 706]","[1327, 1041, 205, 310, 706]","[-101, 340, 283, -94, -43]","[15, 55, -32, -1, -109]","[1181, 1255, 883, 1323, 1283, 767, 864, 1399, 1355, 920, 428, 840, 1110, 1395, 1053, 250, 422, 813]","[364, 554, 616, 2, 173, 630, 548, 576, 569, 613, 694, 511, 688, 616, 656, 756, 681, 628]","[5, 5, 5, 4, 4, 5, 5, 5, 5, 5, 5, 4, 5, 1, 3, 5, 5, 5]","[0, -1, 0, -4, -4, 0, -2, -1, -2, -2, -2, -3, -1, -5, -4, -2, -2, -1]",41.4,24.1,41482.0,"[28646.0, 29063.0, 29079.0, 29719.0, 29783.0, 29527.0, 29879.0, 29959.0, 29991.0, 30135.0, 30407.0, 31159.0, 31143.0, 31511.0, 31495.0, 30951.0, 31287.0, 31927.0, 32471.0, 33480.0]",[]
38,-4,False,1256,334,0,0,[],[],[],[],"[1154, 332, 283, 686]","[1154, 332, 283, 686]","[291, 381, 6, -44]","[95, -24, 28, -54]","[1355, 983, 1363, 867, 964, 1499, 1455, 1020, 528, 920, 1210, 1415, 1113, 350, 522, 913]","[534, 616, 93, 630, 508, 556, 529, 573, 654, 451, 668, 516, 576, 716, 641, 608]","[5, 5, 4, 5, 5, 5, 5, 5, 5, 4, 5, 1, 3, 5, 5, 5]","[-1, 0, -4, 0, -2, -1, -2, -2, -2, -3, -1, -5, -4, -2, -2, -1]",41.4,24.1,41562.0,"[34152.0, 35848.0, 38025.0, 40953.0, 42826.0, 44970.0, 47211.0, 47307.0, 48315.0, 47963.0, 46667.0, 45291.0, 44122.0, 43050.0, 40937.0, 40009.0, 38377.0, 37001.0, 35112.0, 34648.0]",[]
