,HP,Power up,Player x,Player y,Player speed_x,Player speed_y,Player bullet x,Player bullet y,Player bullet speed_x,Player bullet speed_y,Enemy x,Enemy y,Enemy speed_x,Enemy speed_y,Enemy bullet x,Enemy bullet y,Enemy bullet speed_x,Enemy bullet speed_y,Humidity,Temperature,Skin conductance,Relative blood volume,Accelerations
0,10,False,760,495,0,0,[],[],[],[],"[402, 958, 1382, 1241, 1024]","[402, 958, 1382, 1241, 1024]","[340, 29, 88, 323, 499]","[79, 118, 69, 60, 60]",[],[],[],[],41.3,24.5,41402.0,"[44602.0, 43882.0, 44506.0, 43978.0, 44170.0, 44938.0, 43914.0, 43802.0, 44730.0, 43754.0, 44746.0, 44330.0, 44186.0, 43466.0, 44506.0, 44746.0, 44570.0, 44122.0, 43322.0, 43850.0]",[]
1,10,False,760,495,0,0,[],[],[],[],"[545, 958, 1380, 1343, 1203]","[545, 958, 1380, 1343, 1203]","[439, 19, -30, 243, 442]","[86, 146, 91, 89, 63]",[],[],[],[],41.2,24.5,41578.0,"[43530.0, 43610.0, 42778.0, 43386.0, 43850.0, 44122.0, 44026.0, 43306.0, 43738.0, 43562.0, 43658.0, 43498.0, 43834.0, 44442.0, 44138.0, 43578.0, 43690.0, 44234.0, 44010.0, 43722.0]",[]
2,10,False,760,495,0,0,[],[],[],[],"[722, 949, 1331, 1408, 1348]","[722, 949, 1331, 1408, 1348]","[456, -15, -164, 117, 324]","[76, 142, 76, 58, 37]","[672, 943, 1360, 1381, 1278]","[654, 699, 754, 757, 793]","[-1, -5, -5, -5, -5]","[-5, -3, -2, -2, -2]",41.2,24.5,41226.0,"[44474.0, 45083.0, 44778.0, 44618.0, 44730.0, 44426.0, 44634.0, 46619.0, 47259.0, 47387.0, 46555.0, 47627.0, 47595.0, 47547.0, 46651.0, 46731.0, 46123.0, 45259.0, 44714.0, 45483.0]",[]
3,10,False,760,495,0,0,[],[],[],[],"[883, 924, 1229, 1416, 1436]","[883, 924, 1229, 1416, 1436]","[425, -70, -300, -33, 175]","[54, 103, 13, 4, -11]","[652, 843, 1260, 1281, 1178]","[554, 639, 714, 717, 753]","[-1, -5, -5, -5, -5]","[-5, -3, -2, -2, -2]",41.2,24.5,41178.0,"[42714.0, 43066.0, 43594.0, 43130.0, 42746.0, 42506.0, 43418.0, 43290.0, 43066.0, 43386.0, 43274.0, 43146.0, 42714.0, 43610.0, 43578.0, 43546.0, 43370.0, 43978.0, 44074.0, 43882.0]",[]
4,10,False,760,495,0,0,[],[],[],[],"[1032, 872, 1078, 1358, 1437]","[1032, 872, 1078, 1358, 1437]","[348, -121, -396, -201, -6]","[23, 62, -29, -31, -65]","[632, 743, 1160, 1181, 1078]","[454, 579, 674, 677, 713]","[-1, -5, -5, -5, -5]","[-5, -3, -2, -2, -2]",41.2,24.5,41210.0,"[43530.0, 44506.0, 43802.0, 44058.0, 43786.0, 43738.0, 43466.0, 43962.0, 44874.0, 43946.0, 44794.0, 43706.0, 43834.0, 44186.0, 43834.0, 43962.0, 44714.0, 44042.0, 43610.0, 43482.0]",[]
5,9,False,760,495,0,0,[],[],[],[],"[1143, 803, 892, 1236, 1388]","[1143, 803, 892, 1236, 1388]","[257, -175, -465, -347, -178]","[21, 31, -55, -52, -90]","[612, 1060, 1081, 978, 975, 956, 1006, 1312, 1377]","[354, 634, 637, 673, 710, 717, 725, 705, 724]","[-1, -5, -5, -5, -5, 2, -5, -4, -5]","[-5, -2, -2, -2, -1, -5, -2, -3, -3]",41.2,24.5,41402.0,"[43482.0, 43226.0, 43754.0, 43402.0, 43946.0, 43898.0, 43498.0, 43450.0, 43418.0, 43274.0, 44186.0, 43402.0, 43498.0, 43834.0, 43786.0, 43546.0, 43610.0, 43402.0, 43978.0, 43146.0]",[]
6,9,False,760,495,0,0,[],[],[],[],"[1209, 721, 692, 1062, 1276]","[1209, 721, 692, 1062, 1276]","[119, -208, -488, -453, -323]","[1, -17, -76, -53, -112]","[592, 960, 981, 878, 875, 996, 906, 1227, 1277]","[254, 594, 597, 633, 690, 617, 685, 645, 664]","[-1, -5, -5, -5, -5, 2, -5, -5, -5]","[-5, -2, -2, -2, -1, -5, -2, -3, -3]",41.2,24.5,41354.0,"[43834.0, 43450.0, 44090.0, 44506.0, 45034.0, 44394.0, 44394.0, 44362.0, 45067.0, 44890.0, 44490.0, 45099.0, 45435.0, 44618.0, 44330.0, 44410.0, 45371.0, 44474.0, 44986.0, 45131.0]",[]
7,9,False,760,495,0,0,[],[],[],[],"[1221, 628, 492, 862, 1119]","[1221, 628, 492, 862, 1119]","[17, -176, -464, -489, -415]","[7, -21, -84, -45, -97]","[572, 860, 881, 778, 775, 1032, 806, 1127, 1177, 1207, 756, 662, 941, 1187]","[154, 554, 557, 593, 670, 517, 638, 585, 604, 705, 782, 652, 680, 657]","[-1, -5, -5, -5, -5, 1, -5, -5, -5, -5, 5, 4, -5, -5]","[-5, -2, -2, -2, -1, -5, -3, -3, -3, -1, -1, -3, -2, 0]",41.2,24.5,41354.0,"[43834.0, 43450.0, 44090.0, 44506.0, 45034.0, 44394.0, 44394.0, 44362.0, 45067.0, 44890.0, 44490.0, 45099.0, 45435.0, 44618.0, 44330.0, 44410.0, 45371.0, 44474.0, 44986.0, 45131.0]",[]
8,6,False,760,495,0,0,[],[],[],[],"[1203, 559, 315, 662, 933]","[1203, 559, 315, 662, 933]","[-58, -124, -370, -477, -454]","[13, -32, -44, -21, -49]","[552, 675, 1052, 706, 1027, 1077, 1107, 856, 742, 841, 1087]","[54, 650, 417, 578, 525, 544, 685, 762, 592, 640, 657]","[-1, -5, 1, -5, -5, -5, -5, 5, 4, -5, -5]","[-5, -1, -5, -3, -3, -3, -1, -1, -3, -2, 0]",41.3,24.5,41498.0,"[44746.0, 44602.0, 44362.0, 44330.0, 44618.0, 44122.0, 43386.0, 43770.0, 44250.0, 45018.0, 44730.0, 44106.0, 44186.0, 44282.0, 44314.0, 44042.0, 44810.0, 44090.0, 44026.0, 44858.0]",[]
9,5,False,760,495,0,0,[],[],[],[],"[1158, 510, 181, 469, 733]","[1158, 510, 181, 469, 733]","[-124, -69, -249, -412, -458]","[33, -15, -9, 5, -18]","[575, 1072, 606, 927, 977, 1007, 956, 741, 987]","[630, 317, 518, 465, 484, 665, 725, 600, 657]","[-5, 1, -5, -5, -5, -5, 5, -5, -5]","[-1, -5, -3, -3, -3, -1, -2, -2, 0]",41.3,24.5,41402.0,"[44602.0, 44506.0, 44442.0, 44074.0, 43850.0, 43322.0, 43498.0, 44458.0, 43754.0, 43594.0, 43722.0, 43194.0, 43690.0, 43626.0, 44282.0, 43850.0, 44170.0, 43962.0, 43866.0, 43722.0]",[]
10,5,False,760,495,0,0,[],[],[],[],"[1085, 486, 99, 316, 549]","[1085, 486, 99, 316, 549]","[-181, -8, -127, -311, -413]","[56, -10, 13, 61, 22]","[475, 1087, 506, 827, 877, 907, 1056, 645, 887, 1138, 630, 311, 596, 659]","[610, 217, 458, 405, 424, 645, 685, 541, 657, 640, 664, 551, 656, 572]","[-5, 0, -5, -5, -5, -5, 5, -4, -5, -3, 4, 5, 5, -5]","[-1, -5, -3, -3, -3, -1, -2, -3, 0, -4, -4, -3, 0, -2]",41.3,24.5,41178.0,"[44026.0, 44218.0, 43434.0, 44186.0, 43818.0, 44298.0, 43626.0, 44058.0, 44426.0, 44202.0, 43610.0, 44250.0, 44506.0, 43610.0, 44826.0, 44170.0, 45018.0, 44474.0, 44346.0, 44938.0]",[]
11,5,False,760,495,0,0,[],[],[],[],"[994, 484, 68, 202, 389]","[994, 484, 68, 202, 389]","[-231, 44, 16, -206, -349]","[68, 11, 41, 76, 53]","[375, 1087, 406, 727, 777, 807, 1156, 565, 787, 1078, 710, 411, 696, 559]","[590, 117, 398, 345, 364, 625, 645, 481, 657, 560, 584, 495, 656, 532]","[-5, 0, -5, -5, -5, -5, 5, -4, -5, -3, 4, 5, 5, -5]","[-1, -5, -3, -3, -3, -1, -2, -3, 0, -4, -4, -2, 0, -2]",41.3,24.5,41178.0,"[43610.0, 44490.0, 44394.0, 44762.0, 43946.0, 43962.0, 44474.0, 44266.0, 44106.0, 44730.0, 44618.0, 43690.0, 44506.0, 44362.0, 44138.0, 44090.0, 44890.0, 44826.0, 43354.0, 45115.0]",[]
12,4,False,760,495,0,0,[],[],[],[],"[890, 500, 93, 132, 259]","[890, 500, 93, 132, 259]","[-256, 68, 130, -95, -273]","[65, 5, 79, 81, 71]","[275, 1087, 306, 627, 677, 707, 1256, 485, 687, 1018, 511, 796, 459, 978, 570, 167, 256, 384]","[553, 17, 338, 285, 304, 605, 601, 421, 643, 480, 455, 656, 492, 707, 682, 603, 684, 590]","[-5, 0, -5, -5, -5, -5, 5, -4, -5, -3, 5, 5, -5, -1, 4, 5, 5, 3]","[-2, -5, -3, -3, -3, -1, -3, -3, -1, -4, -2, 0, -2, -5, -3, -3, -1, -4]",41.3,24.5,41194.0,"[43994.0, 44298.0, 44730.0, 44010.0, 44442.0, 44634.0, 44106.0, 44506.0, 43978.0, 44362.0, 44042.0, 44954.0, 43802.0, 43578.0, 44586.0, 44618.0, 44986.0, 44570.0, 44218.0, 44842.0]",[]
13,4,False,760,495,0,0,[],[],[],[],"[769, 520, 159, 102, 155]","[769, 520, 159, 102, 155]","[-301, 76, 239, 2, -186]","[15, -13, 79, 55, 79]","[175, 220, 527, 577, 607, 1347, 410, 587, 949, 611, 896, 359, 958, 650, 267, 356, 444]","[513, 278, 225, 261, 585, 541, 345, 623, 400, 415, 656, 444, 607, 622, 543, 664, 510]","[-5, -4, -5, -5, -5, 4, -3, -5, -4, 5, 5, -5, -1, 4, 5, 5, 3]","[-2, -3, -3, -2, -1, -3, -4, -1, -4, -2, 0, -3, -5, -3, -3, -1, -4]",41.3,24.5,41578.0,"[44250.0, 43226.0, 43050.0, 43194.0, 43754.0, 43466.0, 43210.0, 43850.0, 43530.0, 43194.0, 43402.0, 44058.0, 44186.0, 44618.0, 43210.0, 43818.0, 44186.0, 43194.0, 43930.0, 43850.0]",[]
14,3,False,760,495,0,0,[],[],[],[],"[629, 540, 263, 117, 87]","[629, 540, 263, 117, 87]","[-320, 91, 321, 111, -102]","[-10, -27, 50, 38, 55]","[75, 140, 427, 477, 507, 1427, 357, 487, 869, 711, 996, 277, 938, 367, 456, 504]","[473, 218, 181, 221, 565, 481, 258, 603, 320, 375, 656, 384, 507, 483, 644, 430]","[-5, -4, -5, -5, -5, 4, -2, -5, -4, 5, 5, -4, -1, 5, 5, 3]","[-2, -3, -2, -2, -1, -3, -5, -1, -4, -2, 0, -3, -5, -3, -1, -4]",41.3,24.5,41242.0,"[43962.0, 45067.0, 44554.0, 44138.0, 44362.0, 44250.0, 44442.0, 44938.0, 43786.0, 44090.0, 44906.0, 44826.0, 44602.0, 44890.0, 44458.0, 44746.0, 45034.0, 44218.0, 44170.0, 44058.0]",[]
15,3,False,760,495,0,0,[],[],[],[],"[489, 578, 396, 175, 55]","[489, 578, 396, 175, 55]","[-311, 116, 389, 215, -15]","[-30, -47, 26, 12, 34]","[60, 327, 377, 407, 1503, 374, 387, 789, 811, 1096, 202, 918, 467, 556, 583, 585, 684, 389, 263, 232]","[158, 141, 181, 545, 403, 167, 583, 240, 335, 656, 312, 407, 441, 624, 350, 678, 700, 599, 726, 666]","[-4, -5, -5, -5, 3, 4, -5, -4, 5, 5, -3, -1, 5, 5, 4, -3, 5, 4, 5, 5]","[-3, -2, -2, -1, -4, -3, -1, -4, -2, 0, -4, -5, -2, -1, -4, -4, 1, -3, 0, -1]",41.3,24.5,41386.0,"[44186.0, 44474.0, 44746.0, 44250.0, 43722.0, 42970.0, 43850.0, 44346.0, 44362.0, 43498.0, 44122.0, 44506.0, 44346.0, 44458.0, 44522.0, 44074.0, 44250.0, 44394.0, 44426.0, 44570.0]",[]
16,3,False,760,495,0,0,[],[],[],[],"[367, 616, 552, 267, 67]","[367, 616, 552, 267, 67]","[-262, 110, 435, 297, 104]","[-39, -29, -3, -4, 2]","[227, 277, 307, 473, 287, 709, 911, 1196, 168, 896, 567, 656, 663, 530, 784, 469, 363, 332]","[101, 141, 525, 167, 563, 169, 295, 656, 218, 307, 401, 604, 270, 590, 720, 539, 726, 646]","[-5, -5, -5, 5, -5, -4, 5, 5, 0, -2, 5, 5, 4, -2, 5, 4, 5, 5]","[-2, -2, -1, 1, -1, -3, -2, 0, -5, -5, -2, -1, -4, -5, 1, -3, 0, -1]",41.3,24.5,41386.0,"[43930.0, 44650.0, 44762.0, 44778.0, 43978.0, 43850.0, 44042.0, 44986.0, 44906.0, 45515.0, 44122.0, 44218.0, 44842.0, 44762.0, 45083.0, 45899.0, 45835.0, 45675.0, 45979.0, 46555.0]",[]
17,3,False,760,495,0,0,[],[],[],[],"[265, 656, 712, 394, 125]","[265, 656, 712, 394, 125]","[-174, 130, 439, 363, 233]","[-37, -13, -8, -12, 13]","[127, 177, 207, 570, 187, 629, 1011, 1296, 236, 856, 667, 756, 743, 496, 884, 549, 463, 432, 397, 731, 627, 419, 179]","[61, 101, 505, 210, 543, 109, 255, 656, 156, 207, 361, 584, 190, 490, 721, 479, 726, 626, 730, 620, 660, 673, 649]","[-5, -5, -5, 4, -5, -4, 5, 5, 5, -2, 5, 5, 4, -1, 5, 4, 5, 5, 5, 5, -5, 5, 5]","[-2, -2, -1, 3, -1, -3, -2, 0, -1, -5, -2, -1, -4, -5, 0, -3, 0, -1, 2, -1, 0, -3, -2]",41.3,24.5,41210.0,"[44042.0, 44362.0, 44186.0, 43770.0, 43658.0, 43402.0, 43370.0, 44634.0, 44314.0, 44506.0, 44394.0, 44042.0, 43594.0, 45227.0, 45147.0, 44170.0, 44346.0, 45002.0, 43674.0, 44186.0]",[]
18,3,False,760,495,0,0,[],[],[],[],"[208, 696, 872, 545, 240]","[208, 696, 872, 545, 240]","[-64, 131, 431, 427, 380]","[-16, 46, 14, 18, 31]","[27, 77, 107, 650, 87, 549, 1111, 1396, 336, 816, 767, 856, 823, 487, 984, 629, 563, 532, 497, 831, 527, 519, 279]","[21, 61, 485, 270, 514, 49, 215, 656, 160, 107, 321, 564, 124, 390, 721, 419, 726, 606, 770, 600, 660, 613, 609]","[-5, -5, -5, 4, -5, -4, 5, 5, 5, -2, 5, 5, 4, 0, 5, 4, 5, 5, 5, 5, -5, 5, 5]","[-2, -2, -1, 3, -2, -3, -2, 0, 1, -5, -2, -1, -3, -5, 0, -3, 0, -1, 2, -1, 0, -3, -2]",41.3,24.5,41194.0,"[43818.0, 43866.0, 44714.0, 44458.0, 44586.0, 43482.0, 44394.0, 44474.0, 44234.0, 43882.0, 44730.0, 44666.0, 43498.0, 44202.0, 44122.0, 44074.0, 44442.0, 44906.0, 44362.0, 43770.0]",[]
19,3,False,760,495,0,0,[],[],[],[],"[199, 736, 1032, 719, 401]","[199, 736, 1032, 719, 401]","[59, 129, 403, 468, 464]","[-10, 89, 66, 17, 52]","[7, 730, 1211, 1496, 436, 768, 867, 956, 903, 494, 1084, 709, 663, 632, 597, 931, 427, 619, 379]","[465, 336, 175, 656, 186, 7, 281, 544, 64, 290, 721, 359, 726, 586, 799, 580, 660, 553, 569]","[-5, 4, 5, 5, 5, -3, 5, 5, 4, 1, 5, 4, 5, 5, 5, 5, -5, 5, 5]","[-1, 4, -2, 0, 2, -5, -2, -1, -3, -5, 0, -3, 0, -1, 1, -1, 0, -3, -2]",41.3,24.6,41402.0,"[44730.0, 45002.0, 44362.0, 43978.0, 44042.0, 44010.0, 44554.0, 44330.0, 43482.0, 43706.0, 44426.0, 44106.0, 44938.0, 44330.0, 44458.0, 43610.0, 43498.0, 44394.0, 44218.0, 44250.0]",[]
20,1,False,760,495,0,0,[],[],[],[],"[230, 776, 1169, 899, 591]","[230, 776, 1169, 899, 591]","[146, 139, 345, 495, 532]","[37, 126, 84, 25, 78]","[807, 1311, 536, 967, 1056, 983, 542, 1184, 789, 763, 732, 697, 1031, 327, 479, 340, 1003, 804, 529]","[416, 135, 226, 241, 524, 4, 199, 721, 299, 726, 566, 819, 560, 660, 529, 678, 575, 584, 615]","[3, 5, 5, 5, 5, 4, 4, 5, 4, 5, 5, 5, 5, -5, 5, 5, -4, 2, 4]","[4, -2, 2, -2, -1, -3, -4, 0, -3, 0, -1, 1, -1, 0, -2, 1, -4, -5, -3]",41.3,24.6,41226.0,"[43802.0, 44746.0, 44250.0, 45195.0, 44122.0, 45355.0, 45483.0, 45243.0, 45611.0, 45931.0, 45419.0, 45403.0, 45915.0, 44954.0, 45291.0, 45323.0, 45659.0, 44442.0, 44922.0, 44746.0]",[]
21,-2,False,760,495,0,0,[],[],[],[],"[307, 816, 1281, 1076, 797]","[307, 816, 1281, 1076, 797]","[269, 118, 262, 438, 557]","[71, 149, 78, 38, 96]","[1411, 636, 1067, 1156, 633, 1284, 869, 863, 797, 1131, 227, 579, 440, 923, 609]","[95, 271, 201, 504, 152, 721, 239, 726, 825, 522, 660, 489, 698, 495, 555]","[5, 5, 5, 5, 5, 5, 4, 5, 5, 5, -5, 5, 5, -4, 4]","[-2, 3, -2, -1, -1, 0, -3, 0, 0, -2, 0, -2, 1, -4, -3]",41.3,24.6,41450.0,"[43802.0, 43530.0, 44122.0, 43978.0, 43914.0, 44170.0, 44634.0, 45355.0, 44042.0, 43978.0, 43146.0, 44058.0, 43098.0, 44330.0, 43754.0, 44266.0, 44250.0, 43994.0, 43978.0, 44202.0]",[]
22,-2,False,760,495,0,0,[],[],[],[],"[422, 849, 1352, 1227, 1010]","[422, 849, 1352, 1227, 1010]","[338, 90, 141, 363, 533]","[51, 147, 96, 26, 85]","[1511, 723, 1167, 1256, 733, 1384, 949, 963, 897, 1231, 127, 679, 540, 843, 689, 459, 846, 1323, 1151, 969]","[55, 331, 164, 484, 155, 721, 179, 726, 825, 482, 652, 449, 714, 415, 495, 675, 717, 702, 705, 680]","[5, 4, 5, 5, 5, 5, 4, 5, 5, 5, -5, 5, 5, -4, 4, 5, -4, -5, -5, 1]","[-2, 3, -1, -1, 1, 0, -3, 0, 0, -2, -1, -2, 0, -4, -3, -1, -3, -1, 2, -5]",41.3,24.6,41178.0,"[44506.0, 44506.0, 45355.0, 45018.0, 45067.0, 45627.0, 46251.0, 46987.0, 45755.0, 45547.0, 45515.0, 45083.0, 45339.0, 44170.0, 45067.0, 44282.0, 44586.0, 44378.0, 44298.0, 44138.0]",[]
23,-4,False,760,495,0,0,[],[],[],[],"[555, 865, 1370, 1337, 1194]","[555, 865, 1370, 1337, 1194]","[358, 36, -5, 232, 445]","[22, 113, 65, -16, 62]","[803, 1267, 1356, 826, 1484, 1029, 1063, 997, 1331, 39, 640, 763, 559, 766, 1223, 1051, 989]","[391, 144, 464, 200, 721, 119, 710, 825, 442, 603, 714, 335, 655, 657, 682, 737, 580]","[4, 5, 5, 4, 5, 4, 5, 5, 5, -3, 5, -4, 5, -4, -5, -5, 1]","[3, -1, -1, 3, 0, -3, -1, 0, -2, -4, 0, -4, -1, -3, -1, 1, -5]",41.3,24.6,41370.0,"[44458.0, 43690.0, 43242.0, 43402.0, 43802.0, 44746.0, 44490.0, 44346.0, 44282.0, 43578.0, 43850.0, 44314.0, 43802.0, 44778.0, 43994.0, 44490.0, 44746.0, 43914.0, 44138.0, 44122.0]",[]
24,-4,False,760,495,0,0,[],[],[],[],"[695, 856, 1330, 1387, 1339]","[695, 856, 1330, 1387, 1339]","[369, -24, -146, 68, 337]","[23, 95, 49, -23, 9]","[883, 1367, 1456, 895, 1109, 1163, 1097, 1431, 65, 740, 683, 659, 686, 1123, 951, 1009]","[451, 124, 444, 275, 59, 690, 814, 402, 512, 714, 255, 635, 596, 662, 757, 480]","[4, 5, 5, 3, 4, 5, 5, 5, 4, 5, -4, 5, -4, -5, -5, 1]","[3, -1, -1, 4, -3, -1, -1, -2, -3, 0, -4, -1, -4, -1, 1, -5]",41.3,24.6,41370.0,"[44458.0, 43690.0, 43242.0, 43402.0, 43802.0, 44746.0, 44490.0, 44346.0, 44282.0, 43578.0, 43850.0, 44314.0, 43802.0, 44778.0, 43994.0, 44490.0, 44746.0, 43914.0, 44138.0, 44122.0]",[]
25,-4,False,760,495,0,0,[],[],[],[],"[823, 834, 1230, 1379, 1435]","[823, 834, 1230, 1379, 1435]","[315, -56, -273, -55, 184]","[14, 66, 28, -13, -43]","[963, 1467, 940, 1263, 1197, 1531, 160, 840, 603, 759, 606, 1023, 851, 1029, 779, 796, 1269, 1332, 1280]","[524, 104, 371, 670, 785, 358, 468, 714, 175, 615, 516, 642, 777, 380, 589, 781, 742, 619, 763]","[4, 5, 2, 5, 5, 5, 5, 5, -4, 5, -4, -5, -5, 1, 2, -5, -5, -5, -5]","[4, -1, 5, -1, -2, -3, -1, 0, -4, -1, -4, -1, 1, -5, -5, -2, -1, -2, 0]",41.2,24.5,41178.0,"[45067.0, 44618.0, 44986.0, 45002.0, 45627.0, 45659.0, 44826.0, 44282.0, 44746.0, 44762.0, 45131.0, 44906.0, 45067.0, 44842.0, 45419.0, 44938.0, 44314.0, 44730.0, 44330.0, 43722.0]",[]
26,-5,False,760,495,0,0,[],[],[],[],"[929, 794, 1086, 1316, 1438]","[929, 794, 1086, 1316, 1438]","[254, -87, -382, -201, 28]","[-26, 4, -14, -19, -48]","[1034, 960, 1363, 1288, 260, 940, 523, 859, 526, 923, 751, 1045, 696, 1169, 1232, 1180]","[604, 471, 650, 733, 448, 714, 110, 587, 436, 622, 786, 280, 741, 722, 579, 763]","[3, 0, 5, 4, 5, 5, -4, 5, -4, -5, -5, 0, -5, -5, -5, -5]","[4, 5, -1, -3, -1, 0, -3, -2, -4, -1, 0, -5, -2, -1, -2, 0]",41.2,24.5,41258.0,"[44970.0, 44954.0, 44890.0, 45131.0, 45579.0, 44698.0, 43962.0, 44042.0, 44858.0, 44826.0, 45147.0, 43530.0, 44330.0, 44746.0, 44554.0, 44234.0, 44202.0, 44122.0, 44186.0, 44202.0]",[]
27,-5,False,760,495,0,0,[],[],[],[],"[1012, 752, 908, 1204, 1404]","[1012, 752, 908, 1204, 1404]","[207, -89, -446, -296, -116]","[-17, -38, -18, 5, -55]","[1094, 960, 1463, 1355, 360, 1040, 443, 959, 446, 823, 651, 1045, 596, 1069, 1132, 1080, 967, 843, 976, 1244, 1425]","[684, 571, 630, 653, 442, 714, 50, 547, 356, 602, 786, 180, 701, 702, 539, 763, 679, 759, 729, 612, 688]","[3, 0, 5, 2, 5, 5, -4, 5, -4, -5, -5, 0, -5, -5, -5, -5, -5, 3, -5, -5, -5]","[4, 5, -1, -5, 0, 0, -3, -2, -4, -1, 0, -5, -2, -1, -2, 0, 1, -4, -1, 0, -3]",41.2,24.5,41178.0,"[43690.0, 44266.0, 44842.0, 44298.0, 45275.0, 44746.0, 45291.0, 45115.0, 44810.0, 44826.0, 44218.0, 44298.0, 45739.0, 45083.0, 44106.0, 44426.0, 43722.0, 44506.0, 44106.0, 45243.0]",[]
28,-5,False,760,495,0,0,[],[],[],[],"[1076, 712, 723, 1061, 1327]","[1076, 712, 723, 1061, 1327]","[154, -70, -438, -370, -213]","[16, -40, 5, 43, -48]","[1138, 950, 1376, 460, 1140, 1059, 366, 723, 551, 1045, 496, 969, 1032, 980, 867, 903, 876, 1144, 1325]","[781, 671, 553, 442, 714, 507, 276, 582, 786, 80, 661, 682, 499, 763, 699, 679, 709, 612, 628]","[1, -1, 0, 5, 5, 5, -4, -5, -5, 0, -5, -5, -5, -5, -5, 3, -5, -5, -5]","[5, 5, -5, 0, 0, -2, -4, -1, 0, -5, -2, -1, -2, 0, 1, -4, -1, 0, -3]",41.2,24.5,41162.0,"[45099.0, 44970.0, 44506.0, 44154.0, 43866.0, 44234.0, 44186.0, 44186.0, 44330.0, 44170.0, 43850.0, 44570.0, 44314.0, 43274.0, 44490.0, 43978.0, 43962.0, 43754.0, 44778.0, 45099.0]",[]
29,-5,False,760,495,0,0,[],[],[],[],"[1116, 682, 548, 900, 1211]","[1116, 682, 548, 900, 1211]","[105, -41, -395, -402, -304]","[33, -36, 20, 70, -6]","[906, 1361, 560, 1240, 1159, 302, 623, 451, 396, 869, 932, 880, 767, 963, 776, 1044, 1225]","[764, 453, 442, 714, 467, 196, 562, 786, 606, 662, 459, 763, 703, 599, 689, 612, 568]","[-3, -2, 5, 5, 5, -3, -5, -5, -5, -5, -5, -5, -5, 3, -5, -5, -5]","[4, -5, 0, 0, -2, -4, -1, 0, -3, -1, -2, 0, 0, -4, -1, 0, -3]",41.2,24.5,41194.0,"[43610.0, 43162.0, 44538.0, 44650.0, 44522.0, 45034.0, 43914.0, 43882.0, 44506.0, 44218.0, 44218.0, 43818.0, 44330.0, 45691.0, 44554.0, 44330.0, 44682.0, 44874.0, 44698.0, 44586.0]",[]
30,-5,False,760,495,0,0,[],[],[],[],"[1134, 662, 396, 733, 1065]","[1134, 662, 396, 733, 1065]","[45, -22, -320, -399, -370]","[60, -42, 37, 125, 32]","[822, 1302, 660, 1340, 1259, 242, 523, 351, 304, 769, 832, 780, 667, 1023, 676, 944, 1125, 1062, 830, 657, 992, 1139]","[821, 367, 442, 714, 427, 116, 542, 783, 546, 642, 419, 763, 703, 513, 669, 612, 527, 649, 724, 638, 713, 628]","[-5, -4, 5, 5, 5, -3, -5, -5, -4, -5, -5, -5, -5, 3, -5, -5, -5, -5, 5, 4, 3, -5]","[1, -4, 0, 0, -2, -4, -1, -1, -3, -1, -2, 0, 0, -5, -1, 0, -2, 0, -2, -4, 4, 0]",41.2,24.6,41226.0,"[44906.0, 44442.0, 44618.0, 44394.0, 43738.0, 43578.0, 43850.0, 44522.0, 43594.0, 44698.0, 43738.0, 44698.0, 45083.0, 44730.0, 44298.0, 43498.0, 44602.0, 43594.0, 43946.0, 44298.0]",[]
31,-6,False,760,495,0,0,[],[],[],[],"[1125, 651, 279, 574, 892]","[1125, 651, 279, 574, 892]","[-27, 21, -214, -350, -414]","[69, -12, 64, 140, 71]","[722, 1216, 760, 1440, 1359, 182, 423, 251, 224, 669, 732, 680, 567, 1083, 576, 844, 1025, 962, 930, 1052, 1039]","[819, 308, 442, 706, 387, 35, 502, 763, 486, 610, 379, 763, 703, 413, 649, 612, 487, 649, 684, 793, 628]","[-5, -5, 5, 5, 5, -3, -5, -5, -4, -5, -5, -5, -5, 3, -5, -5, -5, -5, 5, 3, -5]","[-1, -2, 0, -1, -2, -5, -2, -1, -3, -2, -2, 0, 0, -5, -1, 0, -2, 0, -2, 4, 0]",41.2,24.6,41178.0,"[43914.0, 44314.0, 45611.0, 44522.0, 44810.0, 44650.0, 44586.0, 45483.0, 44698.0, 44858.0, 45018.0, 43994.0, 44250.0, 44730.0, 44362.0, 44842.0, 45419.0, 45611.0, 45371.0, 44346.0]",[]
32,-6,False,760,495,0,0,[],[],[],[],"[1093, 651, 205, 437, 712]","[1093, 651, 205, 437, 712]","[-107, 44, -132, -287, -437]","[62, -11, 61, 109, 96]","[642, 1116, 860, 1459, 323, 151, 144, 569, 632, 580, 467, 1124, 476, 744, 925, 862, 1030, 939, 1111, 744, 329, 582, 784]","[758, 272, 442, 338, 462, 722, 426, 570, 339, 763, 703, 313, 629, 612, 447, 649, 644, 628, 677, 708, 742, 687, 674]","[-3, -5, 5, 5, -5, -5, -4, -5, -5, -5, -5, 2, -5, -5, -5, -5, 5, -5, -5, 5, 5, 4, -5]","[-4, -1, 0, -3, -2, -3, -3, -2, -2, 0, 0, -5, -1, 0, -2, 0, -2, 0, -2, 1, -1, -4, 2]",41.2,24.6,41162.0,"[44474.0, 44282.0, 44202.0, 44378.0, 44330.0, 44186.0, 44474.0, 44362.0, 44714.0, 44090.0, 44746.0, 43706.0, 44250.0, 44618.0, 44490.0, 44058.0, 43978.0, 43450.0, 44090.0, 43322.0]",[]
33,-6,False,760,495,0,0,[],[],[],[],"[1018, 651, 159, 319, 532]","[1018, 651, 159, 319, 532]","[-216, 45, -68, -247, -422]","[38, -8, 21, 82, 71]","[603, 1016, 960, 223, 75, 64, 469, 532, 480, 367, 1164, 376, 644, 825, 762, 1130, 839, 1011, 844, 429, 662, 684]","[663, 254, 442, 422, 653, 351, 530, 299, 763, 703, 213, 595, 612, 407, 649, 604, 628, 637, 728, 722, 607, 714]","[-1, -5, 5, -5, -3, -4, -5, -5, -5, -5, 2, -5, -5, -5, -5, 5, -5, -5, 5, 5, 4, -5]","[-5, 0, 0, -2, -4, -4, -2, -2, 0, 0, -5, -2, 0, -2, 0, -2, 0, -2, 1, -1, -4, 2]",41.2,24.6,41322.0,"[44362.0, 44890.0, 44858.0, 44746.0, 45195.0, 44762.0, 45083.0, 45115.0, 44666.0, 44986.0, 44794.0, 44634.0, 44394.0, 44842.0, 45307.0, 44650.0, 44522.0, 45099.0, 45979.0, 44874.0]",[]
34,-7,False,760,495,0,0,[],[],[],[],"[908, 652, 143, 227, 352]","[908, 652, 143, 227, 352]","[-273, 35, 37, -176, -402]","[17, -24, -17, 35, 67]","[597, 916, 1060, 123, 43, 369, 432, 380, 267, 1204, 276, 544, 725, 662, 1230, 739, 911, 944, 529, 584]","[563, 254, 442, 382, 556, 490, 259, 763, 703, 113, 555, 612, 367, 649, 561, 628, 597, 748, 702, 744]","[0, -5, 5, -5, 0, -5, -5, -5, -5, 2, -5, -5, -5, -5, 5, -5, -5, 5, 5, -5]","[-5, 0, 0, -2, -5, -2, -2, 0, 0, -5, -2, 0, -2, 0, -3, 0, -2, 1, -1, 1]",41.2,24.6,41194.0,"[44330.0, 44506.0, 44906.0, 44234.0, 44138.0, 44186.0, 45002.0, 44778.0, 44698.0, 45243.0, 44762.0, 44714.0, 44170.0, 44106.0, 43914.0, 44810.0, 44474.0, 44826.0, 45227.0, 44058.0]",[]
35,-8,False,760,495,0,0,[],[],[],[],"[777, 652, 171, 158, 195]","[777, 652, 171, 158, 195]","[-321, 34, 142, -120, -343]","[8, -31, -36, 4, 47]","[604, 816, 1160, 23, 62, 269, 332, 280, 167, 1228, 176, 444, 625, 562, 1323, 639, 1044, 629, 484, 899, 700, 289, 304, 464]","[463, 254, 452, 342, 456, 450, 219, 749, 703, 13, 515, 612, 327, 649, 501, 628, 768, 682, 764, 607, 554, 757, 689, 623]","[1, -5, 5, -5, 2, -5, -5, -5, -5, 1, -5, -5, -5, -5, 4, -5, 5, 5, -5, -2, 0, 5, 2, 4]","[-5, 0, 1, -2, -5, -2, -2, -1, 0, -5, -2, 0, -2, 0, -3, 0, 1, -1, 1, -5, -5, 0, -5, -4]",41.3,24.5,41226.0,"[44778.0, 44714.0, 44714.0, 44282.0, 44954.0, 44442.0, 45259.0, 44874.0, 44202.0, 44714.0, 45659.0, 44426.0, 44874.0, 45034.0, 44458.0, 44698.0, 44314.0, 44378.0, 44746.0, 44458.0]",[]
36,-8,False,760,495,0,0,[],[],[],[],"[637, 652, 226, 117, 67]","[637, 652, 226, 117, 67]","[-340, 7, 204, -34, -249]","[-14, -46, -56, -31, 47]","[636, 716, 1260, 132, 169, 232, 180, 67, 76, 344, 525, 462, 1403, 539, 1144, 729, 384, 859, 700, 389, 344, 544]","[363, 262, 475, 380, 410, 179, 729, 703, 475, 612, 287, 649, 441, 628, 768, 662, 784, 507, 454, 757, 589, 543]","[2, -5, 5, 4, -5, -5, -5, -5, -5, -5, -5, -5, 4, -5, 5, 5, -5, -2, 0, 5, 2, 4]","[-5, 1, 2, -3, -2, -2, -1, 0, -2, 0, -2, 0, -3, 0, 0, -1, 1, -5, -5, 0, -5, -4]",41.3,24.5,41274.0,"[45067.0, 44746.0, 45723.0, 45419.0, 45323.0, 44330.0, 44698.0, 44858.0, 45531.0, 45067.0, 45451.0, 44698.0, 44394.0, 44986.0, 44618.0, 44154.0, 44986.0, 44970.0, 44362.0, 44474.0]",[]
37,-8,False,760,495,0,0,[],[],[],[],"[497, 652, 317, 116, 0]","[497, 652, 317, 116, 0]","[-307, 36, 307, 85, -102]","[-28, -39, -74, -46, 51]","[698, 616, 1344, 226, 69, 132, 80, 244, 425, 362, 1483, 439, 1244, 829, 284, 819, 700, 489, 384, 624, 617, 726, 355, 186, 108]","[283, 282, 530, 331, 370, 139, 709, 612, 247, 649, 367, 628, 768, 642, 804, 407, 354, 757, 489, 464, 629, 580, 657, 727, 707]","[4, -5, 3, 5, -5, -5, -5, -5, -5, -5, 4, -5, 5, 5, -5, -2, 0, 5, 2, 4, 2, 3, 4, 4, 5]","[-3, 1, 4, -2, -2, -2, -1, 0, -2, 0, -4, 0, 0, -1, 1, -5, -5, 0, -5, -3, -5, -4, -3, -4, -2]",41.3,24.5,41290.0,"[44122.0, 44218.0, 44906.0, 45115.0, 45963.0, 45419.0, 44170.0, 43930.0, 44394.0, 44618.0, 44650.0, 43866.0, 44762.0, 44874.0, 44602.0, 44874.0, 44314.0, 44266.0, 45115.0, 43834.0]",[]
38,-9,False,760,495,0,0,[],[],[],[],"[381, 664, 448, 170, 3]","[381, 664, 448, 170, 3]","[-214, 69, 380, 218, 71]","[2, 7, -25, -20, 63]","[788, 516, 1311, 326, 32, 144, 325, 262, 339, 1344, 929, 184, 761, 700, 589, 424, 704, 657, 455, 266, 208]","[238, 322, 611, 304, 99, 612, 207, 649, 628, 768, 622, 816, 316, 254, 753, 389, 404, 529, 597, 647, 667]","[5, -5, -5, 5, -5, -5, -5, -5, -5, 5, 5, -5, -3, 0, 5, 2, 4, 2, 5, 4, 5]","[-1, 2, 2, -1, -2, 0, -2, 0, 0, 0, -1, 0, -4, -5, -1, -5, -3, -5, -3, -4, -2]",41.3,24.5,41370.0,"[45355.0, 44218.0, 44362.0, 44682.0, 43738.0, 44650.0, 44890.0, 45131.0, 45291.0, 45435.0, 44746.0, 44698.0, 44506.0, 44314.0, 44426.0, 43930.0, 44010.0, 44682.0, 44490.0, 45018.0]",[]
39,-9,False,760,495,0,0,[],[],[],[],"[309, 692, 605, 269, 56]","[309, 692, 605, 269, 56]","[-116, 103, 464, 336, 235]","[43, 30, 8, 0, 51]","[888, 427, 1211, 426, 44, 225, 162, 239, 1444, 1029, 84, 701, 700, 689, 482, 784, 697, 555, 346, 308]","[247, 377, 627, 292, 612, 167, 649, 609, 768, 594, 816, 236, 154, 733, 289, 344, 429, 537, 567, 627]","[5, -4, -5, 5, -5, -5, -5, -5, 5, 5, -5, -3, 0, 5, 3, 4, 2, 5, 4, 5]","[2, 3, 0, 0, 0, -2, 0, -1, 0, -2, 0, -4, -5, -1, -5, -3, -5, -3, -4, -2]",41.3,24.5,41210.0,"[45227.0, 45115.0, 44442.0, 45355.0, 44202.0, 44266.0, 45147.0, 44554.0, 44986.0, 45115.0, 44458.0, 44794.0, 45499.0, 44634.0, 44362.0, 44522.0, 44490.0, 44458.0, 44346.0, 45259.0]",[]
40,-9,False,760,495,0,0,[],[],[],[],"[271, 732, 785, 411, 173]","[271, 732, 785, 411, 173]","[-38, 105, 498, 409, 379]","[73, 80, 46, 16, 51]","[950, 354, 1111, 526, 125, 62, 139, 1129, 629, 700, 789, 542, 864, 745, 655, 426, 408, 451, 838, 650, 390, 176]","[322, 451, 627, 292, 127, 649, 589, 554, 160, 54, 713, 193, 284, 329, 477, 487, 587, 659, 620, 518, 629, 692]","[2, -3, -5, 5, -5, -5, -5, 5, -4, 0, 5, 3, 4, 3, 5, 4, 5, 5, 5, 0, 4, 4]","[5, 4, 0, 0, -2, 0, -1, -2, -3, -5, -1, -4, -3, -5, -3, -4, -2, 0, 0, -5, -4, -4]",41.3,24.5,41450.0,"[45355.0, 44826.0, 45195.0, 44826.0, 44378.0, 45099.0, 44954.0, 45547.0, 44810.0, 45034.0, 44586.0, 44010.0, 43738.0, 44938.0, 44490.0, 44986.0, 45259.0, 44746.0, 44250.0, 44298.0]",[]
41,-10,False,760,495,0,0,[],[],[],[],"[267, 774, 979, 582, 335]","[267, 774, 979, 582, 335]","[69, 153, 477, 483, 490]","[88, 115, 84, 35, 65]","[957, 310, 1011, 626, 25, 39, 1229, 540, 889, 602, 944, 805, 506, 508, 551, 938, 650, 470, 256]","[422, 545, 627, 292, 87, 551, 514, 114, 693, 113, 224, 229, 407, 547, 659, 620, 418, 565, 612]","[0, -1, -5, 5, -5, -5, 5, -5, 5, 3, 4, 3, 4, 5, 5, 5, 0, 4, 4]","[5, 5, 0, 0, -2, -2, -2, -1, -1, -4, -3, -5, -4, -2, 0, 0, -5, -3, -4]",41.2,24.6,41498.0,"[44426.0, 44138.0, 45163.0, 44378.0, 44794.0, 44250.0, 44746.0, 44106.0, 44570.0, 43754.0, 44282.0, 45099.0, 45131.0, 44042.0, 44362.0, 44874.0, 44650.0, 43882.0, 45179.0, 44618.0]",[]
42,-10,False,760,495,0,0,[],[],[],[],"[301, 824, 1148, 770, 541]","[301, 824, 1148, 770, 541]","[152, 139, 411, 494, 568]","[92, 99, 120, 36, 31]","[938, 308, 911, 726, 1329, 471, 989, 662, 1024, 865, 586, 608, 651, 1038, 650, 550, 336, 381, 813, 1098, 733, 523]","[522, 645, 626, 292, 474, 163, 673, 33, 164, 131, 336, 507, 659, 620, 318, 505, 532, 701, 653, 611, 657, 780]","[-2, 1, -5, 5, 5, 0, 5, 3, 4, 3, 4, 5, 5, 5, 0, 4, 4, 5, -4, -2, 1, 4]","[5, 5, -1, 0, -2, 5, -1, -4, -3, -4, -3, -2, 0, 0, -5, -3, -4, -1, -4, -5, -5, -4]",41.2,24.6,41322.0,"[44570.0, 45115.0, 45147.0, 44938.0, 44490.0, 44858.0, 44730.0, 45195.0, 44890.0, 45243.0, 45099.0, 44906.0, 44490.0, 44570.0, 44570.0, 45163.0, 44698.0, 45467.0, 44634.0, 44106.0]",[]
43,-12,False,760,495,0,0,[],[],[],[],"[363, 864, 1284, 945, 761]","[363, 864, 1284, 945, 761]","[202, 101, 305, 437, 585]","[90, 72, 122, 31, -9]","[887, 359, 811, 826, 1429, 487, 1089, 1104, 925, 666, 751, 1138, 652, 630, 416, 481, 733, 1058, 603]","[609, 734, 606, 301, 434, 263, 653, 104, 51, 276, 659, 620, 218, 445, 452, 681, 573, 511, 700]","[-3, 4, -5, 5, 5, 2, 5, 4, 3, 4, 5, 5, 1, 4, 4, 5, -4, -2, 4]","[4, 3, -1, 1, -2, 5, -1, -3, -4, -3, 0, 0, -5, -3, -4, -1, -4, -5, -4]",41.2,24.6,41466.0,"[45002.0, 45291.0, 45579.0, 45867.0, 45627.0, 44506.0, 44362.0, 44186.0, 45099.0, 44570.0, 44682.0, 45002.0, 44138.0, 43930.0, 44970.0, 43994.0, 43882.0, 44826.0, 44378.0, 44506.0]",[]
44,-13,False,760,495,0,0,[],[],[],[],"[444, 882, 1365, 1094, 978]","[444, 882, 1365, 1094, 978]","[251, 45, 164, 358, 538]","[66, 57, 92, 11, -40]","[810, 452, 711, 926, 1529, 534, 1189, 1184, 746, 851, 1238, 675, 710, 496, 581, 1009, 683]","[674, 779, 586, 321, 391, 357, 633, 44, 216, 659, 606, 118, 385, 378, 661, 411, 620]","[-4, 5, -5, 5, 5, 3, 5, 4, 4, 5, 5, 2, 4, 4, 5, -3, 4]","[2, 1, -1, 1, -3, 4, -1, -3, -3, 0, -1, -5, -3, -3, -1, -5, -4]",41.2,24.6,41162.0,"[44746.0, 44826.0, 45147.0, 44266.0, 44106.0, 45083.0, 45018.0, 45259.0, 44602.0, 44538.0, 44698.0, 44426.0, 45323.0, 45131.0, 45195.0, 44826.0, 45163.0, 45259.0, 44954.0, 44250.0]",[]
45,-14,False,760,495,0,0,[],[],[],[],"[544, 882, 1393, 1208, 1163]","[544, 882, 1393, 1208, 1163]","[288, 5, 17, 248, 449]","[29, 30, 52, 1, -57]","[710, 552, 611, 1026, 594, 1289, 826, 951, 1338, 731, 790, 576, 681, 949, 571, 916, 1315, 1037, 1025]","[701, 786, 562, 351, 437, 613, 156, 659, 582, 33, 325, 318, 641, 312, 694, 850, 700, 705, 694]","[-5, 5, -5, 5, 3, 5, 4, 5, 5, 4, 4, 4, 5, -3, 4, -2, -5, -5, 0]","[0, 0, -2, 2, 4, -1, -3, 0, -2, -3, -3, -3, -1, -4, -3, 5, -3, 0, -5]",41.2,24.6,41210.0,"[44426.0, 44426.0, 44618.0, 45131.0, 44762.0, 44586.0, 45243.0, 45259.0, 44618.0, 44538.0, 44602.0, 44458.0, 44378.0, 45163.0, 44618.0, 45371.0, 44490.0, 44362.0, 44954.0, 44346.0]",[]
46,-14,False,760,495,0,0,[],[],[],[],"[644, 864, 1356, 1270, 1304]","[644, 864, 1356, 1270, 1304]","[289, -47, -156, 105, 314]","[11, 10, 18, -5, -83]","[611, 652, 511, 1126, 662, 1389, 906, 1051, 1430, 826, 870, 656, 781, 889, 651, 1215, 937, 1025]","[688, 781, 522, 391, 517, 593, 96, 659, 533, 27, 265, 258, 621, 232, 634, 640, 705, 594]","[-4, 5, -5, 5, 4, 5, 4, 5, 4, 4, 4, 4, 5, -3, 4, -5, -5, 0]","[-2, -1, -2, 2, 4, -1, -3, 0, -3, 3, -3, -3, -1, -4, -3, -3, 0, -5]",41.2,24.6,41210.0,"[44426.0, 44426.0, 44618.0, 45131.0, 44762.0, 44586.0, 45243.0, 45259.0, 44618.0, 44538.0, 44602.0, 44458.0, 44378.0, 45163.0, 44618.0, 45371.0, 44490.0, 44362.0, 44954.0, 44346.0]",[]
47,-15,False,760,495,0,0,[],[],[],[],"[744, 824, 1261, 1271, 1386]","[744, 824, 1261, 1271, 1386]","[294, -75, -268, -20, 159]","[-4, 10, 4, -15, -86]","[555, 752, 417, 1211, 1489, 988, 1151, 1463, 879, 950, 736, 881, 829, 731, 1115, 837, 1011, 745, 877, 1295, 1274, 1362]","[611, 755, 474, 450, 565, 36, 659, 440, 112, 205, 198, 601, 152, 574, 580, 705, 494, 702, 686, 770, 684, 682]","[-1, 5, -4, 4, 5, 5, 5, -1, 1, 4, 4, 5, -3, 4, -5, -5, -1, 1, 0, -5, -5, -4]","[-5, -2, -3, 3, -2, -3, 0, -5, 5, -3, -3, -1, -4, -3, -3, 0, -5, -5, -5, 0, -1, -3]",41.100004,24.6,41258.0,"[44858.0, 45291.0, 44618.0, 44378.0, 45115.0, 44218.0, 44986.0, 45243.0, 44490.0, 45195.0, 45483.0, 45707.0, 45355.0, 45002.0, 45115.0, 44554.0, 45195.0, 45595.0, 45211.0, 45451.0]",[]
48,-16,False,760,495,0,0,[],[],[],[],"[860, 784, 1134, 1235, 1417]","[860, 784, 1134, 1235, 1417]","[311, -72, -327, -106, 36]","[26, 30, 14, -10, -48]","[565, 852, 344, 1280, 1251, 1394, 891, 1030, 816, 981, 769, 1015, 737, 991, 765, 870, 1195, 1174, 1282]","[511, 712, 404, 527, 659, 370, 212, 145, 138, 581, 72, 520, 705, 394, 602, 586, 770, 664, 622]","[2, 5, -3, 3, 5, -5, 0, 4, 4, 5, -3, -5, -5, -1, 1, -1, -5, -5, -4]","[-5, -3, -4, 4, 0, -2, 5, -3, -3, -1, -4, -3, 0, -5, -5, -5, 0, -1, -3]",41.100004,24.6,41178.0,"[45387.0, 45115.0, 44938.0, 44298.0, 44442.0, 44378.0, 44330.0, 44858.0, 45034.0, 45291.0, 44810.0, 44794.0, 45499.0, 45515.0, 44826.0, 44586.0, 45803.0, 44058.0, 44170.0, 43994.0]",[]
