,HP,Power up,Player x,Player y,Player speed_x,Player speed_y,Player bullet x,Player bullet y,Player bullet speed_x,Player bullet speed_y,Enemy x,Enemy y,Enemy speed_x,Enemy speed_y,Enemy bullet x,Enemy bullet y,Enemy bullet speed_x,Enemy bullet speed_y,Humidity,Temperature,Skin conductance,Relative blood volume,Accelerations
0,10,False,727,559,0,0,[762],[604],[0],[5],"[542, 538, 1257, 658, 780]","[542, 538, 1257, 658, 780]","[199, 45, 285, 324, -37]","[105, 15, 87, 67, 72]",[],[],[],[],41.5,24.5,41306.0,"[31687.0, 32567.0, 33192.0, 32776.0, 33032.0, 32647.0, 33160.0, 33032.0, 32615.0, 32952.0, 32663.0, 33192.0, 33096.0, 33256.0, 34184.0, 35416.0, 38313.0, 40953.0, 44634.0, 47563.0]",[]
1,10,False,727,433,0,-9,[],[],[],[],"[622, 557, 1342, 760]","[622, 557, 1342, 760]","[228, 99, 189, -29]","[130, 56, 81, 110]",[],[],[],[],41.5,24.5,41146.0,"[49820.0, 50652.0, 51292.0, 51436.0, 50892.0, 49756.0, 48587.0, 47547.0, 45547.0, 43690.0, 42026.0, 40345.0, 39449.0, 37849.0, 36072.0, 35720.0, 34024.0, 33688.0, 32679.0, 32231.0]",[]
2,10,False,705,254,-5,-8,[],[],[],[],"[709, 597, 1382, 740, 1111]","[709, 597, 1382, 740, 1111]","[245, 130, 57, -26, -56]","[118, 38, 38, 86, 1]","[706, 644, 1398, 817, 1127]","[664, 713, 766, 735, 602]","[-1, 2, -2, 3, -4]","[-5, -5, -5, -4, -3]",41.5,24.5,41370.0,"[31239.0, 31063.0, 30919.0, 31815.0, 30871.0, 31271.0, 31895.0, 32407.0, 31783.0, 32968.0, 32808.0, 32920.0, 33288.0, 33304.0, 33272.0, 33752.0, 33688.0, 33736.0, 34680.0, 34200.0]",[]
3,10,False,692,424,-1,9,[],[],[],[],"[789, 637, 1366, 720, 1057]","[789, 637, 1366, 720, 1057]","[223, 135, -87, -38, -156]","[114, 24, -6, 39, -3]","[686, 684, 1340, 877, 1047]","[564, 613, 666, 639, 542]","[-1, 2, -3, 3, -4]","[-5, -5, -5, -5, -3]",41.4,24.5,41690.0,"[35512.0, 35608.0, 36424.0, 36504.0, 36584.0, 36248.0, 36985.0, 36969.0, 36136.0, 36280.0, 36808.0, 36168.0, 35096.0, 35096.0, 34008.0, 33416.0, 32327.0, 31143.0, 30391.0, 30055.0]",[]
4,9,False,681,334,0,-9,[],[],[],[],"[867, 678, 1292, 697, 971]","[867, 678, 1292, 697, 971]","[198, 147, -224, -58, -231]","[76, 15, -43, 8, 7]","[724, 1280, 929, 967]","[513, 566, 539, 482]","[2, -3, 2, -4]","[-5, -5, -5, -3]",41.4,24.5,41226.0,"[30135.0, 29543.0, 29767.0, 29239.0, 29591.0, 28999.0, 28999.0, 29127.0, 29127.0, 29399.0, 30247.0, 30551.0, 31351.0, 31031.0, 31431.0, 31415.0, 31303.0, 31159.0, 31719.0, 31399.0]",[]
5,9,False,656,169,-9,0,[],[],[],[],"[916, 718, 1167, 657, 856]","[916, 718, 1167, 657, 856]","[107, 119, -337, -70, -287]","[38, 5, -59, -18, 22]","[764, 1220, 969, 887, 855, 779, 1267, 731, 922]","[413, 475, 439, 422, 695, 678, 681, 701, 532]","[2, -3, 2, -4, -3, 3, -3, 0, -4]","[-5, -4, -5, -3, -5, -4, -5, -5, -4]",41.4,24.5,41098.0,"[45835.0, 44298.0, 42330.0, 40873.0, 37993.0, 36136.0, 34712.0, 33736.0, 32103.0, 31431.0, 31127.0, 31175.0, 30951.0, 30615.0, 31447.0, 31815.0, 31943.0, 32199.0, 31559.0, 32055.0]",[]
6,9,False,618,343,-1,9,[666],[346],[0],[5],"[935, 749, 1007, 617, 727]","[935, 749, 1007, 617, 727]","[36, 91, -412, -55, -313]","[12, -28, -91, -35, 30]","[804, 1160, 1009, 807, 795, 839, 1207, 731, 842]","[313, 395, 339, 362, 595, 598, 592, 601, 452]","[2, -3, 2, -4, -3, 3, -3, 0, -4]","[-5, -4, -5, -3, -5, -4, -4, -5, -4]",41.4,24.5,40905.0,"[30279.0, 29783.0, 30007.0, 30935.0, 31287.0, 30855.0, 31063.0, 31783.0, 31895.0, 32023.0, 32215.0, 33000.0, 33048.0, 34536.0, 36008.0, 38921.0, 42842.0, 45547.0, 48603.0, 51260.0]",[]
7,9,False,545,235,-3,-9,[666],[446],[0],[5],"[934, 769, 820, 583, 590]","[934, 769, 820, 583, 590]","[-2, 99, -451, -39, -296]","[-25, -44, -84, -42, 53]","[844, 1100, 1047, 727, 735, 899, 1147, 731, 762, 959, 777, 909, 656, 689]","[213, 315, 239, 302, 495, 504, 512, 501, 372, 751, 698, 639, 711, 565]","[2, -3, 1, -4, -3, 3, -3, 0, -4, -2, -3, -4, 1, 0]","[-5, -4, -5, -3, -5, -5, -4, -5, -4, -5, -4, -4, -5, -5]",41.4,24.5,41114.0,"[53533.0, 54365.0, 55261.0, 54781.0, 54461.0, 52556.0, 50764.0, 49500.0, 47259.0, 45963.0, 43562.0, 41914.0, 39625.0, 37689.0, 36456.0, 35608.0, 34328.0, 33576.0, 32856.0, 33160.0]",[]
8,9,False,444,88,-9,-2,[],[],[],[],"[914, 789, 563, 477]","[914, 789, 563, 477]","[-38, 77, -9, -228]","[-35, -24, -40, 106]","[865, 1040, 1067, 647, 675, 942, 1087, 731, 682, 919, 717, 829, 676, 689]","[113, 235, 139, 242, 395, 404, 432, 401, 292, 651, 618, 559, 611, 465]","[1, -3, 1, -4, -3, 2, -3, 0, -4, -2, -3, -4, 1, 0]","[-5, -4, -5, -3, -5, -5, -4, -5, -4, -5, -4, -4, -5, -5]",41.4,24.5,41626.0,"[29623.0, 29655.0, 29847.0, 30103.0, 30567.0, 30951.0, 31239.0, 31687.0, 32359.0, 32311.0, 32151.0, 33032.0, 32391.0, 32920.0, 32343.0, 33192.0, 33304.0, 32599.0, 33320.0, 33080.0]",[]
9,9,False,364,191,0,9,[],[],[],[],"[885, 809, 561, 394]","[885, 809, 561, 394]","[-71, 84, 52, -136]","[-8, -8, -33, 145]","[885, 980, 1079, 557, 615, 982, 1027, 731, 602, 870, 657, 749, 696, 689]","[13, 155, 39, 182, 295, 304, 352, 301, 212, 551, 538, 479, 511, 365]","[1, -3, 0, -5, -3, 2, -3, 0, -4, -3, -3, -4, 1, 0]","[-5, -4, -5, -3, -5, -5, -4, -5, -4, -5, -4, -4, -5, -5]",41.4,24.5,41834.0,"[33928.0, 34008.0, 35000.0, 37657.0, 40345.0, 44042.0, 46619.0, 49948.0, 51484.0, 53837.0, 54349.0, 55021.0, 54589.0, 53293.0, 52300.0, 50700.0, 47915.0, 46091.0, 43946.0, 41290.0]",[]
10,9,False,463,307,9,1,[],[],[],[],"[845, 829, 586, 349, 870]","[845, 829, 586, 349, 870]","[-72, 74, 107, -37, -8]","[21, 36, -13, 171, 10]","[917, 457, 555, 1002, 967, 731, 522, 810, 597, 669, 701, 689, 821, 766, 510, 360, 875]","[75, 122, 203, 204, 272, 201, 132, 451, 458, 399, 411, 265, 725, 597, 665, 633, 762]","[-4, -5, -3, 1, -3, 0, -4, -3, -3, -4, 0, 0, -5, -4, -5, -4, -3]","[-4, -3, -4, -5, -4, -5, -4, -5, -4, -4, -5, -5, -1, -4, -2, -3, -4]",41.5,24.5,41530.0,"[30631.0, 30727.0, 30359.0, 30535.0, 30823.0, 30407.0, 30631.0, 30423.0, 30775.0, 31719.0, 31655.0, 31927.0, 32679.0, 32856.0, 32647.0, 32904.0, 32663.0, 33128.0, 33944.0, 33960.0]",[]
11,8,False,572,183,0,0,[],[],[],[],"[805, 849, 626, 339, 866]","[805, 849, 626, 339, 866]","[-72, 56, 139, 40, 1]","[30, 22, 10, 179, 9]","[357, 1016, 907, 731, 442, 750, 537, 589, 701, 689, 721, 686, 410, 280, 815]","[62, 104, 192, 101, 52, 351, 378, 319, 311, 165, 702, 517, 618, 573, 682]","[-5, 0, -3, 0, -4, -3, -3, -4, 0, 0, -5, -4, -5, -4, -3]","[-3, -5, -4, -5, -4, -5, -4, -4, -5, -5, -2, -4, -3, -3, -4]",41.5,24.5,41402.0,"[37481.0, 35480.0, 34056.0, 33288.0, 32695.0, 32199.0, 31687.0, 31591.0, 32023.0, 32391.0, 33064.0, 33496.0, 33432.0, 34072.0, 35432.0, 35800.0, 35528.0, 35464.0, 35640.0, 35448.0]",[]
12,6,False,618,225,0,0,[659],[275],[2],[5],"[765, 863, 680, 365, 854]","[765, 863, 680, 365, 854]","[-72, 33, 141, 119, -23]","[30, 28, -11, 142, -4]","[257, 1016, 837, 731, 690, 477, 689, 621, 606, 316, 200, 755, 800, 890, 674, 436, 867]","[2, 4, 112, 1, 251, 292, 65, 662, 437, 558, 505, 602, 712, 634, 610, 776, 751]","[-5, 0, -4, 0, -3, -3, 0, -5, -4, -4, -4, -3, -3, -2, -2, 4, -3]","[-3, -5, -4, -5, -5, -5, -5, -2, -4, -3, -4, -4, -4, -5, -5, -4, -5]",41.5,24.5,41914.0,"[35176.0, 35064.0, 35048.0, 34216.0, 33944.0, 34072.0, 34232.0, 33768.0, 34696.0, 34600.0, 34152.0, 34248.0, 34504.0, 34520.0, 34456.0, 34856.0, 35496.0, 35384.0, 35416.0, 35464.0]",[]
13,5,False,707,207,9,-3,[699],[375],[2],[5],"[725, 855, 720, 414, 821]","[725, 855, 720, 414, 821]","[-94, -20, 114, 174, -84]","[13, 22, -6, 102, -18]","[757, 417, 521, 526, 236, 120, 695, 740, 850, 634, 512, 807]","[32, 192, 622, 357, 498, 425, 522, 623, 534, 510, 696, 651]","[-4, -3, -5, -4, -4, -4, -3, -3, -2, -2, 3, -3]","[-4, -5, -2, -4, -3, -4, -4, -5, -5, -5, -4, -5]",41.5,24.5,41242.0,"[46923.0, 45851.0, 44010.0, 41754.0, 40329.0, 38713.0, 37129.0, 36616.0, 35208.0, 34296.0, 34072.0, 33304.0, 33304.0, 34008.0, 34184.0, 34360.0, 34376.0, 35224.0, 35560.0, 35368.0]",[]
14,5,False,887,199,9,1,[739],[475],[2],[5],"[668, 833, 756, 480, 773]","[668, 833, 756, 480, 773]","[-121, -48, 97, 211, -102]","[14, 2, -18, 65, -69]","[357, 421, 446, 156, 60, 635, 680, 810, 594, 572, 751]","[92, 582, 277, 436, 345, 442, 523, 434, 410, 616, 551]","[-3, -5, -4, -4, -3, -3, -3, -2, -2, 3, -2]","[-5, -2, -4, -4, -4, -4, -5, -5, -5, -4, -5]",41.5,24.5,41242.0,"[35464.0, 36312.0, 35480.0, 36040.0, 35032.0, 34824.0, 34376.0, 34744.0, 34152.0, 34744.0, 34392.0, 34328.0, 34328.0, 34488.0, 34584.0, 34024.0, 34264.0, 34152.0, 35016.0, 34968.0]",[]
15,5,False,1021,308,1,9,[],[],[],[],"[608, 794, 560, 714]","[608, 794, 560, 714]","[-125, -65, 216, -116]","[-14, -16, 34, -76]","[321, 366, 79, 8, 575, 628, 787, 554, 632, 711, 703, 866, 797, 557, 820]","[542, 197, 356, 250, 354, 423, 334, 310, 536, 451, 643, 574, 522, 720, 657]","[-5, -4, -3, -2, -3, -2, -1, -2, 3, -2, 0, 0, 0, 2, 0]","[-2, -4, -4, -5, -5, -5, -5, -5, -4, -5, -5, -5, -5, -5, -5]",41.5,24.5,41450.0,"[52796.0, 52844.0, 51932.0, 51404.0, 50076.0, 48459.0, 46491.0, 44506.0, 43098.0, 40953.0, 39193.0, 38041.0, 36312.0, 36024.0, 34408.0, 33608.0, 33544.0, 32840.0, 32968.0, 33496.0]",[]
16,5,False,965,488,-4,9,[],[],[],[],"[548, 751, 640, 654]","[548, 751, 640, 654]","[-133, -100, 215, -131]","[-35, -28, 18, -78]","[221, 303, 19, 515, 588, 767, 514, 706, 671, 703, 866, 809, 597, 820]","[502, 117, 276, 254, 323, 234, 210, 456, 351, 543, 474, 422, 620, 557]","[-5, -3, -3, -3, -2, -1, -2, 4, -2, 0, 0, 1, 2, 0]","[-2, -4, -4, -5, -5, -5, -5, -4, -5, -5, -5, -5, -5, -5]",41.5,24.5,41578.0,"[33960.0, 34456.0, 34536.0, 35608.0, 36488.0, 36040.0, 36120.0, 35896.0, 35992.0, 35880.0, 35384.0, 35224.0, 34136.0, 34136.0, 34136.0, 33496.0, 33240.0, 33128.0, 33544.0, 33176.0]",[]
17,5,False,1060,556,9,2,[],[],[],[],"[492, 691, 720, 594, 111]","[492, 691, 720, 594, 111]","[-84, -109, 221, -113, 66]","[-50, 2, 19, -76, 6]","[121, 243, 475, 548, 747, 481, 786, 631, 703, 866, 829, 637, 820, 591, 807, 771, 699, 200]","[458, 37, 154, 223, 134, 110, 376, 251, 443, 374, 322, 520, 457, 672, 623, 806, 606, 761]","[-5, -3, -2, -2, -1, -1, 4, -2, 0, 0, 1, 2, 0, 3, 5, 5, 3, 5]","[-3, -4, -5, -5, -5, -5, -4, -5, -5, -5, -5, -5, -5, -4, -1, -1, -5, 0]",41.4,24.5,41274.0,"[52828.0, 52812.0, 51100.0, 49516.0, 47643.0, 45387.0, 43722.0, 41514.0, 39753.0, 39129.0, 37641.0, 36969.0, 34952.0, 33992.0, 33096.0, 33064.0, 32952.0, 32647.0, 32920.0, 33032.0]",[]
18,5,False,1240,576,9,3,[],[],[],[],"[462, 643, 800, 554, 155]","[462, 643, 800, 554, 155]","[-25, -70, 231, -41, 197]","[-20, 32, 20, -30, -6]","[21, 435, 508, 733, 461, 866, 591, 716, 880, 849, 677, 820, 651, 907, 871, 759, 300]","[398, 54, 123, 34, 10, 296, 151, 343, 274, 222, 420, 357, 592, 603, 786, 521, 761]","[-5, -2, -2, 0, -1, 4, -2, 1, 1, 1, 2, 0, 3, 5, 5, 3, 5]","[-3, -5, -5, -5, -5, -4, -5, -5, -5, -5, -5, -5, -4, -1, -1, -4, 0]",41.4,24.5,41562.0,"[33304.0, 32679.0, 32824.0, 33112.0, 33704.0, 33224.0, 34536.0, 34456.0, 34664.0, 35288.0, 35432.0, 35880.0, 35880.0, 35400.0, 35960.0, 36552.0, 36792.0, 36744.0, 37641.0, 38377.0]",[]
19,5,False,1108,576,-6,7,[1160],[637],[-3],[4],"[458, 614, 880, 540, 247]","[458, 614, 880, 540, 247]","[56, -26, 201, 11, 310]","[12, 61, 29, 24, 19]","[474, 946, 551, 736, 900, 869, 717, 820, 728, 1007, 971, 819, 400]","[23, 230, 51, 243, 174, 122, 320, 257, 512, 583, 766, 441, 761]","[-1, 4, -2, 1, 1, 1, 2, 0, 4, 5, 5, 3, 5]","[-5, -3, -5, -5, -5, -5, -5, -5, -4, -1, -1, -4, 0]",41.4,24.5,41450.0,"[40697.0, 43690.0, 46539.0, 49212.0, 51404.0, 51788.0, 53036.0, 52716.0, 52172.0, 50748.0, 49196.0, 47979.0, 46651.0, 44202.0, 42698.0, 41866.0, 39865.0, 38569.0, 37081.0, 35880.0]",[]
20,4,False,1152,564,4,-8,[1082],[717],[-4],[4],"[483, 604, 940, 551, 387]","[483, 604, 940, 551, 387]","[112, 24, 186, 92, 425]","[41, 98, 38, 84, 26]","[1026, 761, 920, 897, 757, 820, 808, 1071, 886, 500, 602, 758, 1023, 688, 390]","[170, 143, 74, 22, 220, 157, 432, 746, 361, 761, 664, 638, 779, 604, 714]","[4, 2, 1, 2, 2, 0, 4, 5, 4, 5, 5, 5, 5, 5, 5]","[-3, -5, -5, -5, -5, -5, -4, -1, -4, 0, 0, 0, -2, -1, -1]",41.4,24.5,41066.0,"[33128.0, 33624.0, 32936.0, 33608.0, 33384.0, 33048.0, 32808.0, 33736.0, 33752.0, 33464.0, 34136.0, 34568.0, 34744.0, 34504.0, 35080.0, 35224.0, 35400.0, 34840.0, 35224.0, 35000.0]",[]
21,4,False,1082,430,-9,-3,[],[],[],[],"[533, 608, 589, 564]","[533, 608, 589, 564]","[180, 62, 127, 502]","[70, 116, 109, 47]","[1106, 801, 804, 820, 888, 1171, 966, 600, 702, 858, 1123, 788, 490]","[110, 43, 120, 57, 352, 726, 281, 761, 664, 638, 739, 584, 694]","[4, 2, 3, 0, 4, 5, 4, 5, 5, 5, 5, 5, 5]","[-3, -5, -5, -5, -4, -1, -4, 0, 0, 0, -2, -1, -1]",41.4,24.5,41546.0,"[43562.0, 42074.0, 40921.0, 39593.0, 38169.0, 36040.0, 34952.0, 34776.0, 33640.0, 33096.0, 33000.0, 33880.0, 34232.0, 34568.0, 35144.0, 35288.0, 35288.0, 34904.0, 34968.0, 35512.0]",[]
22,4,False,902,449,-9,0,[],[],[],[],"[597, 628, 630, 764, 1422]","[597, 628, 630, 764, 1422]","[208, 82, 150, 502, -72]","[58, 117, 113, 47, -5]","[1194, 864, 968, 1271, 1046, 700, 802, 958, 1223, 888, 590, 660, 676, 670, 752, 1430]","[50, 20, 272, 706, 201, 754, 664, 638, 699, 564, 674, 674, 670, 640, 715, 649]","[5, 3, 4, 5, 4, 5, 5, 5, 5, 5, 5, 5, 1, 1, 4, -5]","[-3, -5, -4, -1, -4, -1, 0, 0, -2, -1, -1, -2, -5, -5, -3, -3]",41.4,24.5,41482.0,"[34696.0, 35016.0, 34088.0, 33608.0, 33560.0, 32792.0, 33256.0, 32952.0, 33160.0, 32856.0, 33368.0, 33608.0, 32904.0, 33608.0, 33512.0, 34200.0, 34728.0, 34472.0, 34488.0, 34536.0]",[]
23,4,False,752,342,-8,-5,[],[],[],[],"[677, 648, 687, 948, 1343]","[677, 648, 687, 948, 1343]","[234, 88, 150, 445, -256]","[47, 86, 49, 34, -19]","[1048, 1371, 1126, 800, 902, 1058, 1323, 988, 690, 760, 696, 710, 832, 1330]","[192, 672, 140, 734, 664, 638, 659, 544, 654, 634, 570, 540, 655, 606]","[4, 5, 4, 5, 5, 5, 5, 5, 5, 5, 1, 2, 4, -5]","[-4, -2, -3, -1, 0, 0, -2, -1, -1, -2, -5, -5, -3, -2]",41.4,24.5,41514.0,"[34920.0, 35496.0, 35976.0, 35592.0, 36040.0, 36696.0, 36440.0, 36889.0, 36344.0, 37081.0, 36889.0, 37385.0, 36889.0, 38297.0, 39625.0, 42250.0, 46107.0, 48971.0, 50732.0, 52300.0]",[]
24,4,False,652,390,0,0,[],[],[],[],"[757, 668, 727, 1098, 1201]","[757, 668, 727, 1098, 1201]","[214, 97, 140, 365, -384]","[21, 70, 23, -2, -14]","[1128, 1471, 1206, 900, 1002, 1158, 1421, 1088, 790, 860, 716, 749, 912, 1230]","[112, 632, 61, 714, 664, 638, 605, 524, 634, 590, 470, 440, 595, 566]","[4, 5, 4, 5, 5, 5, 4, 5, 5, 5, 1, 1, 4, -5]","[-4, -2, -4, -1, 0, 0, -3, -1, -1, -3, -5, -5, -3, -2]",41.4,24.5,41290.0,"[35880.0, 35624.0, 33944.0, 33432.0, 32567.0, 31559.0, 31575.0, 31383.0, 31319.0, 31239.0, 31591.0, 31399.0, 32263.0, 31303.0, 31975.0, 31511.0, 31655.0, 32311.0, 32359.0, 32583.0]",[]
25,3,False,652,390,0,0,[],[],[],[],"[824, 688, 767, 1212, 1016]","[824, 688, 767, 1212, 1016]","[162, 77, 125, 256, -481]","[6, 24, 5, -38, 3]","[1208, 1000, 1102, 1258, 1501, 1188, 890, 960, 769, 992, 1130, 719, 658, 789, 1040, 1129]","[32, 694, 664, 638, 545, 484, 614, 530, 340, 535, 526, 622, 712, 623, 733, 585]","[4, 5, 5, 5, 4, 5, 5, 5, 1, 4, -5, -4, -3, 1, -5, -5]","[-4, -1, 0, 0, -3, -2, -1, -3, -5, -3, -2, -4, -4, -5, -1, -2]",41.4,24.5,41146.0,"[25382.0, 21141.0, 18404.0, 16019.0, 13587.0, 10450.0, 9042.0, 9474.0, 9602.0, 10946.0, 13347.0, 15203.0, 18852.0, 20869.0, 23205.0, 24565.0, 26550.0, 28390.0, 28839.0, 30279.0]",[]
26,3,False,652,390,0,0,[],[],[],[],"[873, 708, 799, 1280, 804]","[873, 708, 799, 1280, 804]","[122, 60, 89, 139, -536]","[-8, -31, -38, -56, 4]","[1100, 1202, 1358, 1288, 990, 1052, 789, 1072, 1030, 654, 598, 809, 940, 1029]","[674, 664, 638, 444, 594, 470, 240, 464, 486, 542, 632, 523, 697, 545]","[5, 5, 5, 5, 5, 4, 1, 4, -5, -3, -3, 1, -5, -5]","[-1, 0, 0, -2, -1, -3, -5, -4, -2, -4, -4, -5, -2, -2]",41.4,24.5,41242.0,"[48779.0, 49676.0, 49724.0, 50524.0, 51004.0, 51516.0, 51852.0, 52492.0, 52620.0, 52572.0, 52972.0, 52828.0, 52428.0, 52300.0, 52380.0, 51852.0, 51084.0, 50924.0, 50396.0, 50524.0]",[]
27,3,False,652,390,0,0,[],[],[],[],"[898, 728, 819, 1298, 581]","[898, 728, 819, 1298, 581]","[87, 68, 58, 15, -542]","[-12, -46, -37, -47, 9]","[1200, 1302, 1458, 1383, 1090, 1132, 809, 1152, 930, 594, 538, 829, 840, 929, 920, 748, 808, 1295, 694]","[654, 664, 638, 391, 574, 410, 140, 384, 446, 462, 552, 423, 657, 505, 634, 727, 686, 677, 561]","[5, 5, 5, 4, 5, 4, 1, 4, -5, -3, -3, 1, -5, -5, -1, -2, -5, -5, -2]","[-1, 0, 0, -3, -1, -3, -5, -4, -2, -4, -4, -5, -2, -2, -5, -5, -2, -2, -5]",41.4,24.5,41514.0,"[49836.0, 50396.0, 50428.0, 50652.0, 51676.0, 52524.0, 54877.0, 56605.0, 58574.0, 59870.0, 59870.0, 59294.0, 58830.0, 57646.0, 55261.0, 53517.0, 51164.0, 48859.0, 47883.0, 45595.0]",[]
28,2,False,652,390,0,0,[],[],[],[],"[918, 749, 839, 1272, 367]","[918, 749, 839, 1272, 367]","[67, 91, 56, -82, -481]","[9, -40, -13, -31, 59]","[1300, 1402, 1463, 1190, 1212, 829, 1216, 830, 478, 848, 740, 829, 900, 708, 708, 1195, 654]","[634, 664, 324, 554, 350, 40, 304, 406, 472, 323, 617, 465, 534, 627, 646, 637, 461]","[5, 5, 4, 5, 4, 1, 3, -5, -3, 0, -5, -5, -1, -2, -5, -5, -2]","[-1, 0, -4, -1, -3, -5, -4, -2, -4, -5, -2, -2, -5, -5, -2, -2, -5]",41.4,24.5,40953.0,"[39593.0, 39817.0, 38953.0, 39193.0, 39305.0, 38825.0, 38329.0, 38681.0, 38793.0, 39753.0, 39689.0, 39561.0, 39641.0, 39705.0, 40425.0, 40393.0, 40281.0, 40441.0, 40153.0, 39833.0]",[]
29,1,False,651,399,0,0,[],[],[],[],"[938, 786, 859, 1217, 190]","[938, 786, 859, 1217, 190]","[58, 116, 59, -156, -359]","[32, -1, 37, 5, 112]","[1400, 1502, 1516, 1290, 1292, 1276, 730, 418, 848, 640, 729, 880, 668, 608, 1095]","[607, 664, 235, 520, 289, 224, 366, 392, 223, 577, 425, 434, 527, 606, 597]","[5, 5, 2, 5, 4, 3, -5, -3, 0, -5, -5, -1, -2, -5, -5]","[-2, 0, -5, -2, -4, -4, -2, -4, -5, -2, -2, -5, -5, -2, -2]",41.4,24.5,40857.0,"[42538.0, 42314.0, 41802.0, 41882.0, 41754.0, 40953.0, 41162.0, 41306.0, 40361.0, 40713.0, 40009.0, 39721.0, 39609.0, 39497.0, 40121.0, 40057.0, 40986.0, 41626.0, 40729.0, 41066.0]",[]
30,-2,False,704,409,9,1,[],[],[],[],"[951, 826, 876, 1127, 70]","[951, 826, 876, 1127, 70]","[44, 118, 55, -214, -197]","[58, 37, 63, 51, 150]","[1500, 1515, 1390, 1372, 1327, 358, 848, 540, 860, 508, 995, 907, 823, 829, 1149, 326]","[567, 135, 480, 209, 126, 309, 123, 537, 334, 566, 557, 587, 604, 587, 630, 650]","[5, -2, 5, 4, 2, -3, 0, -5, -1, -5, -5, -4, 0, -4, -5, 5]","[-2, -5, -2, -4, -5, -5, -5, -2, -5, -2, -2, -4, -5, -4, 0, 0]",41.4,24.5,40857.0,"[42538.0, 42314.0, 41802.0, 41882.0, 41754.0, 40953.0, 41162.0, 41306.0, 40361.0, 40713.0, 40009.0, 39721.0, 39609.0, 39497.0, 40121.0, 40057.0, 40986.0, 41626.0, 40729.0, 41066.0]",[]
31,-2,False,749,417,0,0,[],[],[],[],"[951, 866, 882, 1025, 11]","[951, 866, 882, 1025, 11]","[43, 106, 15, -256, -55]","[91, 68, 91, 91, 178]","[1444, 1490, 1442, 1366, 298, 848, 440, 840, 408, 895, 827, 823, 749, 1049, 426]","[62, 440, 129, 26, 209, 23, 497, 234, 522, 517, 507, 504, 507, 630, 641]","[-5, 5, 3, 1, -3, 0, -5, -1, -5, -5, -4, 0, -4, -5, 5]","[-2, -2, -4, -5, -5, -5, -2, -5, -3, -2, -4, -5, -4, 0, -1]",41.4,24.5,41626.0,"[45147.0, 44426.0, 43610.0, 41994.0, 40377.0, 39481.0, 38345.0, 38969.0, 38841.0, 38169.0, 38249.0, 38345.0, 37305.0, 37033.0, 36440.0, 37001.0, 37193.0, 37065.0, 37417.0, 37545.0]",[]
32,-5,False,749,417,0,0,[],[],[],[],"[951, 894, 876, 903, 7]","[951, 894, 876, 903, 7]","[7, 60, -13, -313, 74]","[83, 60, 103, 97, 149]","[1344, 1502, 248, 340, 812, 314, 823, 949, 526, 974, 913, 939, 965, 88]","[40, 49, 109, 438, 134, 462, 404, 630, 621, 657, 691, 661, 650, 772]","[-5, 3, -2, -5, -2, -4, 0, -5, 5, -2, -2, 2, -4, 5]","[0, -4, -5, -3, -5, -3, -5, 0, -1, -5, -5, -5, -3, 0]",41.4,24.5,41418.0,"[37641.0, 36985.0, 37673.0, 37433.0, 37465.0, 38361.0, 38185.0, 39081.0, 39721.0, 40265.0, 40105.0, 40953.0, 40281.0, 40361.0, 40809.0, 40986.0, 41418.0, 41866.0, 41962.0, 42410.0]",[]
33,-6,False,758,417,0,0,[],[],[],[],"[930, 890, 848, 762, 49]","[930, 890, 848, 762, 49]","[-62, -18, -57, -352, 189]","[72, 64, 55, 81, 105]","[1244, 208, 257, 772, 234, 849, 626, 934, 873, 976, 885, 188]","[40, 9, 378, 34, 402, 630, 601, 557, 591, 561, 590, 772]","[-5, -2, -4, -2, -4, -5, 5, -2, -2, 1, -4, 5]","[0, -5, -3, -5, -3, 0, -1, -5, -5, -5, -3, 0]",41.4,24.5,41562.0,"[58446.0, 58190.0, 57341.0, 56221.0, 55821.0, 55069.0, 53549.0, 53309.0, 52620.0, 51132.0, 50252.0, 49612.0, 49308.0, 49500.0, 50380.0, 50588.0, 51100.0, 51468.0, 53100.0, 53965.0]",[]
34,-6,False,758,417,0,0,[],[],[],[],"[888, 861, 808, 612, 138]","[888, 861, 808, 612, 138]","[-104, -77, -79, -348, 297]","[42, 27, 35, 75, 56]","[1144, 177, 154, 749, 726, 891, 833, 996, 805, 288]","[50, 318, 334, 630, 581, 457, 491, 461, 530, 772]","[-5, -4, -4, -5, 5, -3, -2, 1, -4, 5]","[1, -3, -4, 0, -1, -5, -5, -5, -3, 0]",41.4,24.5,41418.0,"[32311.0, 30407.0, 28935.0, 27318.0, 25270.0, 23701.0, 21749.0, 21077.0, 19108.0, 18004.0, 17604.0, 18148.0, 19636.0, 22549.0, 25286.0, 28646.0, 32824.0, 36504.0, 39817.0, 43210.0]",[]
35,-8,False,758,417,0,0,[],[],[],[],"[821, 811, 768, 472, 266]","[821, 811, 768, 472, 266]","[-157, -125, -91, -332, 386]","[24, -13, 21, 49, 25]","[1044, 97, 86, 649, 826, 831, 1016, 388, 929, 888, 851, 726, 285]","[70, 243, 254, 630, 561, 357, 361, 768, 653, 673, 662, 652, 763]","[-5, -4, -3, -5, 5, -3, 1, 5, 0, -1, 0, 4, 5]","[1, -4, -4, 0, -1, -5, -5, -1, -5, -5, -5, -4, -3]",41.4,24.5,41322.0,"[34776.0, 35032.0, 35288.0, 36360.0, 35912.0, 36424.0, 36488.0, 36440.0, 36616.0, 36824.0, 37769.0, 37513.0, 38169.0, 38921.0, 38665.0, 38713.0, 39193.0, 37785.0, 38089.0, 36808.0]",[]
36,-8,False,758,417,0,0,[],[],[],[],"[741, 741, 713, 335, 421]","[741, 741, 713, 335, 421]","[-177, -155, -106, -300, 425]","[-9, -25, 7, 24, 23]","[944, 37, 36, 549, 926, 771, 1036, 488, 929, 868, 851, 801, 385]","[107, 161, 160, 630, 541, 257, 261, 748, 553, 573, 562, 572, 703]","[-5, -3, -2, -5, 5, -3, 1, 5, 0, -1, 0, 3, 5]","[2, -5, -5, 0, -1, -5, -5, -1, -5, -5, -5, -4, -3]",41.4,24.5,41626.0,"[36008.0, 34968.0, 33816.0, 33160.0, 31111.0, 29847.0, 28534.0, 28134.0, 25830.0, 25606.0, 24517.0, 23941.0, 24149.0, 25478.0, 28887.0, 33032.0, 38233.0, 44474.0, 49468.0, 55053.0]",[]
