,HP,Power up,Player x,Player y,Player speed_x,Player speed_y,Player bullet x,Player bullet y,Player bullet speed_x,Player bullet speed_y,Enemy x,Enemy y,Enemy speed_x,Enemy speed_y,Enemy bullet x,Enemy bullet y,Enemy bullet speed_x,Enemy bullet speed_y,Humidity,Temperature,Skin conductance,Relative blood volume
0,10,False,1332,80,0,0,[],[],[],[],"[875, 598, 459, 1653, 1082]","[875, 598, 459, 1653, 1082]","[58, 204, 21, 427, -221]","[-97, 30, 41, 61, -121]",[],[],[],[],56.100004,20.6,63407.0,"[208.0, 192.0, 464.0, 208.0]"
1,10,False,1332,80,0,0,[],[],[],[],"[885, 638, 465, 1724, 1032]","[885, 638, 465, 1724, 1032]","[73, 243, 89, 344, -234]","[-93, 34, 56, 54, -101]",[],[],[],[],56.100004,20.6,63407.0,"[208.0, 192.0, 464.0, 208.0]"
2,10,False,1332,80,0,0,[],[],[],[],"[895, 686, 484, 1779, 982]","[895, 686, 484, 1779, 982]","[74, 267, 144, 265, -236]","[-89, 52, 70, 58, -99]",[],[],[],[],56.100004,20.6,63311.0,"[256.0, 656.0, 272.0, 816.0]"
3,10,False,1297,87,-9,0,[],[],[],[],"[905, 739, 514, 1817, 932]","[905, 739, 514, 1817, 932]","[97, 307, 187, 179, -233]","[-72, 38, 67, 67, -87]",[],[],[],[],56.100004,20.6,63311.0,"[256.0, 656.0, 272.0, 816.0]"
4,10,False,1207,84,-9,0,[],[],[],[],"[922, 799, 550, 1841, 882]","[922, 799, 550, 1841, 882]","[109, 327, 222, 104, -244]","[-66, 41, 70, 51, -74]",[],[],[],[],56.100004,20.6,63311.0,"[256.0, 256.0, 64.0, 272.0]"
5,10,False,1117,84,-9,0,[],[],[],[],"[935, 859, 590, 1846, 832]","[935, 859, 590, 1846, 832]","[93, 339, 234, 2, -242]","[-88, 7, 56, 19, -67]","[966, 827, 596, 1824, 889]","[735, 783, 770, 977, 674]","[3, 1, 3, -3, 0]","[-4, -5, -4, -4, -5]",56.100004,20.6,63295.0,"[240.0, 400.0, 224.0, 128.0]"
6,10,False,1041,121,-4,8,[],[],[],[],"[945, 919, 634, 1830, 779]","[945, 919, 634, 1830, 779]","[68, 342, 258, -95, -253]","[-91, -18, 43, -13, -60]","[996, 837, 626, 1794, 889]","[695, 733, 730, 937, 624]","[3, 1, 3, -3, 0]","[-4, -5, -4, -4, -5]",56.100004,20.6,63295.0,"[240.0, 400.0, 224.0, 128.0]"
7,10,False,1019,211,-2,9,[1045],[233],[-1],[5],"[955, 979, 684, 1795, 724]","[955, 979, 684, 1795, 724]","[61, 322, 275, -197, -245]","[-93, -33, 25, -44, -69]","[1026, 847, 656, 1764, 889]","[655, 683, 690, 897, 574]","[3, 1, 3, -3, 0]","[-4, -5, -4, -4, -5]",56.100004,20.6,63471.0,"[160.0, 128.0, 176.0, 432.0]"
8,10,False,1002,301,0,9,[1035],[283],[-1],[5],"[965, 1038, 734, 1741, 674]","[965, 1038, 734, 1741, 674]","[53, 294, 278, -284, -219]","[-89, -45, 9, -74, -63]","[1056, 857, 686, 1734, 889]","[615, 633, 650, 857, 524]","[3, 1, 3, -3, 0]","[-4, -5, -4, -4, -5]",56.100004,20.6,63471.0,"[160.0, 128.0, 176.0, 432.0]"
9,10,False,1076,259,7,-6,[1025],[333],[-1],[5],"[965, 1088, 784, 1669, 624]","[965, 1088, 784, 1669, 624]","[29, 259, 293, -367, -208]","[-80, -61, -7, -81, -45]","[1086, 867, 716, 1704, 889]","[575, 583, 610, 817, 474]","[3, 1, 3, -3, 0]","[-4, -5, -4, -4, -5]",56.100004,20.6,63311.0,"[352.0, 320.0, 144.0, 512.0]"
10,10,False,1146,199,7,-6,[1015],[383],[-1],[5],"[965, 1134, 840, 1581, 579]","[965, 1134, 840, 1581, 579]","[15, 240, 307, -452, -196]","[-82, -58, -14, -108, -48]","[1116, 877, 746, 1674, 889, 977, 1105, 801, 1643, 671]","[535, 533, 570, 777, 424, 625, 738, 767, 910, 587]","[3, 1, 3, -3, 0, 0, 0, 0, -3, 4]","[-4, -5, -4, -4, -5, -5, -5, -5, -5, -4]",56.100004,20.6,63311.0,"[352.0, 320.0, 144.0, 512.0]"
11,10,False,1218,141,7,-6,[1005],[433],[-1],[5],"[959, 1172, 900, 1477, 539]","[959, 1172, 900, 1477, 539]","[-19, 197, 312, -523, -164]","[-77, -66, -7, -132, -45]","[1146, 887, 776, 1644, 889, 977, 1105, 801, 1613, 711]","[495, 483, 530, 737, 374, 575, 688, 717, 860, 547]","[3, 1, 3, -3, 0, 0, 0, 0, -3, 4]","[-4, -5, -4, -4, -5, -5, -5, -5, -5, -4]",56.100004,20.6,63295.0,"[96.0, 288.0, 432.0, 160.0]"
12,10,False,1298,96,9,-3,[995],[483],[-1],[5],"[949, 1202, 960, 1360, 507]","[949, 1202, 960, 1360, 507]","[-25, 151, 314, -579, -145]","[-78, -81, -20, -148, -38]","[1176, 897, 806, 1614, 889, 977, 1105, 801, 1583, 751]","[449, 433, 490, 697, 324, 525, 638, 667, 810, 507]","[3, 1, 3, -3, 0, 0, 0, 0, -3, 4]","[-5, -5, -4, -4, -5, -5, -5, -5, -5, -4]",56.100004,20.6,63295.0,"[96.0, 288.0, 432.0, 160.0]"
13,10,False,1388,76,9,-1,[985],[533],[-1],[5],"[939, 1222, 1019, 1236, 477]","[939, 1222, 1019, 1236, 477]","[-28, 105, 298, -622, -117]","[-54, -100, -29, -181, -38]","[1206, 907, 836, 1584, 893, 977, 1105, 801, 1553, 791]","[399, 383, 450, 657, 274, 475, 588, 617, 760, 467]","[3, 1, 3, -3, 1, 0, 0, 0, -3, 4]","[-5, -5, -4, -4, -5, -5, -5, -5, -5, -4]",56.100004,20.6,63327.0,"[448.0, 192.0, 336.0, 80.0]"
14,10,False,1478,72,9,0,[],[],[],[],"[1232, 1070, 1101, 454]","[1232, 1070, 1101, 454]","[60, 280, -666, -85]","[-99, -31, -183, -38]","[1236, 922, 866, 1554, 903, 986, 1105, 801, 1527, 831]","[349, 333, 410, 617, 224, 425, 538, 567, 710, 428]","[3, 2, 3, -3, 1, 1, 0, 0, -2, 4]","[-5, -5, -4, -4, -5, -5, -5, -5, -5, -3]",56.100004,20.6,63231.0,"[496.0, 688.0, 320.0, 560.0]"
15,10,False,1523,77,0,0,[],[],[],[],"[1235, 1120, 961, 439, 1546]","[1235, 1120, 961, 439, 1546]","[39, 270, -660, -25, -56]","[-96, -11, -159, -15, -21]","[1266, 942, 896, 1524, 913, 996, 1105, 807, 1507, 871, 1245, 1117, 1129, 504, 1568]","[304, 283, 370, 577, 174, 375, 488, 517, 660, 398, 635, 728, 754, 540, 967]","[3, 2, 3, -3, 1, 1, 0, 1, -2, 4, 0, 3, 3, 4, 0]","[-4, -5, -4, -4, -5, -5, -5, -5, -5, -3, -5, -4, -4, -3, -5]",56.100004,20.6,63231.0,"[496.0, 688.0, 320.0, 560.0]"
16,10,False,1540,83,8,4,[],[],[],[],"[1235, 1170, 822, 435, 1523]","[1235, 1170, 822, 435, 1523]","[6, 267, -647, 38, -119]","[-83, -17, -150, -2, -37]","[1296, 962, 926, 1494, 923, 1006, 1105, 817, 1487, 911, 1245, 1147, 1159, 544, 1568]","[264, 233, 330, 537, 124, 325, 438, 467, 610, 368, 585, 688, 714, 510, 917]","[3, 2, 3, -3, 1, 1, 0, 1, -2, 4, 0, 3, 3, 4, 0]","[-4, -5, -4, -4, -5, -5, -5, -5, -5, -3, -5, -4, -4, -3, -5]",56.100004,20.6,63375.0,"[208.0, 656.0, 128.0, 96.0]"
17,10,False,1590,158,2,9,[],[],[],[],"[1226, 1218, 692, 444, 1489]","[1226, 1218, 692, 444, 1489]","[-9, 247, -620, 91, -162]","[-53, 1, -120, 29, -55]","[1326, 982, 956, 1464, 933, 1016, 1105, 827, 1467, 951, 1245, 1177, 1189, 591, 1568]","[224, 183, 290, 497, 74, 275, 388, 417, 560, 338, 535, 648, 674, 480, 867]","[3, 2, 3, -3, 1, 1, 0, 1, -2, 4, 0, 3, 3, 5, 0]","[-4, -5, -4, -4, -5, -5, -5, -5, -5, -3, -5, -4, -4, -3, -5]",56.100004,20.6,63375.0,"[208.0, 656.0, 128.0, 96.0]"
18,10,False,1595,194,0,0,[],[],[],[],"[1216, 1258, 564, 463, 1446]","[1216, 1258, 564, 463, 1446]","[-22, 231, -589, 137, -213]","[-27, 11, -113, 63, -48]","[1356, 1002, 986, 1434, 943, 1026, 1107, 837, 1447, 991, 1245, 1207, 1219, 641, 1568]","[184, 133, 250, 457, 24, 225, 338, 367, 510, 308, 485, 608, 634, 450, 817]","[3, 2, 3, -3, 1, 1, 1, 1, -2, 4, 0, 3, 3, 5, 0]","[-4, -5, -4, -4, -5, -5, -5, -5, -5, -3, -5, -4, -4, -3, -5]",56.100004,20.6,63375.0,"[256.0, 384.0, 480.0, 160.0]"
19,10,False,1595,194,0,0,[],[],[],[],"[1206, 1298, 448, 491, 1393]","[1206, 1298, 448, 491, 1393]","[-42, 210, -529, 189, -264]","[10, 12, -93, 99, -54]","[1386, 1022, 1016, 1404, 1036, 1117, 855, 1427, 1031, 1245, 1237, 1249, 691, 1568]","[144, 83, 210, 417, 175, 288, 317, 460, 278, 435, 568, 594, 420, 767]","[3, 2, 3, -3, 1, 1, 2, -2, 4, 0, 3, 3, 5, 0]","[-4, -5, -4, -4, -5, -5, -5, -5, -3, -5, -4, -4, -3, -5]",56.100004,20.6,63375.0,"[256.0, 384.0, 480.0, 160.0]"
20,10,False,1613,239,4,9,[],[],[],[],"[1193, 1336, 343, 529, 1331]","[1193, 1336, 343, 529, 1331]","[-54, 193, -467, 237, -301]","[27, 14, -68, 121, -55]","[1416, 1042, 1046, 1374, 1046, 1127, 875, 1407, 1071, 1245, 1267, 1279, 741, 1568, 1247, 1344, 499, 556, 1399]","[104, 33, 170, 370, 125, 238, 267, 410, 248, 385, 528, 554, 390, 717, 572, 691, 614, 550, 909]","[3, 2, 3, -3, 1, 1, 2, -2, 4, 0, 3, 3, 5, 0, 3, 3, 5, 5, 0]","[-4, -5, -4, -5, -5, -5, -5, -5, -3, -5, -4, -4, -3, -5, -4, -5, -2, -2, -5]",56.100004,20.6,63375.0,"[256.0, 384.0, 480.0, 160.0]"
21,10,False,1643,311,0,0,[],[],[],[],"[1173, 1366, 254, 578, 1261]","[1173, 1366, 254, 578, 1261]","[-63, 156, -383, 290, -330]","[61, 39, -44, 140, -63]","[1446, 1076, 1344, 1066, 1137, 895, 1387, 1111, 1245, 1297, 1309, 791, 1568, 1277, 1374, 549, 606, 1399]","[64, 130, 320, 75, 188, 217, 360, 218, 335, 488, 514, 360, 667, 532, 641, 594, 530, 859]","[3, 3, -3, 2, 1, 2, -2, 4, 0, 3, 3, 5, 0, 3, 3, 5, 5, 0]","[-4, -4, -5, -5, -5, -5, -5, -3, -5, -4, -4, -3, -5, -4, -5, -2, -2, -5]",56.100004,20.6,63375.0,"[256.0, 384.0, 480.0, 160.0]"
22,10,False,1661,316,0,0,[],[],[],[],"[1153, 1388, 182, 635, 1187]","[1153, 1388, 182, 635, 1187]","[-93, 113, -299, 331, -362]","[75, 47, -5, 174, -62]","[1476, 1106, 1314, 1086, 1147, 915, 1367, 1151, 1245, 1327, 1339, 841, 1568, 1307, 1404, 599, 656, 1399]","[24, 90, 270, 25, 138, 167, 310, 188, 285, 448, 474, 330, 617, 492, 591, 574, 519, 809]","[3, 3, -3, 2, 1, 2, -2, 4, 0, 3, 3, 5, 0, 3, 3, 5, 5, 0]","[-4, -4, -5, -5, -5, -5, -5, -3, -5, -4, -4, -3, -5, -4, -5, -2, -1, -5]",56.100004,20.6,63327.0,"[416.0, 256.0, 592.0, 176.0]"
23,10,False,1713,328,8,5,[],[],[],[],"[1130, 1401, 126, 700, 1107]","[1130, 1401, 126, 700, 1107]","[-102, 70, -218, 360, -371]","[97, 63, 34, 197, -49]","[1136, 1284, 1157, 944, 1347, 1191, 1245, 1357, 1369, 891, 1568, 1337, 1434, 649, 706, 1399]","[50, 220, 88, 117, 260, 158, 235, 408, 434, 300, 567, 452, 541, 554, 509, 759]","[3, -3, 1, 3, -2, 4, 0, 3, 3, 5, 0, 3, 3, 5, 5, 0]","[-4, -5, -5, -5, -5, -3, -5, -4, -4, -3, -5, -4, -5, -2, -1, -5]",56.100004,20.6,63327.0,"[416.0, 256.0, 592.0, 176.0]"
24,10,False,1762,396,5,8,[],[],[],[],"[1100, 1404, 88, 770, 1027]","[1100, 1404, 88, 770, 1027]","[-111, 28, -116, 383, -375]","[129, 77, 51, 226, -59]","[1176, 1254, 1177, 974, 1327, 1231, 1245, 1387, 1399, 941, 1568, 1367, 1464, 699, 756, 1399]","[10, 170, 38, 76, 210, 128, 185, 368, 394, 270, 517, 412, 491, 534, 499, 709]","[4, -3, 2, 3, -2, 4, 0, 3, 3, 5, 0, 3, 3, 5, 5, 0]","[-4, -5, -5, -4, -5, -3, -5, -4, -4, -3, -5, -4, -5, -2, -1, -5]",56.100004,20.6,63215.0,"[304.0, 480.0, 176.0, 48.0]"
25,10,False,1792,444,0,0,[],[],[],[],"[1070, 1397, 66, 841, 947]","[1070, 1397, 66, 841, 947]","[-135, -39, -43, 396, -398]","[122, 66, 71, 219, -65]","[1224, 1004, 1307, 1271, 1245, 1417, 1429, 991, 1568, 1397, 1494, 749, 806, 1399, 1159, 1436, 147, 839, 1071]","[120, 36, 160, 98, 135, 328, 354, 246, 467, 372, 441, 514, 489, 659, 638, 709, 581, 689, 832]","[-3, 3, -2, 4, 0, 3, 3, 5, 0, 3, 3, 5, 5, 0, 5, 2, 5, 5, 4]","[-5, -4, -5, -3, -5, -4, -4, -2, -5, -4, -5, -2, -1, -5, -2, -5, -1, -2, -3]",56.100004,20.6,63215.0,"[304.0, 480.0, 176.0, 48.0]"
26,10,False,1792,444,0,0,[],[],[],[],"[1040, 1376, 60, 913, 857]","[1040, 1376, 60, 913, 857]","[-144, -110, 20, 386, -409]","[128, 70, 97, 202, -73]","[1196, 1287, 1321, 1247, 1449, 1459, 1041, 1574, 1432, 1524, 799, 856, 1399, 1209, 1456, 197, 889, 1111]","[70, 110, 68, 85, 288, 314, 226, 417, 332, 396, 494, 479, 609, 618, 659, 571, 669, 802]","[-2, -2, 5, 1, 4, 3, 5, 1, 4, 3, 5, 5, 0, 5, 2, 5, 5, 4]","[-5, -5, -3, -5, -4, -4, -2, -5, -4, -4, -2, -1, -5, -2, -5, -1, -2, -3]",56.100004,20.6,63359.0,"[160.0, 128.0, 256.0, 288.0]"
27,10,False,1792,444,0,0,[],[],[],[],"[1001, 1341, 67, 983, 770]","[1001, 1341, 67, 983, 770]","[-166, -169, 93, 390, -400]","[132, 63, 102, 190, -88]","[1176, 1267, 1371, 1257, 1489, 1489, 1091, 1584, 1472, 1554, 849, 906, 1399, 1259, 1476, 247, 939, 1151]","[20, 60, 38, 35, 248, 274, 206, 367, 292, 356, 474, 469, 559, 598, 609, 561, 649, 772]","[-2, -2, 5, 1, 4, 3, 5, 1, 4, 3, 5, 5, 0, 5, 2, 5, 5, 4]","[-5, -5, -3, -5, -4, -4, -2, -5, -4, -4, -2, -1, -5, -2, -5, -1, -2, -3]",56.100004,20.6,63359.0,"[160.0, 128.0, 256.0, 288.0]"
28,10,False,1703,430,-8,-4,[],[],[],[],"[961, 1297, 91, 1053, 685]","[961, 1297, 91, 1053, 685]","[-194, -214, 171, 366, -394]","[148, 64, 99, 158, -102]","[1247, 1421, 1529, 1519, 1141, 1594, 1512, 1584, 899, 956, 1399, 1309, 1496, 297, 989, 1191]","[10, 13, 208, 234, 186, 317, 252, 316, 454, 459, 509, 578, 559, 551, 629, 742]","[-2, 5, 4, 3, 5, 1, 4, 3, 5, 5, 0, 5, 2, 5, 5, 4]","[-5, -2, -4, -4, -2, -5, -4, -4, -2, -1, -5, -2, -5, -1, -2, -3]",56.100004,20.6,63375.0,"[224.0, 144.0, 288.0, 112.0]"
29,10,False,1642,389,0,0,[],[],[],[],"[919, 1243, 127, 1118, 605]","[919, 1243, 127, 1118, 605]","[-208, -257, 234, 332, -374]","[144, 57, 107, 140, -106]","[1569, 1549, 1191, 1604, 1552, 1614, 949, 1006, 1399, 1359, 1516, 347, 1039, 1231]","[168, 194, 166, 267, 212, 276, 434, 449, 459, 558, 509, 541, 609, 712]","[4, 3, 5, 1, 4, 3, 5, 5, 0, 5, 2, 5, 5, 4]","[-4, -4, -2, -5, -4, -4, -2, -1, -5, -2, -5, -1, -2, -3]",56.100004,20.6,63327.0,"[656.0, 128.0, 304.0, 304.0]"
30,10,False,1668,380,9,-2,[],[],[],[],"[869, 1183, 175, 1178, 527]","[869, 1183, 175, 1178, 527]","[-225, -291, 297, 320, -339]","[129, 54, 102, 125, -121]","[1609, 1579, 1241, 1614, 1592, 1644, 999, 1056, 1399, 1409, 1542, 397, 1089, 1271, 976, 1279, 193, 1166, 649]","[128, 154, 146, 217, 172, 236, 414, 439, 409, 538, 459, 531, 589, 682, 739, 769, 665, 823, 721]","[4, 3, 5, 1, 4, 3, 5, 5, 0, 5, 3, 5, 5, 4, 5, 3, 5, 3, 4]","[-4, -4, -2, -5, -4, -4, -2, -1, -5, -2, -5, -1, -2, -3, -2, -4, 0, -5, -3]",56.100004,20.6,63327.0,"[656.0, 128.0, 304.0, 304.0]"
31,10,False,1758,382,9,2,[],[],[],[],"[819, 1115, 238, 1232, 457]","[819, 1115, 238, 1232, 457]","[-235, -330, 365, 273, -308]","[121, 53, 114, 94, -118]","[1649, 1609, 1291, 1624, 1632, 1674, 1049, 1106, 1399, 1459, 1572, 447, 1139, 1311, 1026, 1309, 243, 1196, 689]","[88, 114, 126, 167, 132, 196, 394, 429, 359, 518, 409, 521, 569, 652, 719, 729, 665, 778, 691]","[4, 3, 5, 1, 4, 3, 5, 5, 0, 5, 3, 5, 5, 4, 5, 3, 5, 3, 4]","[-4, -4, -2, -5, -4, -4, -2, -1, -5, -2, -5, -1, -2, -3, -2, -4, 0, -4, -3]",56.100004,20.6,63375.0,"[112.0, 160.0, 288.0, 416.0]"
32,10,False,1844,421,8,5,[],[],[],[],"[769, 1038, 309, 1278, 396]","[769, 1038, 309, 1278, 396]","[-234, -371, 401, 229, -265]","[91, 23, 108, 82, -107]","[1689, 1639, 1341, 1634, 1672, 1704, 1099, 1156, 1399, 1509, 1602, 497, 1189, 1351, 1076, 1339, 293, 1226, 729]","[48, 74, 106, 117, 92, 156, 374, 419, 309, 498, 359, 511, 549, 622, 699, 689, 665, 738, 661]","[4, 3, 5, 1, 4, 3, 5, 5, 0, 5, 3, 5, 5, 4, 5, 3, 5, 3, 4]","[-4, -4, -2, -5, -4, -4, -2, -1, -5, -2, -5, -1, -2, -3, -2, -4, 0, -4, -3]",56.100004,20.6,63375.0,"[112.0, 160.0, 288.0, 416.0]"
33,10,False,1834,434,-9,3,[],[],[],[],"[719, 958, 391, 1314, 343]","[719, 958, 391, 1314, 343]","[-233, -390, 453, 181, -226]","[77, 18, 104, 64, -111]","[1729, 1671, 1391, 1644, 1712, 1734, 1149, 1206, 1399, 1559, 1632, 547, 1239, 1391, 1126, 1369, 343, 1256, 769]","[8, 34, 86, 67, 60, 116, 354, 409, 259, 478, 309, 501, 529, 592, 679, 649, 665, 698, 631]","[4, 4, 5, 1, 4, 3, 5, 5, 0, 5, 3, 5, 5, 4, 5, 3, 5, 3, 4]","[-4, -4, -2, -5, -3, -4, -2, -1, -5, -2, -5, -1, -2, -3, -2, -4, 0, -4, -3]",56.100004,20.6,63311.0,"[176.0, 96.0, 96.0, 304.0]"
34,10,False,1781,420,0,0,[],[],[],[],"[669, 873, 481, 1338, 300]","[669, 873, 481, 1338, 300]","[-216, -405, 489, 128, -167]","[55, 5, 81, 35, -103]","[1441, 1654, 1752, 1764, 1199, 1256, 1399, 1609, 1662, 597, 1289, 1431, 1176, 1399, 393, 1286, 809]","[66, 17, 30, 76, 334, 399, 209, 458, 262, 491, 509, 562, 659, 609, 665, 658, 601]","[5, 1, 4, 3, 5, 5, 0, 5, 3, 5, 5, 4, 5, 3, 5, 3, 4]","[-2, -5, -3, -4, -2, -1, -5, -2, -4, -1, -2, -3, -2, -4, 0, -4, -3]",56.100004,20.6,63311.0,"[176.0, 96.0, 96.0, 304.0]"
35,10,False,1792,405,0,0,[],[],[],[],"[626, 790, 580, 1357, 270]","[626, 790, 580, 1357, 270]","[-170, -395, 546, 95, -90]","[62, 5, 75, 26, -68]","[1491, 1794, 1249, 1306, 1405, 1659, 1692, 647, 1339, 1471, 1226, 1429, 443, 1316, 859, 726, 916, 552, 1382, 358]","[46, 36, 314, 389, 159, 438, 222, 481, 489, 532, 639, 569, 665, 618, 571, 815, 799, 745, 893, 607]","[5, 3, 5, 5, 1, 5, 3, 5, 5, 4, 5, 3, 5, 3, 5, 5, 4, 5, 3, 5]","[-2, -4, -2, -1, -5, -2, -4, -1, -2, -3, -2, -4, 0, -4, -3, -2, -3, -1, -4, 0]",56.100004,20.6,63375.0,"[256.0, 224.0, 96.0, 496.0]"
