,HP,Power up,Player x,Player y,Player speed_x,Player speed_y,Player bullet x,Player bullet y,Player bullet speed_x,Player bullet speed_y,Enemy x,Enemy y,Enemy speed_x,Enemy speed_y,Enemy bullet x,Enemy bullet y,Enemy bullet speed_x,Enemy bullet speed_y,Humidity,Temperature,Skin conductance,Relative blood volume
0,10,False,1113,507,0,0,[],[],[],[],"[673, 1725, 991, 1488, 950]","[673, 1725, 991, 1488, 950]","[173, -147, 88, 415, -152]","[34, 102, 2, 60, 245]",[],[],[],[],56.2,20.7,160.0,63535.0
1,10,False,1113,507,0,0,[],[],[],[],"[706, 1682, 1001, 1561, 920]","[706, 1682, 1001, 1561, 920]","[210, -215, 75, 372, -133]","[35, 131, 25, 47, 271]",[],[],[],[],56.2,20.7,464.0,63519.0
2,10,False,1113,507,0,0,[],[],[],[],"[746, 1627, 1011, 1622, 890]","[746, 1627, 1011, 1622, 890]","[232, -273, 75, 298, -134]","[43, 153, 54, 48, 264]",[],[],[],[],56.2,20.7,448.0,63519.0
3,10,False,1113,507,0,0,[],[],[],[],"[793, 1560, 1021, 1668, 860]","[793, 1560, 1021, 1668, 860]","[262, -344, 62, 223, -108]","[61, 182, 82, 41, 270]",[],[],[],[],56.2,20.7,448.0,63519.0
4,10,False,1113,507,0,0,[],[],[],[],"[843, 1480, 1031, 1701, 835]","[843, 1480, 1031, 1701, 835]","[267, -398, 60, 149, -93]","[76, 203, 125, 41, 261]",[],[],[],[],56.2,20.7,608.0,63455.0
5,10,False,1113,507,0,0,[],[],[],[],"[893, 1388, 1034, 1716, 814]","[893, 1388, 1034, 1716, 814]","[270, -461, 30, 71, -100]","[59, 212, 136, 11, 248]","[910, 1433, 1004, 1665, 845]","[763, 650, 614, 846, 929]","[5, -5, -4, -5, 0]","[1, -2, 3, -1, -5]",56.2,20.7,608.0,63455.0
6,10,False,1113,507,0,0,[],[],[],[],"[943, 1287, 1034, 1716, 788]","[943, 1287, 1034, 1716, 788]","[266, -502, 20, -14, -111]","[43, 197, 161, 3, 212]","[960, 1383, 964, 1615, 845]","[773, 630, 644, 836, 879]","[5, -5, -4, -5, 0]","[1, -2, 3, -1, -5]",56.2,20.7,432.0,63551.0
7,10,False,1113,507,0,0,[],[],[],[],"[993, 1177, 1034, 1698, 762]","[993, 1177, 1034, 1698, 762]","[250, -544, 4, -111, -97]","[51, 195, 179, -15, 160]","[1010, 1333, 924, 1565, 845]","[773, 610, 674, 826, 829]","[5, -5, -4, -5, 0]","[0, -2, 3, -1, -5]",56.2,20.7,432.0,63551.0
8,10,False,1113,507,0,0,[],[],[],[],"[1034, 1058, 1026, 1662, 742]","[1034, 1058, 1026, 1662, 742]","[224, -570, -21, -192, -88]","[40, 196, 174, -25, 109]","[1060, 1283, 884, 1515, 845]","[773, 590, 704, 816, 779]","[5, -5, -4, -5, 0]","[0, -2, 3, -1, -5]",56.2,20.7,176.0,63519.0
9,10,False,1113,507,0,0,[],[],[],[],"[1073, 938, 1016, 1609, 722]","[1073, 938, 1016, 1609, 722]","[196, -573, -32, -285, -75]","[27, 167, 191, -37, 71]","[1110, 1233, 844, 1465, 845]","[773, 570, 734, 806, 729]","[5, -5, -4, -5, 0]","[0, -2, 3, -1, -5]",56.2,20.7,176.0,63519.0
10,10,False,1113,507,0,0,[],[],[],[],"[1103, 818, 1002, 1539, 702]","[1103, 818, 1002, 1539, 702]","[175, -588, -53, -362, -58]","[12, 154, 191, -55, 29]","[1160, 1183, 804, 1415, 845, 1138, 968, 1007, 1565]","[773, 550, 764, 796, 679, 754, 800, 671, 808]","[5, -5, -4, -5, 0, 5, 3, -2, -5]","[0, -2, 3, -1, -5, -2, -4, -5, -2]",56.2,20.7,320.0,63551.0
11,9,False,1113,507,0,0,[],[],[],[],"[1133, 698, 982, 1454, 682]","[1133, 698, 982, 1454, 682]","[153, -570, -84, -435, -52]","[-5, 146, 181, -66, -13]","[1210, 764, 1365, 845, 1188, 998, 987, 1515]","[773, 794, 786, 629, 734, 760, 621, 788]","[5, -4, -5, 0, 5, 3, -2, -5]","[0, 3, -1, -5, -2, -4, -5, -2]",56.2,20.7,320.0,63551.0
12,9,False,1113,507,0,0,[],[],[],[],"[1154, 578, 961, 1356, 667]","[1154, 578, 961, 1356, 667]","[117, -559, -105, -496, -47]","[-5, 125, 189, -76, -59]","[1260, 724, 1315, 845, 1238, 1028, 967, 1465]","[773, 828, 776, 579, 714, 720, 571, 768]","[5, -4, -5, 0, 5, 3, -2, -5]","[0, 4, -1, -5, -2, -4, -5, -2]",56.2,20.7,320.0,63551.0
13,9,False,1113,507,0,0,[],[],[],[],"[1167, 464, 931, 1246, 657]","[1167, 464, 931, 1246, 657]","[82, -529, -121, -543, -36]","[-1, 89, 177, -78, -92]","[1310, 684, 1265, 845, 1288, 1058, 950, 1415]","[773, 868, 766, 529, 694, 680, 521, 748]","[5, -4, -5, 0, 5, 3, -1, -5]","[0, 4, -1, -5, -2, -4, -5, -2]",56.2,20.7,320.0,63551.0
14,9,False,1113,507,0,0,[],[],[],[],"[1175, 354, 901, 1128, 647]","[1175, 354, 901, 1128, 647]","[42, -509, -121, -583, -20]","[-5, 61, 150, -99, -140]","[1360, 644, 1215, 845, 1338, 1088, 940, 1365]","[773, 908, 755, 479, 672, 640, 471, 728]","[5, -4, -5, 0, 5, 3, -1, -5]","[0, 4, -2, -5, -3, -4, -5, -2]",56.2,20.7,208.0,63455.0
15,9,False,1113,507,0,0,[],[],[],[],"[1175, 254, 871, 1008, 645]","[1175, 254, 871, 1008, 645]","[20, -440, -102, -582, 30]","[-8, 46, 147, -87, -164]","[1410, 604, 1165, 845, 1388, 1118, 930, 1315, 1137, 405, 940, 1098, 708]","[773, 948, 735, 429, 642, 600, 421, 708, 745, 921, 821, 683, 1005]","[5, -4, -5, 0, 5, 3, -1, -5, -5, 5, 3, -3, 5]","[0, 4, -2, -5, -3, -4, -5, -2, 0, -2, -5, -5, -2]",56.2,20.7,208.0,63455.0
16,9,False,1113,507,0,0,[],[],[],[],"[1169, 169, 850, 888, 652]","[1169, 169, 850, 888, 652]","[-16, -362, -76, -559, 76]","[-1, 42, 137, -77, -173]","[1460, 573, 1115, 845, 1429, 1148, 920, 1265, 1087, 455, 970, 1076, 758]","[773, 988, 715, 379, 612, 560, 371, 688, 745, 901, 771, 633, 985]","[5, -3, -5, 0, 4, 3, -1, -5, -5, 5, 3, -2, 5]","[0, 4, -2, -5, -3, -4, -5, -2, 0, -2, -5, -5, -2]",56.2,20.7,128.0,63407.0
17,8,False,1113,507,0,0,[],[],[],[],"[1159, 102, 830, 773, 665]","[1159, 102, 830, 773, 665]","[-35, -276, -62, -544, 112]","[5, 35, 117, -49, -190]","[1510, 548, 1065, 845, 1469, 910, 1215, 1037, 505, 1000, 1056, 808]","[773, 1030, 695, 329, 582, 321, 668, 745, 881, 721, 583, 965]","[5, -1, -5, 0, 4, -1, -5, -5, 5, 3, -2, 5]","[0, 5, -2, -5, -3, -5, -2, 0, -2, -5, -5, -2]",56.2,20.7,528.0,63567.0
18,8,False,1113,507,0,0,[],[],[],[],"[1149, 51, 815, 663, 685]","[1149, 51, 815, 663, 685]","[-43, -184, -31, -526, 131]","[4, 20, 113, -15, -196]","[1560, 582, 1015, 847, 1509, 905, 1165, 987, 555, 1030, 1036, 858]","[773, 1044, 675, 279, 552, 271, 648, 739, 861, 671, 533, 945]","[5, 5, -5, 1, 4, 0, -5, -5, 5, 3, -2, 5]","[0, -2, -2, -5, -3, -5, -2, -1, -2, -5, -5, -2]",56.2,20.7,528.0,63567.0
19,8,False,1113,507,0,0,[],[],[],[],"[1137, 21, 806, 556, 706]","[1137, 21, 806, 556, 706]","[-46, -82, 3, -486, 149]","[36, 12, 104, 12, -186]","[1610, 623, 965, 857, 1549, 905, 1115, 937, 605, 1060, 1016, 908]","[768, 1018, 655, 229, 517, 221, 628, 729, 841, 621, 483, 925]","[5, 4, -5, 1, 4, 0, -5, -5, 5, 3, -2, 5]","[-1, -3, -2, -5, -4, -5, -2, -1, -2, -5, -5, -2]",56.2,20.7,336.0,63551.0
20,8,False,1113,507,0,0,[],[],[],[],"[1126, 12, 806, 459, 736]","[1126, 12, 806, 459, 736]","[-51, 24, 14, -438, 170]","[58, 10, 98, 26, -179]","[1660, 663, 915, 867, 1588, 905, 1065, 887, 655, 1090, 996, 958, 1168, 81, 848, 608, 731]","[758, 988, 635, 179, 477, 171, 608, 719, 821, 571, 433, 905, 671, 928, 931, 640, 775]","[5, 4, -5, 1, 3, 0, -5, -5, 5, 3, -2, 5, 2, 5, 3, 5, 1]","[-1, -3, -2, -5, -4, -5, -2, -1, -2, -5, -5, -2, -5, -2, -4, -2, -5]",56.2,20.7,336.0,63551.0
21,7,False,1113,507,0,0,[],[],[],[],"[1106, 21, 806, 373, 770]","[1106, 21, 806, 373, 770]","[-77, 114, 43, -385, 212]","[59, -6, 94, 65, -165]","[1710, 703, 865, 877, 1618, 905, 1015, 837, 705, 976, 1008, 1188, 131, 878, 658, 741]","[748, 958, 615, 129, 437, 121, 588, 709, 801, 383, 885, 621, 908, 891, 620, 725]","[5, 4, -5, 1, 3, 0, -5, -5, 5, -2, 5, 2, 5, 3, 5, 1]","[-1, -3, -2, -5, -4, -5, -2, -1, -2, -5, -2, -5, -2, -4, -2, -5]",56.2,20.7,528.0,63503.0
22,7,False,1113,507,0,0,[],[],[],[],"[1086, 48, 812, 299, 810]","[1086, 48, 812, 299, 810]","[-90, 203, 79, -305, 231]","[74, -21, 102, 76, -140]","[1760, 743, 815, 887, 1648, 905, 965, 787, 755, 956, 1058, 1208, 181, 908, 708, 759]","[733, 928, 595, 79, 395, 71, 568, 699, 781, 333, 865, 571, 888, 851, 600, 675]","[5, 4, -5, 1, 3, 0, -5, -5, 5, -2, 5, 2, 5, 3, 5, 2]","[-2, -3, -2, -5, -5, -5, -2, -1, -2, -5, -2, -5, -2, -4, -2, -5]",56.2,20.7,528.0,63503.0
23,7,False,1113,507,0,0,[],[],[],[],"[1066, 92, 822, 241, 850]","[1066, 92, 822, 241, 850]","[-98, 283, 90, -235, 242]","[78, -20, 82, 100, -115]","[1810, 783, 765, 897, 1669, 914, 915, 737, 805, 936, 1108, 1228, 231, 938, 758, 779]","[713, 893, 575, 29, 345, 21, 548, 689, 761, 283, 845, 521, 868, 811, 580, 625]","[5, 4, -5, 1, 2, 1, -5, -5, 5, -2, 5, 2, 5, 3, 5, 2]","[-2, -4, -2, -5, -5, -5, -2, -1, -2, -5, -2, -5, -2, -4, -2, -5]",56.2,20.7,352.0,63695.0
24,7,False,1122,504,0,0,[],[],[],[],"[1041, 153, 835, 196, 899]","[1041, 153, 835, 196, 899]","[-105, 371, 105, -161, 263]","[88, -17, 57, 132, -95]","[1857, 823, 715, 1683, 865, 687, 855, 916, 1158, 1248, 281, 968, 808, 799]","[687, 853, 555, 295, 528, 678, 741, 233, 825, 471, 848, 771, 560, 575]","[4, 4, -5, 1, -5, -5, 5, -2, 5, 2, 5, 3, 5, 2]","[-3, -4, -2, -5, -2, -2, -2, -5, -2, -5, -2, -4, -2, -5]",56.2,20.7,352.0,63695.0
25,7,False,1122,504,0,0,[],[],[],[],"[1011, 228, 852, 165, 949]","[1011, 228, 852, 165, 949]","[-117, 423, 100, -99, 250]","[67, -34, 11, 131, -111]","[1897, 863, 665, 1686, 815, 637, 905, 896, 1208, 1268, 331, 998, 858, 819, 1040, 222, 879, 254, 956]","[655, 813, 534, 245, 508, 658, 721, 183, 805, 421, 828, 731, 540, 525, 714, 902, 1000, 709, 614]","[4, 4, -5, 0, -5, -5, 5, -2, 5, 2, 5, 3, 5, 2, -1, 5, 3, 5, 4]","[-4, -4, -3, -5, -2, -2, -2, -5, -2, -5, -2, -4, -2, -5, -5, -1, -4, 0, -4]",56.2,20.7,288.0,63519.0
26,7,False,1122,504,0,0,[],[],[],[],"[981, 314, 863, 149, 989]","[981, 314, 863, 149, 989]","[-143, 484, 94, -27, 229]","[61, -63, -40, 130, -110]","[903, 615, 1682, 765, 587, 955, 876, 1258, 1288, 381, 1028, 908, 839, 1030, 272, 909, 304, 996]","[773, 504, 195, 488, 638, 701, 133, 779, 371, 808, 691, 520, 475, 664, 892, 960, 709, 574]","[4, -5, -1, -5, -5, 5, -2, 5, 2, 5, 3, 5, 2, -1, 5, 3, 5, 4]","[-4, -3, -5, -2, -2, -2, -5, -3, -5, -2, -4, -2, -5, -5, -1, -4, 0, -4]",56.2,20.7,288.0,63519.0
27,7,False,1152,444,4,-9,[],[],[],[],"[944, 412, 873, 145, 1029]","[944, 412, 873, 145, 1029]","[-159, 537, 79, 49, 202]","[41, -84, -88, 114, -94]","[943, 568, 1659, 715, 537, 1005, 856, 1308, 1308, 431, 1058, 958, 859, 1020, 322, 939, 354, 1036]","[733, 474, 148, 468, 618, 681, 83, 749, 321, 788, 651, 500, 425, 614, 882, 920, 709, 534]","[4, -4, -3, -5, -5, 5, -2, 5, 2, 5, 3, 5, 2, -1, 5, 3, 5, 4]","[-4, -3, -4, -2, -2, -2, -5, -3, -5, -2, -4, -2, -5, -5, -1, -4, 0, -4]",56.2,20.7,272.0,63583.0
28,7,False,1192,358,4,-8,[],[],[],[],"[904, 520, 883, 156, 1059]","[904, 520, 883, 156, 1059]","[-170, 567, 71, 103, 184]","[15, -104, -120, 97, -76]","[983, 528, 1622, 665, 487, 1055, 836, 1358, 1328, 481, 1088, 1008, 879, 1010, 372, 969, 404, 1076]","[693, 444, 113, 448, 593, 661, 33, 719, 271, 768, 611, 480, 375, 564, 872, 870, 709, 494]","[4, -4, -4, -5, -5, 5, -2, 5, 2, 5, 3, 5, 2, -1, 5, 3, 5, 4]","[-4, -3, -3, -2, -3, -2, -5, -3, -5, -2, -4, -2, -5, -5, -1, -5, 0, -4]",56.2,20.7,576.0,63439.0
29,7,False,1267,316,9,0,[],[],[],[],"[864, 630, 893, 180, 1086]","[864, 630, 893, 180, 1086]","[-183, 586, 62, 173, 140]","[0, -140, -153, 89, -57]","[1023, 488, 1575, 615, 447, 1105, 1408, 1348, 531, 1118, 1058, 899, 1000, 422, 999, 454, 1116]","[653, 414, 90, 426, 563, 641, 689, 221, 748, 571, 460, 325, 514, 862, 820, 709, 454]","[4, -4, -5, -5, -4, 5, 5, 2, 5, 3, 5, 2, -1, 5, 3, 5, 4]","[-4, -3, -2, -3, -3, -2, -3, -5, -2, -4, -2, -5, -5, -1, -5, 0, -4]",56.2,20.7,576.0,63439.0
30,7,False,1357,331,9,2,[],[],[],[],"[824, 746, 902, 215, 1106]","[824, 746, 902, 215, 1106]","[-189, 612, 50, 229, 118]","[-20, -157, -180, 74, -52]","[1063, 448, 1525, 565, 409, 1155, 1457, 1368, 581, 1148, 1108, 919, 997, 472, 1029, 504, 1156, 894, 693, 956, 245, 1130]","[613, 375, 76, 396, 526, 621, 659, 171, 728, 531, 440, 275, 464, 852, 770, 709, 414, 737, 782, 933, 785, 502]","[4, -4, -5, -5, -3, 5, 4, 2, 5, 3, 5, 2, 0, 5, 3, 5, 4, 3, 4, 5, 5, 3]","[-4, -4, -1, -3, -4, -2, -3, -5, -2, -4, -2, -5, -5, -1, -5, 0, -4, -5, -3, -2, -1, -5]",56.2,20.7,192.0,63503.0
31,7,False,1447,351,9,2,[],[],[],[],"[781, 866, 904, 262, 1119]","[781, 866, 904, 262, 1119]","[-204, 611, 36, 285, 89]","[-33, -168, -205, 63, -42]","[1103, 417, 1475, 516, 381, 1205, 1497, 1388, 631, 1178, 1158, 939, 997, 522, 1059, 554, 1196, 924, 733, 1006, 295, 1160]","[573, 335, 71, 366, 482, 601, 629, 121, 708, 491, 420, 225, 414, 842, 720, 709, 374, 687, 752, 913, 775, 452]","[4, -3, -5, -4, -2, 5, 4, 2, 5, 3, 5, 2, 0, 5, 3, 5, 4, 3, 4, 5, 5, 3]","[-4, -4, 0, -3, -5, -2, -3, -5, -2, -4, -2, -5, -5, -1, -5, 0, -4, -5, -3, -2, -1, -5]",56.2,20.7,192.0,63503.0
32,7,False,1533,388,8,5,[],[],[],[],"[731, 986, 904, 320, 1129]","[731, 986, 904, 320, 1129]","[-212, 628, 35, 333, 53]","[-35, -189, -221, 46, -48]","[1143, 393, 1425, 476, 366, 1255, 1537, 1408, 681, 1208, 1208, 966, 997, 572, 1089, 604, 1236, 954, 773, 1056, 345, 1190]","[533, 287, 71, 336, 432, 581, 599, 71, 688, 451, 400, 175, 364, 832, 680, 709, 334, 637, 722, 886, 765, 403]","[4, -2, -5, -4, -1, 5, 4, 2, 5, 3, 5, 3, 0, 5, 3, 5, 4, 3, 4, 5, 5, 3]","[-4, -5, 0, -3, -5, -2, -3, -5, -2, -4, -2, -5, -5, -1, -4, 0, -4, -5, -3, -3, -1, -4]",56.2,20.7,192.0,63503.0
33,7,False,1598,454,6,7,[],[],[],[],"[681, 1106, 904, 388, 1130]","[681, 1106, 904, 388, 1130]","[-203, 613, 32, 388, 7]","[-35, -208, -239, 35, -36]","[1183, 381, 1375, 436, 366, 1305, 1577, 1429, 731, 1238, 1258, 996, 997, 622, 1119, 654, 1276, 984, 813, 1106, 395, 1220]","[496, 237, 76, 306, 382, 561, 569, 21, 668, 411, 380, 127, 314, 822, 640, 709, 296, 587, 692, 856, 755, 363]","[4, 0, -5, -4, 0, 5, 4, 3, 5, 3, 5, 3, 0, 5, 3, 5, 4, 3, 4, 5, 5, 3]","[-3, -5, 1, -3, -5, -2, -3, -5, -2, -4, -2, -4, -5, -1, -4, 0, -3, -5, -3, -3, -1, -4]",56.2,20.7,192.0,63503.0
34,7,False,1653,529,5,8,[],[],[],[],"[639, 1221, 904, 466, 1122]","[639, 1221, 904, 466, 1122]","[-187, 590, 40, 431, -28]","[-55, -209, -253, 20, -45]","[1223, 382, 1327, 396, 382, 1355, 1617, 781, 1268, 1308, 1026, 997, 672, 1149, 704, 1316, 1014, 853, 1156, 445, 1250]","[466, 187, 96, 276, 332, 541, 539, 648, 371, 362, 87, 264, 812, 600, 709, 266, 547, 662, 826, 745, 323]","[4, 1, -4, -4, 2, 5, 4, 5, 3, 5, 3, 0, 5, 3, 5, 4, 3, 4, 5, 5, 3]","[-3, -5, 3, -3, -5, -2, -3, -2, -4, -1, -4, -5, -1, -4, 0, -3, -4, -3, -3, -1, -4]",56.9,20.800002,256.0,63519.0
35,7,False,1688,540,2,9,[],[],[],[],"[600, 1331, 904, 554, 1112]","[600, 1331, 904, 554, 1112]","[-144, 580, 47, 472, -33]","[-50, -179, -241, 33, -21]","[1263, 400, 1291, 356, 416, 1405, 1657, 831, 1298, 1358, 1056, 997, 722, 1179, 754, 1356, 1044, 893, 1206, 495, 1280, 697, 1294, 966, 536, 1173]","[436, 138, 132, 239, 291, 521, 509, 628, 331, 352, 47, 214, 802, 560, 709, 236, 507, 632, 796, 735, 283, 717, 602, 696, 823, 522]","[4, 3, -3, -4, 4, 5, 4, 5, 3, 5, 3, 0, 5, 3, 5, 4, 3, 4, 5, 5, 3, 5, 5, 5, 5, 4]","[-3, -4, 4, -4, -4, -2, -3, -2, -4, -1, -4, -5, -1, -4, 0, -3, -4, -3, -3, -1, -4, -2, 0, -2, 0, -3]",56.9,20.800002,256.0,63519.0
36,7,False,1698,540,1,9,[],[],[],[],"[570, 1441, 914, 648, 1101]","[570, 1441, 914, 648, 1101]","[-111, 557, 56, 513, -51]","[-32, -153, -212, 23, 30]","[1305, 436, 1272, 318, 459, 1455, 1697, 881, 1328, 1408, 1088, 1004, 772, 1209, 804, 1396, 1074, 933, 1256, 545, 1316, 747, 1344, 1016, 586, 1213]","[406, 101, 181, 199, 262, 501, 479, 608, 291, 342, 7, 164, 792, 520, 709, 206, 467, 602, 766, 725, 243, 697, 602, 676, 823, 492]","[5, 4, -1, -3, 5, 5, 4, 5, 3, 5, 4, 1, 5, 3, 5, 4, 3, 4, 5, 5, 4, 5, 5, 5, 5, 4]","[-3, -3, 5, -4, -2, -2, -3, -2, -4, -1, -4, -5, -1, -4, 0, -3, -4, -3, -3, -1, -4, -2, 0, -2, 0, -3]",56.9,20.800002,304.0,63487.0
37,7,False,1700,540,0,9,[],[],[],[],"[547, 1543, 924, 748, 1088]","[547, 1543, 924, 748, 1088]","[-61, 514, 55, 541, -57]","[-10, -116, -190, 10, 48]","[1355, 483, 1269, 288, 509, 1505, 1737, 931, 1358, 1458, 1014, 822, 1239, 854, 1446, 1104, 973, 1306, 595, 1356, 797, 1394, 1066, 636, 1253]","[378, 76, 231, 159, 242, 481, 449, 588, 251, 332, 114, 782, 480, 709, 176, 427, 572, 736, 715, 203, 677, 602, 656, 823, 462]","[5, 5, 0, -3, 5, 5, 4, 5, 3, 5, 1, 5, 3, 5, 5, 3, 4, 5, 5, 4, 5, 5, 5, 5, 4]","[-2, -2, 5, -4, -2, -2, -3, -2, -4, -1, -5, -1, -4, 0, -3, -4, -3, -3, -1, -4, -2, 0, -2, 0, -3]",56.9,20.800002,304.0,63487.0
38,7,False,1700,540,0,9,[],[],[],[],"[535, 1635, 934, 857, 1068]","[535, 1635, 934, 857, 1068]","[-6, 460, 71, 559, -60]","[13, -81, -147, 5, 80]","[1405, 533, 1271, 262, 559, 1555, 1777, 981, 1388, 1508, 1031, 872, 1269, 904, 1496, 1134, 1013, 1356, 645, 1396, 847, 1444, 1116, 686, 1293]","[358, 62, 281, 111, 230, 461, 419, 568, 211, 322, 64, 772, 440, 709, 156, 387, 542, 706, 705, 170, 657, 602, 636, 823, 432]","[5, 5, 1, -2, 5, 5, 4, 5, 3, 5, 2, 5, 3, 5, 5, 3, 4, 5, 5, 4, 5, 5, 5, 5, 4]","[-2, -1, 5, -5, -1, -2, -3, -2, -4, -1, -5, -1, -4, 0, -2, -4, -3, -3, -1, -3, -2, 0, -2, 0, -3]",56.9,20.800002,384.0,63503.0
39,7,False,1695,540,-1,9,[],[],[],[],"[538, 1716, 944, 967, 1048]","[538, 1716, 944, 967, 1048]","[60, 402, 82, 565, -66]","[47, -53, -122, 12, 113]","[1455, 583, 1281, 246, 609, 1605, 1817, 1031, 1418, 1558, 1051, 922, 1307, 954, 1546, 1172, 1061, 1406, 695, 1436, 897, 1494, 1166, 736, 1333]","[338, 55, 331, 61, 220, 441, 389, 548, 171, 312, 14, 762, 400, 709, 136, 347, 512, 676, 695, 140, 637, 602, 616, 823, 402]","[5, 5, 1, -1, 5, 5, 4, 5, 3, 5, 2, 5, 4, 5, 5, 4, 5, 5, 5, 4, 5, 5, 5, 5, 4]","[-2, 0, 5, -5, -1, -2, -3, -2, -4, -1, -5, -1, -4, 0, -2, -4, -3, -3, -1, -3, -2, 0, -2, 0, -3]",56.9,20.800002,384.0,63503.0
40,6,False,1680,540,-2,9,[],[],[],[],"[550, 1783, 954, 1077, 1028]","[550, 1783, 954, 1077, 1028]","[107, 322, 85, 560, -66]","[60, -3, -85, 22, 134]","[1505, 633, 1301, 243, 659, 1655, 1857, 1081, 1453, 1608, 972, 1347, 1004, 1596, 1212, 1111, 1456, 745, 1476, 947, 1544, 1216, 786, 1373, 601, 1007, 1040, 1108]","[318, 55, 381, 11, 218, 421, 359, 528, 131, 302, 752, 360, 709, 116, 307, 482, 647, 685, 110, 617, 602, 596, 823, 372, 686, 572, 812, 566]","[5, 5, 2, 0, 5, 5, 4, 5, 4, 5, 5, 4, 5, 5, 4, 5, 5, 5, 4, 5, 5, 5, 5, 4, 5, 5, 5, 5]","[-2, 0, 5, -5, 0, -2, -3, -2, -4, -1, -1, -4, 0, -2, -4, -3, -2, -1, -3, -2, 0, -2, 0, -3, -1, 2, -1, -1]",56.9,20.800002,192.0,63135.0
41,6,False,1648,540,-5,8,[],[],[],[],"[571, 1834, 964, 1182, 1008]","[571, 1834, 964, 1182, 1008]","[150, 236, 95, 544, -63]","[85, 35, -42, 28, 154]","[1555, 683, 1323, 709, 1705, 1897, 1131, 1493, 1658, 1022, 1387, 1054, 1646, 1252, 1161, 1506, 795, 1526, 997, 1594, 1266, 836, 1420, 651, 1057, 1090, 1158]","[299, 55, 431, 218, 401, 329, 508, 91, 292, 742, 320, 709, 101, 267, 452, 627, 675, 81, 597, 602, 576, 823, 342, 676, 592, 802, 556]","[5, 5, 3, 5, 5, 4, 5, 4, 5, 5, 4, 5, 5, 4, 5, 5, 5, 5, 5, 5, 5, 5, 5, 5, 5, 5, 5]","[-1, 0, 5, 0, -2, -3, -2, -4, -1, -1, -4, 0, -1, -4, -3, -2, -1, -2, -2, 0, -2, 0, -3, -1, 2, -1, -1]",56.9,20.800002,192.0,63135.0
42,6,False,1590,540,-7,7,[],[],[],[],"[601, 1867, 980, 1282, 988]","[601, 1867, 980, 1282, 988]","[192, 147, 101, 515, -55]","[115, 59, 5, 21, 179]","[1605, 733, 1353, 759, 1755, 1181, 1533, 1708, 1072, 1427, 1104, 1696, 1292, 1211, 1556, 845, 1576, 1047, 1644, 1316, 886, 1470, 701, 1107, 1140, 1208]","[289, 55, 474, 218, 381, 488, 51, 282, 732, 280, 709, 91, 227, 422, 607, 665, 61, 587, 602, 556, 823, 312, 666, 612, 792, 546]","[5, 5, 3, 5, 5, 5, 4, 5, 5, 4, 5, 5, 4, 5, 5, 5, 5, 5, 5, 5, 5, 5, 5, 5, 5, 5]","[-1, 0, 4, 0, -2, -2, -4, -1, -1, -4, 0, -1, -4, -3, -2, -1, -2, -1, 0, -2, 0, -3, -1, 2, -1, -1]",56.9,20.800002,112.0,63439.0
43,6,False,1519,540,-8,5,[],[],[],[],"[640, 1870, 993, 1376, 971]","[640, 1870, 993, 1376, 971]","[231, 44, 88, 493, -55]","[142, 97, 47, 46, 208]","[1655, 783, 1383, 809, 1805, 1231, 1573, 1758, 1122, 1467, 1154, 1746, 1332, 1261, 1606, 895, 1626, 1097, 1694, 1366, 936, 1520, 751, 1157, 1190, 1258]","[279, 55, 514, 218, 361, 468, 11, 272, 722, 242, 709, 81, 196, 397, 582, 655, 41, 577, 602, 536, 823, 282, 656, 632, 782, 536]","[5, 5, 3, 5, 5, 5, 4, 5, 5, 4, 5, 5, 4, 5, 5, 5, 5, 5, 5, 5, 5, 5, 5, 5, 5, 5]","[-1, 0, 4, 0, -2, -2, -4, -1, -1, -3, 0, -1, -3, -2, -3, -1, -2, -1, 0, -2, 0, -3, -1, 2, -1, -1]",56.9,20.800002,432.0,63471.0
44,4,False,1435,540,-9,3,[],[],[],[],"[688, 1864, 1003, 1465, 952]","[688, 1864, 1003, 1465, 952]","[275, -42, 78, 448, -51]","[158, 133, 84, 47, 226]","[1705, 833, 859, 1855, 1281, 1808, 1172, 1507, 1204, 1796, 1372, 1311, 1656, 945, 1676, 1147, 1744, 986, 1570, 801, 1207, 1240, 1308]","[269, 55, 218, 341, 448, 262, 712, 212, 709, 76, 166, 377, 552, 645, 21, 567, 602, 823, 259, 646, 652, 772, 526]","[5, 5, 5, 5, 5, 5, 5, 4, 5, 5, 4, 5, 5, 5, 5, 5, 5, 5, 5, 5, 5, 5, 5]","[-1, 0, 0, -2, -2, -1, -1, -3, 0, 0, -3, -2, -3, -1, -2, -1, 0, 0, -2, -1, 2, -1, -1]",56.9,20.800002,432.0,63471.0
45,3,False,1346,533,-8,-4,[],[],[],[],"[738, 1839, 1012, 1542, 934]","[738, 1839, 1012, 1542, 934]","[281, -155, 48, 388, -63]","[145, 142, 89, 29, 220]","[1755, 883, 909, 1905, 1331, 1858, 1222, 1547, 1254, 1846, 1412, 1361, 1706, 995, 1726, 1197, 1794, 1036, 1620, 851, 1257, 1290, 755, 1835, 1066, 1485, 1003]","[259, 62, 218, 321, 428, 252, 702, 182, 709, 76, 136, 357, 522, 635, 11, 557, 602, 823, 239, 636, 672, 762, 753, 548, 563, 778, 693]","[5, 5, 5, 5, 5, 5, 5, 4, 5, 5, 4, 5, 5, 5, 5, 5, 5, 5, 5, 5, 5, 5, 5, -4, 5, 0, 4]","[-1, 1, 0, -2, -2, -1, -1, -3, 0, 0, -3, -2, -3, -1, -1, -1, 0, 0, -2, -1, 2, -1, -2, -4, 0, -5, -3]",56.9,20.800002,464.0,63647.0
46,3,False,1290,459,-5,-8,[],[],[],[],"[788, 1794, 1012, 1606, 914]","[788, 1794, 1012, 1606, 914]","[288, -243, 14, 301, -66]","[133, 150, 110, 11, 199]","[1805, 933, 959, 1381, 1908, 1272, 1587, 1304, 1896, 1452, 1411, 1756, 1045, 1776, 1247, 1844, 1086, 1670, 901, 1307, 1340, 805, 1795, 1116, 1485, 1043]","[257, 72, 218, 408, 242, 692, 152, 709, 76, 106, 337, 492, 625, 1, 547, 602, 823, 219, 626, 692, 752, 733, 518, 563, 728, 663]","[5, 5, 5, 5, 5, 5, 4, 5, 5, 4, 5, 5, 5, 5, 5, 5, 5, 5, 5, 5, 5, 5, -4, 5, 0, 4]","[0, 1, 0, -2, -1, -1, -3, 0, 0, -3, -2, -3, -1, -1, -1, 0, 0, -2, -1, 2, -1, -2, -3, 0, -5, -3]",56.9,20.800002,464.0,63647.0
47,3,False,1233,386,-6,-7,[],[],[],[],"[838, 1729, 1012, 1651, 894]","[838, 1729, 1012, 1651, 894]","[269, -341, 7, 202, -82]","[125, 153, 109, -9, 202]","[1855, 983, 1009, 1431, 1322, 1627, 1354, 1492, 1461, 1806, 1095, 1297, 1894, 1136, 1720, 951, 1357, 1390, 855, 1755, 1166, 1477, 1083]","[257, 82, 218, 388, 682, 122, 709, 76, 317, 462, 615, 537, 602, 823, 199, 616, 712, 735, 713, 488, 563, 678, 633]","[5, 5, 5, 5, 5, 4, 5, 4, 5, 5, 5, 5, 5, 5, 5, 5, 5, 5, 5, -4, 5, -1, 4]","[0, 1, 0, -2, -1, -3, 0, -3, -2, -3, -1, -1, 0, 0, -2, -1, 2, -2, -2, -3, 0, -5, -3]",56.9,20.800002,432.0,63423.0
48,3,False,1201,341,-4,-8,[],[],[],[],"[888, 1645, 1005, 1675, 874]","[888, 1645, 1005, 1675, 874]","[264, -442, -14, 92, -87]","[135, 157, 114, -26, 181]","[1905, 1033, 1059, 1481, 1372, 1667, 1404, 1532, 1511, 1856, 1145, 1347, 1186, 1770, 1001, 1407, 1440, 905, 1715, 1216, 1467, 1123]","[257, 92, 218, 368, 672, 92, 709, 46, 297, 432, 605, 527, 823, 179, 606, 732, 715, 693, 458, 563, 628, 603]","[5, 5, 5, 5, 5, 4, 5, 4, 5, 5, 5, 5, 5, 5, 5, 5, 5, 5, -4, 5, -1, 4]","[0, 1, 0, -2, -1, -3, 0, -3, -2, -3, -1, -1, 0, -2, -1, 2, -2, -2, -3, 0, -5, -3]",56.9,20.800002,432.0,63423.0
49,3,False,1150,277,-8,-5,[],[],[],[],"[936, 1541, 993, 1680, 854]","[936, 1541, 993, 1680, 854]","[245, -522, -58, 7, -89]","[113, 141, 118, -29, 160]","[1083, 1109, 1531, 1422, 1707, 1454, 1572, 1561, 1899, 1195, 1397, 1236, 1820, 1051, 1457, 1490, 955, 1675, 1266, 1457, 1163]","[102, 218, 348, 656, 62, 709, 16, 277, 402, 595, 512, 823, 159, 596, 752, 695, 673, 428, 563, 578, 573]","[5, 5, 5, 5, 4, 5, 4, 5, 4, 5, 5, 5, 5, 5, 5, 5, 5, -4, 5, -1, 4]","[1, 0, -2, -2, -3, 0, -3, -2, -3, -1, -2, 0, -2, -1, 2, -2, -2, -3, 0, -5, -3]",56.9,20.800002,288.0,63503.0
50,3,True,1060,272,-9,1,[],[],[],[],"[976, 1424, 973, 1666, 834]","[976, 1424, 973, 1666, 834]","[227, -593, -88, -96, -87]","[114, 130, 116, -43, 133]","[1133, 1159, 1581, 1472, 1747, 1504, 1611, 1245, 1447, 1286, 1870, 1101, 1507, 1540, 1005, 1635, 1316, 1447, 1203, 993, 1502, 1003, 1642, 874]","[112, 218, 328, 636, 32, 709, 257, 585, 492, 823, 131, 586, 765, 675, 653, 398, 563, 528, 543, 846, 693, 599, 779, 849]","[5, 5, 5, 5, 4, 5, 5, 5, 5, 5, 5, 5, 5, 5, 5, -4, 5, -1, 4, 4, -4, 0, -5, 1]","[1, 0, -2, -2, -3, 0, -2, -1, -2, 0, -3, -1, 1, -2, -2, -3, 0, -5, -3, -3, -3, -5, -2, -5]",56.9,20.800002,288.0,63503.0
51,5,False,970,287,-9,2,[],[],[],[],"[1016, 1295, 950, 1634, 814]","[1016, 1295, 950, 1634, 814]","[205, -644, -103, -160, -92]","[89, 118, 129, -43, 116]","[1188, 1214, 1636, 1527, 1559, 1661, 1300, 1502, 1341, 1920, 1156, 1562, 1590, 1055, 1590, 1371, 1437, 1243, 1038, 1462, 1003, 1592, 884]","[127, 218, 308, 616, 709, 232, 575, 472, 819, 101, 571, 777, 655, 633, 368, 563, 473, 508, 816, 658, 544, 759, 794]","[6, 6, 6, 6, 6, 5, 6, 6, 6, 5, 6, 6, 5, 5, -5, 6, -1, 4, 5, -4, 0, -5, 1]","[2, 0, -2, -2, 0, -3, -1, -2, -1, -3, -2, 1, -2, -2, -3, 0, -6, -4, -3, -4, -6, -2, -6]",56.9,20.800002,256.0,63455.0
52,5,False,880,305,-9,2,[],[],[],[],"[1046, 1156, 920, 1588, 794]","[1046, 1156, 920, 1588, 794]","[176, -701, -116, -250, -82]","[74, 119, 121, -67, 100]","[1246, 1274, 1688, 1579, 1619, 1711, 1360, 1557, 1401, 1216, 1622, 1640, 1105, 1540, 1431, 1427, 1283, 1088, 1422, 1003, 1542, 894]","[147, 225, 288, 596, 703, 202, 565, 452, 809, 551, 787, 631, 608, 338, 563, 413, 468, 783, 618, 484, 739, 734]","[5, 6, 5, 5, 6, 5, 6, 5, 6, 6, 6, 5, 5, -5, 6, -1, 4, 5, -4, 0, -5, 1]","[2, 1, -2, -2, -1, -3, -1, -2, -1, -2, 1, -3, -3, -3, 0, -6, -4, -4, -4, -6, -2, -6]",56.9,20.800002,256.0,63455.0
53,5,False,853,311,0,0,[],[],[],[],"[1076, 1006, 890, 1524, 774]","[1076, 1006, 890, 1524, 774]","[157, -725, -141, -330, -70]","[37, 112, 126, -82, 56]","[1296, 1334, 1738, 1629, 1679, 1761, 1420, 1607, 1461, 1276, 1682, 1690, 1155, 1490, 1491, 1412, 1323, 1131, 1382, 1003, 1492, 904]","[167, 235, 268, 576, 693, 172, 555, 432, 799, 531, 797, 601, 578, 308, 561, 353, 428, 743, 578, 424, 719, 674]","[5, 6, 5, 5, 6, 5, 6, 5, 6, 6, 6, 5, 5, -5, 6, -2, 4, 4, -4, 0, -5, 1]","[2, 1, -2, -2, -1, -3, -1, -2, -1, -2, 1, -3, -3, -3, -1, -6, -4, -4, -4, -6, -2, -6]",56.9,20.800002,256.0,63455.0
54,5,False,844,312,-9,1,[],[],[],[],"[1098, 856, 860, 1448, 754]","[1098, 856, 860, 1448, 754]","[122, -729, -135, -381, -66]","[9, 91, 106, -88, 33]","[1346, 1394, 1788, 1679, 1739, 1810, 1480, 1657, 1521, 1336, 1742, 1740, 1205, 1440, 1551, 1392, 1363, 1171, 1337, 1003, 1442, 914, 1051, 973, 875, 1489, 774]","[196, 245, 248, 549, 683, 137, 538, 410, 789, 511, 807, 571, 548, 288, 551, 294, 388, 703, 538, 364, 699, 614, 885, 753, 679, 700, 910]","[5, 6, 5, 5, 6, 4, 6, 5, 6, 6, 6, 5, 5, -5, 6, -2, 4, 4, -5, 0, -5, 1, -4, -3, -2, -4, -1]","[3, 1, -2, -3, -1, -4, -2, -3, -1, -2, 1, -3, -3, -2, -1, -5, -4, -4, -4, -6, -2, -6, -4, -5, -5, -4, -6]",56.9,20.800002,256.0,63455.0
55,5,False,808,313,0,0,[],[],[],[],"[1118, 706, 830, 1362, 738]","[1118, 706, 830, 1362, 738]","[107, -712, -116, -417, -39]","[5, 111, 117, -63, 22]","[1396, 1454, 1838, 1729, 1799, 1850, 1540, 1707, 1581, 1389, 1802, 1783, 1255, 1390, 1611, 1372, 1401, 1211, 1287, 1003, 1392, 924, 1011, 943, 855, 1449, 764]","[228, 261, 225, 519, 666, 97, 518, 380, 779, 491, 810, 531, 518, 268, 537, 244, 342, 663, 498, 304, 679, 554, 845, 703, 629, 660, 850]","[5, 6, 5, 5, 6, 4, 6, 5, 6, 5, 6, 4, 5, -5, 6, -2, 3, 4, -5, 0, -5, 1, -4, -3, -2, -4, -1]","[4, 2, -3, -3, -2, -4, -2, -3, -1, -2, 0, -4, -3, -2, -2, -5, -5, -4, -4, -6, -2, -6, -4, -5, -5, -4, -6]",57.2,20.7,256.0,63551.0
