,HP,Power up,Player x,Player y,Player speed_x,Player speed_y,Player bullet x,Player bullet y,Player bullet speed_x,Player bullet speed_y,Enemy x,Enemy y,Enemy speed_x,Enemy speed_y,Enemy bullet x,Enemy bullet y,Enemy bullet speed_x,Enemy bullet speed_y,Humidity,Temperature,Skin conductance,Relative blood volume
0,10,False,1563,195,0,0,[],[],[],[],"[939, 742, 141, 1346, 1094]","[939, 742, 141, 1346, 1094]","[-102, 201, -58, 286, 316]","[-112, -61, 43, 193, -56]",[],[],[],[],56.100004,20.7,65535.0,63263.0
1,10,False,1563,195,0,0,[],[],[],[],"[919, 782, 135, 1394, 1154]","[919, 782, 135, 1394, 1154]","[-91, 218, 33, 240, 305]","[-100, -57, 53, 183, -25]",[],[],[],[],56.100004,20.7,65535.0,63263.0
2,10,False,1563,195,0,0,[],[],[],[],"[899, 822, 146, 1434, 1208]","[899, 822, 146, 1434, 1208]","[-84, 247, 124, 207, 288]","[-86, -69, 77, 164, 11]",[],[],[],[],56.100004,20.7,432.0,63375.0
3,10,False,1563,195,0,0,[],[],[],[],"[879, 872, 176, 1468, 1258]","[879, 872, 176, 1468, 1258]","[-81, 260, 210, 175, 262]","[-88, -64, 94, 149, 50]",[],[],[],[],56.100004,20.7,432.0,63375.0
4,10,False,1500,196,-9,0,[],[],[],[],"[859, 922, 222, 1492, 1302]","[859, 922, 222, 1492, 1302]","[-86, 278, 284, 117, 230]","[-69, -46, 128, 133, 91]",[],[],[],[],56.100004,20.7,65535.0,63503.0
5,10,False,1413,223,-8,5,[],[],[],[],"[837, 972, 280, 1503, 1337]","[837, 972, 280, 1503, 1337]","[-103, 263, 325, 47, 170]","[-68, -62, 131, 92, 100]","[909, 959, 289, 1506, 1368]","[666, 773, 663, 946, 554]","[4, 2, 5, 0, 5]","[-4, -5, -1, -5, -1]",56.100004,20.7,65535.0,63631.0
6,10,False,1333,273,-8,5,[1390],[283],[-4],[3],"[808, 1018, 345, 1500, 1360]","[808, 1018, 345, 1500, 1360]","[-112, 238, 373, -8, 129]","[-74, -79, 123, 75, 104]","[949, 979, 339, 1506, 1418]","[626, 723, 653, 896, 544]","[4, 2, 5, 0, 5]","[-4, -5, -1, -5, -1]",56.100004,20.7,65535.0,63631.0
7,10,False,1248,305,-9,0,[1350],[313],[-4],[3],"[778, 1058, 420, 1486, 1375]","[778, 1058, 420, 1486, 1375]","[-119, 232, 411, -75, 78]","[-84, -83, 123, 44, 132]","[989, 999, 389, 1506, 1468]","[586, 673, 643, 846, 534]","[4, 2, 5, 0, 5]","[-4, -5, -1, -5, -1]",56.100004,20.7,65535.0,63503.0
8,10,False,1176,256,-5,-8,[1310],[343],[-4],[3],"[748, 1095, 500, 1458, 1378]","[748, 1095, 500, 1458, 1378]","[-117, 193, 445, -152, 13]","[-89, -91, 117, 5, 118]","[1029, 1019, 439, 1506, 1518]","[546, 623, 633, 796, 520]","[4, 2, 5, 0, 5]","[-4, -5, -1, -5, -2]",56.100004,20.7,65535.0,63503.0
9,10,False,1136,176,-4,-8,[1270],[373],[-4],[3],"[718, 1125, 590, 1416, 1369]","[718, 1125, 590, 1416, 1369]","[-116, 170, 467, -211, -59]","[-83, -104, 119, -38, 95]","[1069, 1039, 489, 1506, 1568]","[506, 573, 623, 746, 500]","[4, 2, 5, 0, 5]","[-4, -5, -1, -5, -2]",56.100004,20.7,65535.0,63407.0
10,10,False,1062,125,-9,-2,[1230],[403],[-4],[3],"[688, 1148, 680, 1362, 1345]","[688, 1148, 680, 1362, 1345]","[-112, 121, 485, -265, -109]","[-79, -106, 113, -66, 91]","[1109, 1059, 539, 1506, 1618, 737, 1170, 641, 1423, 1379]","[466, 523, 613, 696, 480, 556, 667, 732, 969, 606]","[4, 2, 5, 0, 5, 1, 3, 3, 0, 0]","[-4, -5, -1, -5, -2, -5, -5, -4, -5, -5]",56.100004,20.7,65535.0,63407.0
11,10,False,972,114,-9,-1,[1190],[433],[-4],[3],"[658, 1166, 770, 1300, 1314]","[658, 1166, 770, 1300, 1314]","[-115, 90, 487, -314, -155]","[-64, -100, 108, -101, 83]","[1149, 1079, 589, 1506, 1668, 747, 1190, 671, 1423, 1379]","[426, 473, 599, 646, 460, 506, 617, 692, 919, 556]","[4, 2, 5, 0, 5, 1, 2, 3, 0, 0]","[-4, -5, -2, -5, -2, -5, -5, -4, -5, -5]",56.100004,20.7,65535.0,63471.0
12,10,False,882,104,-9,-1,[1150],[463],[-4],[3],"[632, 1174, 860, 1227, 1272]","[632, 1174, 860, 1227, 1272]","[-85, 45, 498, -366, -208]","[-56, -103, 90, -139, 88]","[1180, 1099, 639, 1506, 1715, 757, 1210, 701, 1423, 1379]","[386, 423, 579, 596, 431, 456, 567, 647, 869, 506]","[3, 2, 5, 0, 4, 1, 2, 3, 0, 0]","[-4, -5, -2, -5, -3, -5, -5, -5, -5, -5]",56.100004,20.7,65535.0,63471.0
13,10,False,792,94,-9,-1,[1110],[493],[-4],[3],"[612, 1173, 950, 1144, 1222]","[612, 1173, 950, 1144, 1222]","[-76, -2, 496, -407, -245]","[-40, -112, 69, -175, 90]","[1210, 1119, 689, 1506, 1755, 767, 1230, 731, 1423, 1379]","[346, 373, 559, 546, 401, 406, 517, 597, 819, 456]","[3, 2, 5, 0, 4, 1, 2, 3, 0, 0]","[-4, -5, -2, -5, -3, -5, -5, -5, -5, -5]",56.100004,20.7,65535.0,63471.0
14,10,False,720,89,0,0,[1070],[523],[-4],[3],"[593, 1163, 1040, 1054, 1162]","[593, 1163, 1040, 1054, 1162]","[-50, -38, 478, -439, -294]","[-38, -88, 40, -210, 95]","[1240, 1139, 739, 1506, 1794, 777, 1250, 761, 1419, 1378]","[306, 323, 539, 496, 363, 356, 467, 547, 769, 406]","[3, 2, 5, 0, 3, 1, 2, 3, -1, -1]","[-4, -5, -2, -5, -4, -5, -5, -5, -5, -5]",56.100004,20.7,65535.0,63471.0
15,10,False,639,89,-9,0,[1030],[553],[-4],[3],"[583, 1151, 1130, 964, 1093]","[583, 1151, 1130, 964, 1093]","[-12, -48, 478, -433, -312]","[-4, -62, 33, -217, 119]","[1270, 1159, 789, 1506, 1824, 787, 1270, 791, 1409, 1368, 604, 1134, 1061, 1037, 1158]","[266, 273, 519, 446, 321, 306, 417, 497, 719, 356, 502, 536, 794, 816, 657]","[3, 2, 5, 0, 3, 1, 2, 3, -1, -1, 0, -4, 0, -2, -1]","[-4, -5, -2, -5, -5, -5, -5, -5, -5, -5, -5, -4, -5, -5, -5]",56.100004,20.7,65535.0,63407.0
16,10,False,549,89,-9,0,[990],[583],[-4],[3],"[579, 1131, 1220, 874, 1023]","[579, 1131, 1220, 874, 1023]","[26, -79, 456, -418, -326]","[19, -28, 47, -208, 126]","[1300, 1179, 839, 1506, 1843, 797, 1282, 821, 1399, 1358, 604, 1094, 1061, 1017, 1148]","[226, 223, 499, 396, 271, 256, 367, 447, 669, 306, 452, 496, 744, 766, 607]","[3, 2, 5, 0, 1, 1, 1, 3, -1, -1, 0, -4, 0, -2, -1]","[-4, -5, -2, -5, -5, -5, -5, -5, -5, -5, -5, -4, -5, -5, -5]",56.100004,20.7,65535.0,63407.0
17,10,False,459,89,-9,0,[950],[613],[-4],[3],"[583, 1111, 1302, 784, 953]","[583, 1111, 1302, 784, 953]","[62, -100, 418, -404, -323]","[65, -1, 53, -191, 149]","[1330, 1199, 889, 1506, 1848, 807, 1292, 849, 1389, 1348, 604, 1054, 1061, 997, 1138]","[186, 173, 479, 346, 221, 206, 317, 397, 619, 256, 402, 456, 694, 716, 557]","[3, 2, 5, 0, 0, 1, 1, 2, -1, -1, 0, -4, 0, -2, -1]","[-4, -5, -2, -5, -5, -5, -5, -5, -5, -5, -5, -4, -5, -5, -5]",56.100004,20.7,65535.0,63663.0
