,HP,Power up,Player x,Player y,Player speed_x,Player speed_y,Player bullet x,Player bullet y,Player bullet speed_x,Player bullet speed_y,Enemy x,Enemy y,Enemy speed_x,Enemy speed_y,Enemy bullet x,Enemy bullet y,Enemy bullet speed_x,Enemy bullet speed_y,Humidity,Temperature,Skin conductance,Relative_blood_volume
0,10,False,1079,13,9,1,[],[],[],[],"[916, 558, 865, 800, 831]","[916, 558, 865, 800, 831]","[12, 172, -257, 52, 414]","[63, 62, -143, -97, 17]",[],[],[],[],56.2,20.800002,65535.0,63471.0
1,10,False,1169,29,9,2,[],[],[],[],"[916, 591, 813, 810, 911]","[916, 591, 813, 810, 911]","[24, 211, -238, 91, 420]","[107, 74, -124, -95, 29]",[],[],[],[],56.2,20.800002,65535.0,63471.0
2,10,False,1253,70,8,5,[],[],[],[],"[916, 635, 763, 825, 991]","[916, 635, 763, 825, 991]","[27, 260, -231, 104, 425]","[128, 78, -99, -88, 31]",[],[],[],[],56.2,20.800002,65535.0,63471.0
3,10,False,1324,130,7,7,[],[],[],[],"[916, 685, 715, 845, 1071]","[916, 685, 715, 845, 1071]","[40, 298, -195, 145, 419]","[155, 75, -62, -79, 31]",[],[],[],[],56.2,20.800002,65535.0,63471.0
4,10,False,1312,210,-6,7,[],[],[],[],"[923, 745, 675, 869, 1151]","[923, 745, 675, 869, 1151]","[55, 323, -173, 155, 402]","[169, 71, -42, -75, 51]",[],[],[],[],56.2,20.800002,65535.0,63471.0
5,10,False,1252,280,-6,7,[1289],[285],[-4],[4],"[933, 805, 636, 892, 1222]","[933, 805, 636, 892, 1222]","[59, 327, -150, 139, 378]","[164, 40, -35, -74, 33]","[976, 803, 733, 934, 1160]","[634, 855, 616, 764, 713]","[4, 4, 5, 5, -1]","[-3, -4, -1, -2, -5]",56.100004,20.7,65455.0,63423.0
6,10,False,1175,304,-7,-7,[1257],[325],[-3],[4],"[943, 865, 606, 912, 1287]","[943, 865, 606, 912, 1287]","[59, 328, -126, 131, 330]","[178, 15, -32, -83, 26]","[1016, 843, 783, 984, 1150]","[604, 815, 606, 744, 663]","[4, 4, 5, 5, -1]","[-3, -4, -1, -2, -5]",56.100004,20.7,65423.0,63407.0
7,10,False,1129,225,-5,-8,[1227],[365],[-3],[4],"[946, 925, 576, 932, 1343]","[946, 925, 576, 932, 1343]","[39, 309, -107, 124, 285]","[171, -6, -8, -90, 18]","[1056, 883, 833, 1034, 1140]","[574, 775, 596, 724, 613]","[4, 4, 5, 5, -1]","[-3, -4, -1, -2, -5]",56.100004,20.7,65423.0,63407.0
8,10,False,1064,159,-8,-5,[1197],[405],[-3],[4],"[946, 983, 551, 952, 1388]","[946, 983, 551, 952, 1388]","[23, 293, -94, 115, 213]","[165, -11, 5, -97, 5]","[1096, 923, 883, 1084, 1130]","[543, 735, 586, 697, 563]","[4, 4, 5, 5, -1]","[-4, -4, -1, -3, -5]",56.100004,20.7,65423.0,63391.0
9,10,False,984,112,-8,-4,[1167],[445],[-3],[4],"[946, 1033, 531, 968, 1423]","[946, 1033, 531, 968, 1423]","[20, 263, -66, 88, 164]","[152, -36, 17, -97, -1]","[1136, 963, 933, 1134, 1120]","[503, 695, 570, 667, 513]","[4, 4, 5, 5, -1]","[-4, -4, -2, -3, -5]",56.100004,20.7,65423.0,63391.0
10,10,False,898,73,-9,-3,[1137],[485],[-3],[4],"[946, 1083, 518, 978, 1444]","[946, 1083, 518, 978, 1444]","[19, 250, -33, 67, 99]","[134, -43, 35, -109, -19]","[1176, 1003, 983, 1184, 1110, 958, 1050, 551, 1011, 1408]","[463, 655, 550, 637, 463, 764, 825, 539, 634, 722]","[4, 4, 5, 5, -1, 0, 0, 1, 3, -3]","[-4, -4, -2, -3, -5, -5, -5, -5, -5, -4]",56.100004,20.7,65535.0,63455.0
11,10,False,808,45,-9,-2,[1107],[525],[-3],[4],"[946, 1124, 510, 985, 1451]","[946, 1124, 510, 985, 1451]","[20, 216, 8, 40, 34]","[114, -53, 37, -118, -29]","[1216, 1040, 1033, 1230, 1100, 958, 1050, 561, 1036, 1378]","[423, 615, 530, 607, 413, 714, 775, 489, 584, 682]","[4, 3, 5, 4, -1, 0, 0, 1, 2, -3]","[-4, -4, -2, -3, -5, -5, -5, -5, -5, -4]",56.100004,20.7,65535.0,63455.0
12,10,False,718,25,-9,-2,[1077],[565],[-3],[4],"[946, 1158, 510, 985, 1445]","[946, 1158, 510, 985, 1445]","[33, 188, 48, 20, -23]","[94, -65, 37, -119, -49]","[1248, 1070, 1083, 1270, 1090, 958, 1050, 571, 1056, 1348]","[383, 575, 510, 577, 363, 664, 725, 439, 534, 642]","[3, 3, 5, 4, -1, 0, 0, 1, 2, -3]","[-4, -4, -2, -3, -5, -5, -5, -5, -5, -4]",56.100004,20.7,240.0,63663.0
13,10,False,628,2,-9,-3,[1047],[605],[-3],[4],"[946, 1187, 519, 985, 1429]","[946, 1187, 519, 985, 1429]","[23, 144, 86, 9, -81]","[77, -74, 58, -106, -59]","[1278, 1100, 1133, 1310, 1080, 958, 1050, 581, 1076, 1318]","[343, 535, 490, 547, 313, 614, 675, 389, 484, 602]","[3, 3, 5, 4, -1, 0, 0, 1, 2, -3]","[-4, -4, -2, -3, -5, -5, -5, -5, -5, -4]",56.100004,20.7,240.0,63663.0
14,10,False,601,0,0,0,[1017],[645],[-3],[4],"[946, 1207, 533, 978, 1401]","[946, 1207, 533, 978, 1401]","[16, 106, 105, -20, -144]","[58, -93, 67, -114, -61]","[1308, 1130, 1183, 1350, 1070, 958, 1050, 591, 1096, 1288]","[303, 495, 470, 517, 263, 564, 625, 339, 434, 562]","[3, 3, 5, 4, -1, 0, 0, 1, 2, -3]","[-4, -4, -2, -3, -5, -5, -5, -5, -5, -4]",56.100004,20.7,65535.0,63471.0
15,10,False,512,11,-8,5,[987],[685],[-3],[4],"[946, 1227, 554, 968, 1362]","[946, 1227, 554, 968, 1362]","[15, 105, 157, -23, -184]","[58, -85, 94, -78, -37]","[1337, 1160, 1233, 1390, 1060, 958, 1050, 601, 1116, 1258, 958, 1181, 537, 969, 1360]","[254, 455, 450, 487, 213, 514, 575, 289, 384, 522, 843, 762, 555, 502, 663]","[2, 3, 5, 4, -1, 0, 0, 1, 2, -3, 0, -4, -1, -2, -5]","[-5, -4, -2, -3, -5, -5, -5, -5, -5, -4, -5, -3, -5, -5, -3]",56.100004,20.7,65439.0,63455.0
16,10,False,452,81,-5,8,[957],[725],[-3],[4],"[946, 1239, 585, 958, 1315]","[946, 1239, 585, 958, 1315]","[14, 79, 204, -25, -226]","[61, -70, 112, -33, -17]","[1357, 1190, 1283, 1430, 1045, 958, 1050, 611, 1136, 1228, 958, 1141, 527, 949, 1310]","[204, 415, 430, 451, 163, 464, 525, 239, 334, 482, 793, 732, 505, 452, 633]","[2, 3, 5, 4, -2, 0, 0, 1, 2, -3, 0, -4, -1, -2, -5]","[-5, -4, -2, -4, -5, -5, -5, -5, -5, -4, -5, -3, -5, -5, -3]",56.100004,20.7,65439.0,63455.0
17,10,False,403,161,-4,8,[927],[765],[-3],[4],"[946, 1248, 625, 948, 1262]","[946, 1248, 625, 948, 1262]","[39, 52, 241, -19, -266]","[60, -56, 137, -6, 6]","[1377, 1220, 1333, 1470, 1025, 958, 1050, 621, 1153, 1198, 958, 1101, 517, 929, 1260]","[154, 375, 410, 411, 113, 414, 475, 189, 284, 442, 743, 702, 455, 402, 603]","[2, 3, 5, 4, -2, 0, 0, 1, 1, -3, 0, -4, -1, -2, -5]","[-5, -4, -2, -4, -5, -5, -5, -5, -5, -4, -5, -3, -5, -5, -3]",56.100004,20.7,65535.0,63423.0
18,10,False,363,246,-4,8,[897],[805],[-3],[4],"[951, 1250, 672, 938, 1202]","[951, 1250, 672, 938, 1202]","[46, 28, 286, -4, -287]","[34, -48, 155, 22, 24]","[1389, 1250, 1383, 1510, 1005, 958, 1050, 631, 1163, 1168, 958, 1061, 507, 909, 1210]","[104, 330, 388, 371, 63, 364, 425, 139, 234, 402, 693, 672, 405, 352, 573]","[1, 3, 5, 4, -2, 0, 0, 1, 1, -3, 0, -4, -1, -2, -5]","[-5, -5, -3, -4, -5, -5, -5, -5, -5, -4, -5, -3, -5, -5, -3]",56.100004,20.7,65535.0,63423.0
19,10,False,352,259,0,0,[867],[845],[-3],[4],"[956, 1250, 729, 938, 1142]","[956, 1250, 729, 938, 1142]","[62, 19, 316, 15, -282]","[38, -38, 178, 52, 45]","[1399, 1280, 1433, 1541, 985, 958, 1050, 641, 1173, 1138, 957, 1021, 497, 889, 1160]","[54, 280, 358, 331, 13, 314, 375, 89, 184, 362, 643, 642, 355, 302, 543]","[1, 3, 5, 3, -2, 0, 0, 1, 1, -3, -1, -4, -1, -2, -5]","[-5, -5, -3, -4, -5, -5, -5, -5, -5, -4, -5, -3, -5, -5, -3]",56.100004,20.7,65535.0,63455.0
20,10,False,352,259,0,0,[837],[885],[-3],[4],"[966, 1248, 789, 938, 1082]","[966, 1248, 789, 938, 1082]","[75, -4, 328, 17, -293]","[23, -18, 204, 75, 64]","[1399, 1306, 1482, 1571, 948, 1050, 651, 1183, 1108, 947, 981, 487, 869, 1110, 939, 1212, 707, 900, 1098]","[4, 230, 328, 291, 264, 325, 39, 134, 322, 593, 612, 305, 252, 513, 875, 692, 674, 534, 640]","[0, 2, 4, 3, -1, 0, 1, 1, -3, -1, -4, -1, -2, -5, -3, -5, -4, -5, -5]","[-5, -5, -3, -4, -5, -5, -5, -5, -4, -5, -3, -5, -5, -3, -5, -2, -3, -2, -2]",56.100004,20.7,65535.0,63455.0
21,10,False,352,259,0,0,[807],[925],[-3],[4],"[976, 1238, 849, 938, 1013]","[976, 1238, 849, 938, 1013]","[79, -26, 344, 12, -309]","[9, 15, 210, 103, 95]","[1326, 1522, 1601, 938, 1050, 1191, 1078, 937, 941, 477, 849, 1060, 909, 1162, 667, 850, 1048]","[180, 298, 251, 214, 275, 84, 282, 543, 582, 255, 202, 483, 825, 672, 644, 514, 620]","[2, 4, 3, -1, 0, 0, -3, -1, -4, -1, -2, -5, -3, -5, -4, -5, -5]","[-5, -3, -4, -5, -5, -5, -4, -5, -3, -5, -5, -3, -5, -2, -3, -2, -2]",56.100004,20.7,65295.0,63455.0
22,10,False,352,259,0,0,[777],[965],[-3],[4],"[986, 1228, 911, 938, 944]","[986, 1228, 911, 938, 944]","[91, -42, 349, 17, -300]","[-1, 26, 203, 134, 114]","[1346, 1562, 1631, 928, 1050, 1191, 1048, 927, 901, 467, 829, 1010, 879, 1112, 627, 800, 998]","[130, 268, 202, 164, 225, 34, 242, 493, 552, 205, 152, 453, 775, 652, 614, 494, 600]","[2, 4, 3, -1, 0, 0, -3, -1, -4, -1, -2, -5, -3, -5, -4, -5, -5]","[-5, -3, -5, -5, -5, -5, -4, -5, -3, -5, -5, -3, -5, -2, -3, -2, -2]",56.100004,20.7,65295.0,63455.0
23,10,False,352,259,0,0,[747],[1005],[-3],[4],"[996, 1212, 981, 938, 884]","[996, 1212, 981, 938, 884]","[92, -71, 366, 36, -275]","[17, 30, 218, 136, 140]","[1366, 1602, 1652, 918, 1050, 1018, 917, 861, 457, 809, 960, 849, 1062, 587, 750, 948]","[80, 238, 152, 114, 175, 202, 443, 522, 155, 102, 423, 725, 632, 584, 474, 580]","[2, 4, 2, -1, 0, -3, -1, -4, -1, -2, -5, -3, -5, -4, -5, -5]","[-5, -3, -5, -5, -5, -4, -5, -3, -5, -5, -3, -5, -2, -3, -2, -2]",56.100004,20.7,65295.0,63455.0
24,10,False,352,259,0,0,[717],[1045],[-3],[4],"[1007, 1192, 1051, 938, 824]","[1007, 1192, 1051, 938, 824]","[96, -93, 363, 28, -254]","[21, 43, 213, 160, 162]","[1386, 1642, 1672, 908, 1050, 978, 907, 821, 447, 789, 910, 819, 1012, 547, 700, 898]","[30, 206, 102, 64, 125, 162, 393, 492, 105, 52, 393, 675, 612, 554, 454, 560]","[2, 4, 2, -1, 0, -4, -1, -4, -1, -2, -5, -3, -5, -4, -5, -5]","[-5, -4, -5, -5, -5, -4, -5, -3, -5, -5, -3, -5, -2, -3, -2, -2]",56.100004,20.7,65295.0,63455.0
25,10,False,307,262,-9,-1,[],[],[],[],"[1017, 1162, 1117, 938, 764]","[1017, 1162, 1117, 938, 764]","[75, -133, 337, 13, -261]","[-1, 37, 190, 162, 151]","[1682, 1688, 898, 1045, 938, 897, 781, 437, 769, 860, 789, 962, 507, 650, 848, 980, 1151, 1040, 900, 790]","[166, 52, 14, 75, 122, 343, 462, 55, 2, 363, 625, 592, 524, 434, 540, 880, 679, 858, 622, 709]","[4, 1, -1, -1, -4, -1, -4, -1, -2, -5, -3, -5, -4, -5, -5, -4, -5, -3, -5, -4]","[-4, -5, -5, -5, -4, -5, -3, -5, -5, -3, -5, -2, -3, -2, -2, -4, -2, -4, -2, -3]",56.2,20.7,65391.0,63439.0
26,10,False,217,252,-9,-1,[],[],[],[],"[1027, 1127, 1177, 936, 706]","[1027, 1127, 1177, 936, 706]","[71, -165, 312, -7, -253]","[-18, 30, 160, 171, 145]","[1718, 1698, 1035, 898, 887, 741, 427, 810, 759, 912, 467, 600, 798, 940, 1101, 1010, 850, 750]","[126, 2, 25, 82, 293, 432, 5, 333, 582, 572, 487, 414, 520, 840, 659, 818, 602, 679]","[3, 1, -1, -4, -1, -4, -1, -5, -3, -5, -4, -5, -5, -4, -5, -3, -5, -4]","[-4, -5, -5, -4, -5, -3, -5, -3, -4, -2, -4, -2, -2, -4, -2, -4, -2, -3]",56.2,20.7,65391.0,63439.0
27,10,False,154,245,0,0,[],[],[],[],"[1037, 1087, 1232, 926, 646]","[1037, 1087, 1232, 926, 646]","[53, -189, 278, -11, -254]","[-44, 16, 122, 167, 138]","[1748, 858, 877, 701, 760, 729, 862, 427, 550, 748, 900, 1051, 980, 800, 710]","[86, 42, 243, 402, 305, 542, 552, 449, 394, 500, 800, 639, 778, 582, 649]","[3, -4, -1, -4, -5, -3, -5, -4, -5, -5, -4, -5, -3, -5, -4]","[-4, -4, -5, -3, -2, -4, -2, -3, -2, -2, -4, -2, -4, -2, -3]",56.2,20.7,65439.0,63407.0
