,HP,Power up,Player x,Player y,Player speed_x,Player speed_y,Player bullet x,Player bullet y,Player bullet speed_x,Player bullet speed_y,Enemy x,Enemy y,Enemy speed_x,Enemy speed_y,Enemy bullet x,Enemy bullet y,Enemy bullet speed_x,Enemy bullet speed_y,Humidity,Temperature,Skin conductance,Relative blood volume
0,10,False,1379,44,-9,-1,[],[],[],[],"[933, 700, 738, 1518, 865]","[933, 700, 738, 1518, 865]","[5, 98, 42, 420, 12]","[26, -4, -32, 189, -18]",[],[],[],[],56.0,20.7,65535.0,63247.0
1,10,False,1289,37,-9,0,[],[],[],[],"[929, 720, 747, 1593, 865]","[929, 720, 747, 1593, 865]","[-3, 130, 79, 368, 34]","[37, 11, -12, 191, -28]",[],[],[],[],56.0,20.7,336.0,62975.0
2,10,False,1199,40,-9,1,[],[],[],[],"[929, 740, 757, 1656, 865]","[929, 740, 757, 1656, 865]","[8, 144, 99, 318, 48]","[49, 37, -17, 190, -38]",[],[],[],[],56.0,20.7,336.0,62975.0
3,10,False,1109,58,-9,2,[],[],[],[],"[929, 769, 777, 1708, 875]","[929, 769, 777, 1708, 875]","[5, 163, 130, 253, 64]","[58, 61, 2, 191, -43]",[],[],[],[],56.0,20.7,160.0,63535.0
4,10,False,1019,68,-9,1,[],[],[],[],"[929, 799, 797, 1745, 885]","[929, 799, 797, 1745, 885]","[26, 174, 135, 178, 75]","[77, 66, -6, 199, -52]",[],[],[],[],56.0,20.7,160.0,63535.0
5,10,False,929,68,-9,0,[],[],[],[],"[929, 829, 817, 1765, 895]","[929, 829, 817, 1765, 895]","[28, 174, 128, 80, 59]","[53, 60, -6, 167, -84]","[971, 814, 821, 1730, 918]","[700, 688, 723, 906, 919]","[3, 0, 1, -3, 2]","[-4, -5, -5, -4, -5]",56.0,20.7,65535.0,63407.0
6,10,False,849,35,-3,-9,[],[],[],[],"[929, 859, 837, 1763, 900]","[929, 859, 837, 1763, 900]","[14, 171, 126, -34, 50]","[43, 53, -12, 152, -114]","[1001, 814, 831, 1700, 938]","[650, 638, 673, 866, 869]","[3, 0, 1, -3, 2]","[-5, -5, -5, -4, -5]",56.0,20.7,65535.0,63407.0
7,10,False,920,0,9,0,[],[],[],[],"[929, 889, 857, 1740, 900]","[929, 889, 857, 1740, 900]","[1, 169, 126, -125, 36]","[38, 57, -21, 111, -126]","[1031, 814, 841, 1670, 958]","[600, 588, 623, 826, 819]","[3, 0, 1, -3, 2]","[-5, -5, -5, -4, -5]",56.0,20.7,65487.0,63439.0
8,10,False,1000,43,8,4,[],[],[],[],"[919, 919, 877, 1699, 900]","[919, 919, 877, 1699, 900]","[-21, 167, 125, -227, 35]","[21, 58, -31, 77, -145]","[1061, 814, 851, 1640, 978]","[550, 538, 573, 786, 769]","[3, 0, 1, -3, 2]","[-5, -5, -5, -4, -5]",56.0,20.7,65487.0,63439.0
9,10,False,1089,75,9,2,[],[],[],[],"[909, 949, 897, 1636, 900]","[909, 949, 897, 1636, 900]","[-36, 155, 112, -332, 20]","[14, 41, -31, 45, -158]","[1091, 814, 861, 1610, 998]","[500, 488, 523, 746, 719]","[3, 0, 1, -3, 2]","[-5, -5, -5, -4, -5]",56.0,20.7,65535.0,63407.0
10,10,False,1179,95,9,2,[],[],[],[],"[893, 979, 914, 1557, 900]","[893, 979, 914, 1557, 900]","[-51, 153, 100, -406, 11]","[1, 30, -40, 10, -165]","[1114, 814, 871, 1580, 1018, 950, 984, 942, 1601, 922]","[450, 438, 473, 706, 669, 700, 734, 685, 1016, 777]","[2, 0, 1, -3, 2, 3, 2, 3, -4, 1]","[-5, -5, -5, -4, -5, -5, -5, -4, -3, -5]",56.0,20.7,65503.0,63391.0
11,10,False,1269,117,9,3,[],[],[],[],"[874, 1003, 928, 1463, 900]","[874, 1003, 928, 1463, 900]","[-68, 139, 96, -469, 8]","[-17, 10, -33, -44, -183]","[1134, 814, 881, 1550, 1038, 980, 1004, 972, 1561, 932]","[400, 388, 423, 666, 619, 650, 684, 645, 977, 727]","[2, 0, 1, -3, 2, 3, 2, 3, -4, 1]","[-5, -5, -5, -4, -5, -5, -5, -4, -4, -5]",56.0,20.7,65503.0,63391.0
12,10,False,1326,179,0,9,[],[],[],[],"[854, 1023, 938, 1357, 896]","[854, 1023, 938, 1357, 896]","[-83, 114, 80, -549, 0]","[-21, -1, -36, -87, -190]","[1154, 815, 891, 1520, 1058, 1010, 1024, 1002, 1521, 942]","[350, 338, 373, 626, 569, 600, 634, 605, 937, 677]","[2, 1, 1, -3, 2, 3, 2, 3, -4, 1]","[-5, -5, -5, -4, -5, -5, -5, -4, -4, -5]",56.0,20.7,65535.0,63455.0
13,10,False,1309,269,-2,9,[1336],[287],[-1],[5],"[834, 1039, 948, 1234, 887]","[834, 1039, 948, 1234, 887]","[-91, 93, 66, -612, -3]","[-41, -11, -24, -109, -198]","[1176, 825, 901, 1490, 1078, 1040, 1044, 1032, 1481, 956]","[300, 288, 323, 586, 519, 550, 584, 565, 897, 627]","[3, 1, 1, -3, 2, 3, 2, 3, -4, 2]","[-5, -5, -5, -4, -5, -5, -5, -4, -4, -5]",56.0,20.7,65535.0,63455.0
14,10,False,1325,338,9,-1,[1326],[337],[-1],[5],"[809, 1049, 958, 1104, 881]","[809, 1049, 958, 1104, 881]","[-107, 80, 52, -646, -1]","[-28, -12, -24, -156, -179]","[1206, 835, 911, 1460, 1098, 1070, 1064, 1062, 1441, 976]","[250, 238, 273, 546, 469, 500, 534, 525, 857, 577]","[3, 1, 1, -3, 2, 3, 2, 3, -4, 2]","[-5, -5, -5, -4, -5, -5, -5, -4, -4, -5]",56.0,20.7,65535.0,63455.0
15,10,False,1415,306,9,-4,[1316],[387],[-1],[5],"[787, 1059, 968, 965, 880]","[787, 1059, 968, 965, 880]","[-82, 75, 64, -651, 9]","[-26, -4, 1, -159, -153]","[1236, 845, 921, 1430, 1118, 1100, 1084, 1092, 1401, 996, 858, 1112, 981, 1102, 933]","[200, 188, 223, 506, 419, 452, 484, 485, 817, 527, 680, 752, 625, 910, 597]","[3, 1, 1, -3, 2, 3, 2, 3, -4, 2, 4, 5, 1, 0, 4]","[-5, -5, -5, -4, -5, -4, -5, -4, -4, -5, -3, -1, -5, -5, -3]",56.0,20.7,65535.0,63455.0
16,10,False,1505,266,9,-4,[1306],[437],[-1],[5],"[767, 1069, 978, 831, 880]","[767, 1069, 978, 831, 880]","[-65, 68, 59, -639, 34]","[-13, 5, 27, -162, -117]","[1266, 855, 931, 1400, 1138, 1130, 1104, 1122, 1361, 1016, 898, 1162, 991, 1102, 973]","[150, 138, 173, 466, 369, 412, 434, 445, 777, 477, 650, 734, 575, 860, 567]","[3, 1, 1, -3, 2, 3, 2, 3, -4, 2, 4, 5, 1, 0, 4]","[-5, -5, -5, -4, -5, -4, -5, -4, -4, -5, -3, -2, -5, -5, -3]",56.100004,20.7,65407.0,63551.0
17,10,False,1595,246,9,0,[1296],[487],[-1],[5],"[753, 1079, 988, 701, 880]","[753, 1079, 988, 701, 880]","[-35, 68, 62, -626, 33]","[10, 28, 53, -159, -83]","[1296, 865, 947, 1370, 1158, 1160, 1124, 1161, 1321, 1036, 938, 1212, 1001, 1102, 1013]","[100, 88, 123, 426, 319, 372, 384, 405, 737, 427, 620, 714, 525, 810, 537]","[3, 1, 2, -3, 2, 3, 2, 4, -4, 2, 4, 5, 1, 0, 4]","[-5, -5, -5, -4, -5, -4, -5, -4, -4, -5, -3, -2, -5, -5, -3]",56.100004,20.7,65407.0,63551.0
18,10,False,1685,259,9,3,[1283],[537],[-2],[5],"[743, 1089, 998, 573, 880]","[743, 1089, 998, 573, 880]","[-7, 62, 74, -591, 42]","[39, 43, 86, -150, -74]","[1326, 883, 967, 1340, 1178, 1190, 1144, 1201, 1281, 1056, 978, 1262, 1012, 1102, 1053]","[52, 38, 73, 386, 269, 332, 334, 365, 697, 377, 590, 694, 475, 760, 507]","[3, 2, 2, -3, 2, 3, 2, 4, -4, 2, 4, 5, 2, 0, 4]","[-4, -5, -5, -4, -5, -4, -5, -4, -4, -5, -3, -2, -5, -5, -3]",56.100004,20.7,65391.0,63327.0
19,10,False,1765,306,7,6,[1263],[587],[-2],[5],"[742, 1097, 1008, 455, 887]","[742, 1097, 1008, 455, 887]","[24, 49, 56, -543, 59]","[52, 54, 113, -140, -36]","[1356, 987, 1310, 1198, 1220, 1164, 1241, 1241, 1076, 1018, 1312, 1032, 1102, 1093]","[12, 23, 345, 219, 292, 284, 325, 657, 327, 560, 674, 425, 710, 477]","[3, 2, -3, 2, 3, 2, 4, -4, 2, 4, 5, 2, 0, 4]","[-4, -5, -5, -5, -4, -5, -4, -4, -5, -3, -2, -5, -5, -3]",56.100004,20.7,65391.0,63327.0
20,10,False,1825,376,5,8,[1243],[637],[-2],[5],"[745, 1098, 1016, 349, 897]","[745, 1098, 1016, 349, 897]","[59, 36, 56, -484, 72]","[59, 46, 132, -134, -16]","[1280, 1218, 1250, 1184, 1281, 1207, 1096, 1058, 1362, 1052, 1102, 1133, 804, 1150, 1071, 506, 950]","[295, 169, 252, 234, 285, 617, 277, 530, 654, 375, 660, 447, 682, 727, 693, 743, 552]","[-3, 2, 3, 2, 4, -3, 2, 4, 5, 2, 0, 4, 5, 4, 5, 5, 5]","[-5, -5, -4, -5, -4, -4, -5, -3, -2, -5, -5, -3, -1, -3, -1, -3, 0]",56.100004,20.7,65535.0,63439.0
21,10,False,1860,432,0,0,[1223],[687],[-2],[5],"[755, 1098, 1019, 255, 909]","[755, 1098, 1019, 255, 909]","[92, 42, 45, -416, 104]","[73, 51, 144, -134, 6]","[1250, 1238, 1280, 1204, 1321, 1177, 1116, 1098, 1412, 1072, 1109, 1173, 854, 1190, 1121, 556, 1000]","[245, 119, 212, 184, 245, 577, 227, 500, 634, 325, 610, 417, 672, 697, 683, 713, 552]","[-3, 2, 3, 2, 4, -3, 2, 4, 5, 2, 1, 4, 5, 4, 5, 5, 5]","[-5, -5, -4, -5, -4, -4, -5, -3, -2, -5, -5, -3, -1, -3, -1, -3, 0]",56.100004,20.7,65535.0,63439.0
22,10,False,1866,476,-1,9,[1203],[737],[-2],[5],"[769, 1098, 1019, 177, 929]","[769, 1098, 1019, 177, 929]","[113, 44, 34, -329, 113]","[99, 50, 144, -102, 40]","[1220, 1258, 1310, 1224, 1361, 1147, 1136, 1138, 1462, 1092, 1119, 1213, 904, 1230, 1171, 606, 1050]","[195, 69, 172, 134, 211, 537, 177, 470, 614, 275, 560, 387, 662, 667, 673, 683, 552]","[-3, 2, 3, 2, 4, -3, 2, 4, 5, 2, 1, 4, 5, 4, 5, 5, 5]","[-5, -5, -4, -5, -3, -4, -5, -3, -2, -5, -5, -3, -1, -3, -1, -3, 0]",56.100004,20.7,464.0,63423.0
23,10,False,1838,540,-3,9,[1183],[787],[-2],[5],"[789, 1098, 1019, 113, 949]","[789, 1098, 1019, 113, 949]","[135, 38, 36, -253, 134]","[112, 56, 176, -68, 68]","[1194, 1281, 1340, 1248, 1401, 1117, 1163, 1188, 1512, 1112, 1129, 1253, 954, 1270, 1221, 656, 1100]","[145, 19, 132, 84, 181, 497, 127, 440, 594, 225, 510, 357, 652, 637, 663, 663, 552]","[-2, 3, 3, 3, 4, -3, 3, 5, 5, 2, 1, 4, 5, 4, 5, 5, 5]","[-5, -5, -4, -5, -3, -4, -5, -3, -2, -5, -5, -3, -1, -3, -1, -2, 0]",56.100004,20.7,464.0,63423.0
24,10,False,1805,540,-4,8,[1163],[837],[-2],[5],"[809, 1098, 1019, 70, 969]","[809, 1098, 1019, 70, 969]","[143, 35, 47, -148, 125]","[119, 58, 189, -51, 105]","[1174, 1378, 1278, 1441, 1087, 1193, 1238, 1562, 1139, 1139, 1293, 1004, 1310, 1271, 706, 1150]","[95, 92, 34, 151, 457, 77, 410, 574, 175, 460, 327, 642, 607, 653, 643, 552]","[-2, 4, 3, 4, -3, 3, 5, 5, 3, 1, 4, 5, 4, 5, 5, 5]","[-5, -4, -5, -3, -4, -5, -3, -2, -5, -5, -3, -1, -3, -1, -2, 0]",56.100004,20.7,592.0,63503.0
25,10,False,1759,540,-5,8,[1143],[887],[-2],[5],"[829, 1098, 1019, 45, 987]","[829, 1098, 1019, 45, 987]","[145, 16, 21, -64, 97]","[102, 50, 165, -60, 107]","[1154, 1418, 1481, 1057, 1223, 1288, 1612, 1169, 1149, 1335, 1054, 1350, 1321, 756, 1200, 873, 1160, 1081, 129, 1033]","[45, 52, 121, 417, 36, 381, 554, 127, 410, 297, 632, 577, 643, 623, 552, 763, 784, 813, 644, 573]","[-2, 4, 4, -3, 3, 5, 5, 3, 1, 5, 5, 4, 5, 5, 5, 5, 5, 5, 5, 5]","[-5, -4, -3, -4, -4, -2, -2, -4, -5, -3, -1, -3, -1, -2, 0, 0, -1, -1, 0, 0]",56.100004,20.7,65423.0,63423.0
26,10,False,1717,540,-5,8,[1123],[937],[-2],[5],"[850, 1094, 1016, 38, 997]","[850, 1094, 1016, 38, 997]","[148, -20, -11, 34, 79]","[86, 52, 148, -30, 123]","[1458, 1521, 1027, 1338, 1662, 1199, 1159, 1385, 1104, 1390, 1371, 806, 1250, 923, 1210, 1131, 179, 1083]","[12, 91, 377, 361, 534, 87, 360, 267, 622, 547, 633, 603, 552, 763, 774, 803, 644, 573]","[4, 4, -3, 5, 5, 3, 1, 5, 5, 4, 5, 5, 5, 5, 5, 5, 5, 5]","[-4, -3, -4, -2, -2, -4, -5, -3, -1, -3, -1, -2, 0, 0, -1, -1, 0, 0]",56.100004,20.7,65423.0,63423.0
27,9,False,1657,540,0,0,[1103],[987],[-2],[5],"[870, 1084, 1006, 48, 1007]","[870, 1084, 1006, 48, 1007]","[141, -38, -22, 117, 67]","[75, 36, 138, -15, 115]","[1570, 997, 1388, 1229, 1169, 1435, 1154, 1430, 1421, 856, 1300, 973, 1260, 1181, 229, 1133]","[61, 337, 341, 47, 310, 237, 612, 517, 623, 583, 552, 763, 764, 793, 644, 573]","[5, -3, 5, 3, 1, 5, 5, 4, 5, 5, 5, 5, 5, 5, 5, 5]","[-3, -4, -2, -4, -5, -3, -1, -3, -1, -2, 0, 0, -1, -1, 0, 0]",56.100004,20.7,65535.0,63455.0
28,9,False,1657,540,0,0,[1083],[1037],[-2],[5],"[890, 1067, 996, 74, 1017]","[890, 1067, 996, 74, 1017]","[141, -81, -47, 186, 50]","[60, 21, 110, -13, 116]","[1620, 967, 1438, 1259, 1179, 1485, 1204, 1470, 1471, 906, 1350, 1023, 1310, 1231, 279, 1183]","[31, 294, 321, 7, 260, 207, 602, 487, 613, 563, 552, 763, 754, 783, 644, 573]","[5, -3, 5, 3, 1, 5, 5, 4, 5, 5, 5, 5, 5, 5, 5, 5]","[-3, -5, -2, -4, -5, -3, -1, -3, -1, -2, 0, 0, -1, -1, 0, 0]",56.100004,20.7,65535.0,63455.0
29,9,False,1666,477,1,-9,[],[],[],[],"[910, 1043, 976, 114, 1019]","[910, 1043, 976, 114, 1019]","[132, -110, -72, 250, 28]","[51, 5, 84, -10, 129]","[1670, 937, 1488, 1195, 1535, 1254, 1510, 1521, 956, 1400, 1073, 1360, 1281, 329, 1233]","[11, 244, 301, 210, 177, 592, 457, 603, 543, 552, 763, 744, 773, 644, 573]","[5, -3, 5, 2, 5, 5, 4, 5, 5, 5, 5, 5, 5, 5, 5]","[-2, -5, -2, -5, -3, -1, -3, -1, -2, 0, 0, -1, -1, 0, 0]",56.100004,20.7,65455.0,63471.0
30,9,False,1667,387,0,-9,[],[],[],[],"[930, 1013, 956, 167, 1019]","[930, 1013, 956, 167, 1019]","[116, -129, -88, 318, 13]","[35, -10, 69, 10, 134]","[907, 1538, 1215, 1585, 1304, 1550, 1571, 1006, 1450, 1123, 1410, 1331, 379, 1283, 974, 1092, 1026, 181, 1081]","[194, 281, 160, 153, 582, 427, 593, 523, 552, 763, 734, 763, 644, 573, 812, 768, 893, 580, 683]","[-3, 5, 2, 5, 5, 4, 5, 5, 5, 5, 5, 5, 5, 5, 5, 4, 4, 5, 5]","[-5, -2, -5, -2, -1, -3, -1, -2, 0, 0, -1, -1, 0, 0, -1, -4, -4, 0, 1]",56.100004,20.7,65455.0,63471.0
31,9,False,1657,297,-1,-9,[],[],[],[],"[950, 983, 936, 232, 1012]","[950, 983, 936, 232, 1012]","[119, -142, -82, 366, -29]","[12, -11, 58, 28, 128]","[883, 1588, 1235, 1635, 1354, 1590, 1621, 1056, 1500, 1173, 1460, 1381, 429, 1333, 1024, 1132, 1066, 231, 1131]","[144, 261, 110, 133, 572, 397, 583, 503, 552, 763, 724, 753, 644, 573, 802, 728, 853, 580, 691]","[-2, 5, 2, 5, 5, 4, 5, 5, 5, 5, 5, 5, 5, 5, 5, 4, 4, 5, 5]","[-5, -2, -5, -2, -1, -3, -1, -2, 0, 0, -1, -1, 0, 0, -1, -4, -4, 0, 0]",56.100004,20.7,65439.0,63423.0
32,8,False,1637,248,0,0,[],[],[],[],"[970, 953, 916, 306, 1001]","[970, 953, 916, 306, 1001]","[112, -149, -80, 423, -51]","[-2, -18, 20, 43, 124]","[863, 1255, 1685, 1404, 1630, 1671, 1106, 1550, 1223, 1510, 1431, 479, 1383, 1074, 1172, 1106, 281, 1181]","[94, 60, 113, 562, 367, 573, 483, 552, 763, 714, 743, 644, 573, 792, 688, 813, 580, 691]","[-2, 2, 5, 5, 4, 5, 5, 5, 5, 5, 5, 5, 5, 5, 4, 4, 5, 5]","[-5, -5, -2, -1, -3, -1, -2, 0, 0, -1, -1, 0, 0, -1, -4, -4, 0, 0]",56.100004,20.7,65439.0,63423.0
33,8,False,1556,243,-9,0,[],[],[],[],"[983, 913, 896, 392, 981]","[983, 913, 896, 392, 981]","[82, -173, -88, 472, -74]","[-15, -31, -16, 51, 106]","[843, 1275, 1735, 1454, 1670, 1721, 1156, 1600, 1273, 1560, 1481, 529, 1433, 1124, 1212, 1146, 331, 1231]","[44, 10, 93, 552, 337, 563, 463, 552, 763, 704, 733, 644, 573, 782, 648, 773, 580, 691]","[-2, 2, 5, 5, 4, 5, 5, 5, 5, 5, 5, 5, 5, 5, 4, 4, 5, 5]","[-5, -5, -2, -1, -3, -1, -2, 0, 0, -1, -1, 0, 0, -1, -4, -4, 0, 0]",56.100004,20.7,65535.0,63519.0
34,8,False,1494,232,-8,-4,[],[],[],[],"[993, 873, 869, 484, 961]","[993, 873, 869, 484, 961]","[62, -176, -110, 508, -90]","[-37, -44, -37, 66, 89]","[1785, 1504, 1710, 1771, 1206, 1650, 1323, 1610, 1531, 579, 1483, 1174, 1252, 1186, 381, 1281]","[73, 542, 307, 553, 443, 552, 763, 694, 723, 644, 573, 772, 608, 733, 580, 691]","[5, 5, 4, 5, 5, 5, 5, 5, 5, 5, 5, 5, 4, 4, 5, 5]","[-2, -1, -3, -1, -2, 0, 0, -1, -1, 0, 0, -1, -4, -4, 0, 0]",56.100004,20.7,65535.0,63519.0
35,8,False,1414,187,-8,-4,[],[],[],[],"[1000, 833, 846, 584, 941]","[1000, 833, 846, 584, 941]","[44, -162, -90, 548, -79]","[-20, -41, -39, 98, 108]","[1835, 1554, 1750, 1821, 1256, 1700, 1373, 1660, 1581, 629, 1533, 1224, 1292, 1226, 431, 1331, 1046, 911, 918, 556, 1011]","[53, 532, 277, 542, 423, 552, 763, 684, 713, 644, 573, 755, 568, 693, 580, 691, 763, 720, 898, 570, 726]","[5, 5, 4, 5, 5, 5, 5, 5, 5, 5, 5, 5, 4, 4, 5, 5, 4, 3, 4, 5, 4]","[-2, -1, -3, -2, -2, 0, 0, -1, -1, 0, 0, -2, -4, -4, 0, 0, -4, -4, -4, -2, -4]",56.100004,20.7,65535.0,63519.0
36,8,False,1334,143,-8,-5,[],[],[],[],"[1000, 800, 826, 694, 921]","[1000, 800, 826, 694, 921]","[38, -135, -58, 583, -70]","[-16, -43, -42, 129, 135]","[1885, 1604, 1790, 1871, 1306, 1750, 1423, 1710, 1631, 679, 1583, 1274, 1332, 1266, 481, 1381, 1086, 941, 958, 606, 1051]","[33, 522, 247, 522, 403, 552, 763, 674, 698, 644, 573, 735, 528, 653, 580, 691, 723, 680, 858, 550, 686]","[5, 5, 4, 5, 5, 5, 5, 5, 5, 5, 5, 5, 4, 4, 5, 5, 4, 3, 4, 5, 4]","[-2, -1, -3, -2, -2, 0, 0, -1, -2, 0, 0, -2, -4, -4, 0, 0, -4, -4, -4, -2, -4]",56.100004,20.7,65535.0,63519.0
37,8,False,1248,107,-9,-2,[],[],[],[],"[1000, 770, 811, 810, 901]","[1000, 770, 811, 810, 901]","[36, -113, -35, 612, -60]","[-4, -37, -52, 157, 148]","[1654, 1830, 1356, 1800, 1473, 1760, 1681, 729, 1633, 1324, 1372, 1306, 531, 1431, 1126, 971, 998, 656, 1091]","[512, 217, 383, 552, 763, 657, 678, 644, 573, 715, 488, 613, 580, 691, 683, 640, 818, 530, 646]","[5, 4, 5, 5, 5, 5, 5, 5, 5, 5, 4, 4, 5, 5, 4, 3, 4, 5, 4]","[-1, -3, -2, 0, 0, -2, -2, 0, 0, -2, -4, -4, 0, 0, -4, -4, -4, -2, -4]",56.0,20.7,65535.0,63455.0
38,8,False,1158,102,-9,0,[],[],[],[],"[1000, 747, 801, 930, 883]","[1000, 747, 801, 930, 883]","[27, -76, -13, 646, -44]","[6, -16, -41, 160, 153]","[1704, 1870, 1406, 1850, 1523, 1810, 1731, 779, 1683, 1374, 1412, 1346, 581, 1481, 1166, 1001, 1038, 706, 1131]","[502, 187, 363, 552, 763, 637, 658, 644, 573, 695, 448, 573, 580, 691, 643, 600, 778, 510, 606]","[5, 4, 5, 5, 5, 5, 5, 5, 5, 5, 4, 4, 5, 5, 4, 3, 4, 5, 4]","[-1, -3, -2, 0, 0, -2, -2, 0, 0, -2, -4, -4, 0, 0, -4, -4, -4, -2, -4]",56.0,20.7,65535.0,63455.0
39,8,False,1068,119,-9,2,[],[],[],[],"[1000, 727, 796, 1051, 873]","[1000, 727, 796, 1051, 873]","[20, -61, 17, 642, -20]","[28, 22, -36, 188, 157]","[1754, 1910, 1456, 1900, 1573, 1860, 1781, 829, 1733, 1424, 1452, 1386, 631, 1531, 1206, 1031, 1078, 756, 1171]","[492, 157, 343, 552, 763, 617, 638, 637, 573, 675, 408, 533, 580, 691, 603, 560, 738, 490, 566]","[5, 4, 5, 5, 5, 5, 5, 5, 5, 5, 4, 4, 5, 5, 4, 3, 4, 5, 4]","[-1, -3, -2, 0, 0, -2, -2, -1, 0, -2, -4, -4, 0, 0, -4, -4, -4, -2, -4]",56.0,20.7,65535.0,63439.0
40,8,False,1005,136,0,0,[],[],[],[],"[1000, 713, 796, 1171, 863]","[1000, 713, 796, 1171, 863]","[26, -34, 38, 638, -10]","[26, 30, -30, 212, 149]","[1804, 1506, 1623, 1910, 1831, 879, 1783, 1474, 1486, 1421, 681, 1581, 1246, 1061, 1118, 806, 1211, 992, 747, 808, 1095, 894]","[482, 323, 753, 597, 618, 627, 573, 655, 368, 493, 580, 691, 563, 520, 698, 470, 526, 721, 668, 836, 656, 825]","[5, 5, 5, 5, 5, 5, 5, 5, 3, 3, 5, 5, 4, 3, 4, 5, 4, -2, 1, 0, 2, 1]","[-1, -2, -1, -2, -2, -1, 0, -2, -4, -4, 0, 0, -4, -4, -4, -2, -4, -5, -5, -5, -5, -5]",56.0,20.7,65535.0,63439.0
41,8,False,931,102,-7,-6,[],[],[],[],"[1000, 703, 796, 1291, 856]","[1000, 703, 796, 1291, 856]","[24, -11, 36, 614, 6]","[53, 51, -33, 211, 152]","[1854, 1556, 1673, 1881, 929, 1833, 1524, 1516, 1451, 731, 1631, 1286, 1091, 1158, 856, 1251, 972, 757, 808, 1115, 904]","[467, 303, 743, 593, 617, 573, 635, 328, 453, 580, 690, 523, 480, 658, 450, 486, 671, 618, 786, 606, 775]","[5, 5, 5, 5, 5, 5, 5, 3, 3, 5, 5, 4, 3, 4, 5, 4, -2, 1, 0, 2, 1]","[-2, -2, -1, -3, -1, 0, -2, -4, -4, 0, -1, -4, -4, -4, -2, -4, -5, -5, -5, -5, -5]",56.0,20.7,65535.0,63359.0
42,8,False,894,75,0,0,[],[],[],[],"[1000, 701, 798, 1405, 856]","[1000, 701, 798, 1405, 856]","[26, 16, 50, 581, 24]","[52, 52, -40, 207, 127]","[1904, 1606, 1723, 979, 1883, 1574, 1546, 1481, 781, 1681, 1326, 1121, 1190, 906, 1291, 952, 767, 808, 1135, 914]","[447, 283, 733, 607, 573, 612, 288, 413, 580, 680, 483, 440, 618, 430, 446, 621, 568, 736, 556, 725]","[5, 5, 5, 5, 5, 5, 3, 3, 5, 5, 4, 3, 3, 5, 4, -2, 1, 0, 2, 1]","[-2, -2, -1, -1, 0, -3, -4, -4, 0, -1, -4, -4, -4, -2, -4, -5, -5, -5, -5, -5]",56.0,20.7,65535.0,63407.0
43,8,False,860,61,0,0,[],[],[],[],"[1000, 701, 808, 1515, 856]","[1000, 701, 808, 1515, 856]","[43, 44, 63, 554, 46]","[56, 59, -42, 201, 111]","[1656, 1773, 1029, 1624, 1576, 1511, 831, 1731, 1366, 1151, 1220, 956, 1326, 932, 777, 808, 1154, 924]","[256, 723, 597, 582, 248, 373, 580, 670, 443, 400, 578, 410, 406, 571, 518, 686, 506, 675]","[5, 5, 5, 5, 3, 3, 5, 5, 4, 3, 3, 5, 3, -2, 1, 0, 1, 1]","[-3, -1, -1, -3, -4, -4, 0, -1, -4, -4, -4, -2, -4, -5, -5, -5, -5, -5]",56.0,20.7,65535.0,63407.0
44,8,False,797,53,-9,0,[],[],[],[],"[1000, 706, 818, 1613, 863]","[1000, 706, 818, 1613, 863]","[31, 71, 78, 493, 52]","[61, 74, -45, 197, 95]","[1706, 1823, 1079, 1667, 1606, 1541, 881, 1781, 1400, 1181, 1250, 1006, 1356, 912, 787, 808, 1164, 934]","[226, 712, 587, 552, 208, 333, 580, 656, 403, 360, 538, 390, 366, 521, 468, 636, 456, 625]","[5, 5, 5, 4, 3, 3, 5, 5, 3, 3, 3, 5, 3, -2, 1, 0, 1, 1]","[-3, -2, -1, -3, -4, -4, 0, -2, -4, -4, -4, -2, -4, -5, -5, -5, -5, -5]",56.0,20.7,320.0,63407.0
45,8,False,716,53,0,0,[],[],[],[],"[1000, 716, 828, 1697, 871]","[1000, 716, 828, 1697, 871]","[2, 85, 76, 403, 45]","[55, 61, -49, 170, 62]","[1756, 1873, 1129, 1707, 1636, 1571, 931, 1831, 1430, 1211, 1280, 1056, 1386, 892, 797, 808, 1174, 944, 992, 729, 811, 1604, 876]","[196, 692, 577, 522, 168, 293, 580, 636, 363, 320, 498, 370, 326, 471, 418, 586, 406, 575, 754, 697, 786, 855, 938]","[5, 5, 5, 4, 3, 3, 5, 5, 3, 3, 3, 5, 3, -2, 1, 0, 1, 1, -2, 1, -2, -3, 0]","[-3, -2, -1, -3, -4, -4, 0, -2, -4, -4, -4, -2, -4, -5, -5, -5, -5, -5, -5, -5, -5, -4, -5]",56.0,20.7,320.0,63407.0
46,8,False,680,53,0,0,[],[],[],[],"[993, 726, 838, 1762, 873]","[993, 726, 838, 1762, 873]","[-6, 94, 72, 316, 49]","[29, 47, -62, 136, 43]","[1800, 1179, 1747, 1666, 1601, 981, 1881, 1460, 1241, 1310, 1106, 1416, 872, 807, 808, 1184, 954, 972, 739, 791, 1574, 876]","[166, 567, 492, 123, 253, 580, 611, 323, 273, 458, 350, 286, 421, 368, 536, 356, 525, 704, 647, 736, 815, 888]","[4, 5, 4, 3, 3, 5, 5, 3, 3, 3, 5, 3, -2, 1, 0, 1, 1, -2, 1, -2, -3, 0]","[-3, -1, -3, -5, -4, 0, -3, -4, -5, -4, -2, -4, -5, -5, -5, -5, -5, -5, -5, -5, -4, -5]",56.0,20.7,65391.0,63583.0
47,8,False,635,55,0,0,[],[],[],[],"[983, 745, 848, 1810, 874]","[983, 745, 848, 1810, 874]","[-21, 115, 66, 217, 33]","[25, 35, -77, 98, 17]","[1840, 1229, 1787, 1696, 1631, 1031, 1490, 1271, 1340, 1156, 1446, 852, 817, 808, 1194, 964, 952, 749, 771, 1544, 876]","[136, 557, 455, 73, 204, 580, 283, 223, 418, 330, 246, 371, 318, 486, 306, 475, 654, 597, 686, 775, 838]","[4, 5, 4, 3, 3, 5, 3, 3, 3, 5, 3, -2, 1, 0, 1, 1, -2, 1, -2, -3, 0]","[-3, -1, -4, -5, -5, 0, -4, -5, -4, -2, -4, -5, -5, -5, -5, -5, -5, -5, -5, -4, -5]",56.0,20.7,65391.0,63583.0
48,8,False,545,65,-9,1,[],[],[],[],"[971, 765, 858, 1837, 874]","[971, 765, 858, 1837, 874]","[-53, 120, 63, 117, 8]","[23, 35, -84, 70, -5]","[1880, 1279, 1827, 1717, 1659, 1081, 1520, 1296, 1370, 1206, 1476, 832, 827, 808, 1204, 974, 932, 759, 751, 1514, 876]","[106, 547, 415, 23, 154, 580, 243, 173, 368, 310, 206, 321, 268, 436, 256, 425, 604, 547, 636, 735, 788]","[4, 5, 4, 2, 2, 5, 3, 2, 3, 5, 3, -2, 1, 0, 1, 1, -2, 1, -2, -3, 0]","[-3, -1, -4, -5, -5, 0, -4, -5, -5, -2, -4, -5, -5, -5, -5, -5, -5, -5, -5, -4, -5]",56.0,20.7,65535.0,63439.0
49,8,False,455,80,-9,2,[],[],[],[],"[951, 785, 868, 1845, 874]","[951, 785, 868, 1845, 874]","[-75, 128, 58, 20, 9]","[7, 38, -104, 48, -38]","[1920, 1329, 1857, 1679, 1131, 1550, 1316, 1396, 1256, 1506, 812, 837, 808, 1212, 984, 912, 769, 731, 1484, 876]","[76, 537, 375, 104, 580, 203, 123, 318, 290, 166, 271, 218, 386, 206, 375, 554, 497, 586, 695, 738]","[4, 5, 3, 2, 5, 3, 2, 2, 5, 3, -2, 1, 0, 0, 1, -2, 1, -2, -3, 0]","[-3, -1, -4, -5, 0, -4, -5, -5, -2, -4, -5, -5, -5, -5, -5, -5, -5, -5, -4, -5]",56.0,20.7,65535.0,63439.0
50,8,True,419,89,0,0,[],[],[],[],"[931, 805, 876, 1832, 873]","[931, 805, 876, 1832, 873]","[-87, 137, 47, -82, -2]","[-4, 24, -128, 15, -61]","[1379, 1887, 1699, 1181, 1580, 1336, 1416, 1306, 1536, 792, 846, 808, 1212, 994, 892, 779, 711, 1454, 876, 931, 779, 851, 1807, 876]","[527, 333, 54, 580, 155, 73, 268, 265, 117, 221, 168, 336, 156, 325, 504, 447, 536, 655, 688, 764, 713, 702, 965, 935]","[5, 3, 2, 5, 3, 2, 2, 5, 3, -2, 0, 0, 0, 1, -2, 1, -2, -3, 0, -3, -2, -3, -5, -1]","[-1, -5, -5, 0, -5, -5, -5, -3, -5, -5, -5, -5, -5, -5, -5, -5, -5, -4, -5, -5, -5, -4, -2, -5]",56.0,20.7,65407.0,63407.0
51,8,True,361,145,-4,8,[],[],[],[],"[908, 825, 876, 1801, 863]","[908, 825, 876, 1801, 863]","[-102, 125, 28, -183, -17]","[-16, 0, -127, -20, -89]","[1429, 1911, 1719, 1231, 1608, 1356, 1436, 1356, 1564, 772, 846, 808, 1212, 1004, 872, 789, 691, 1424, 876, 901, 759, 821, 1757, 866]","[517, 283, 4, 580, 105, 23, 218, 235, 67, 171, 118, 286, 106, 275, 454, 397, 486, 615, 638, 714, 663, 662, 945, 885]","[5, 2, 2, 5, 2, 2, 2, 5, 2, -2, 0, 0, 0, 1, -2, 1, -2, -3, 0, -3, -2, -3, -5, -1]","[-1, -5, -5, 0, -5, -5, -5, -3, -5, -5, -5, -5, -5, -5, -5, -5, -5, -4, -5, -5, -5, -4, -2, -5]",56.0,20.7,65535.0,63423.0
52,8,True,342,235,-1,9,[],[],[],[],"[878, 845, 876, 1748, 853]","[878, 845, 876, 1748, 853]","[-102, 118, 2, -273, -21]","[-27, -4, -128, -45, -112]","[1479, 1281, 1628, 1456, 1406, 1584, 752, 846, 808, 1212, 1005, 852, 799, 671, 1394, 876, 871, 739, 791, 1707, 856]","[507, 580, 55, 168, 205, 17, 121, 68, 236, 56, 225, 404, 347, 436, 575, 588, 664, 613, 622, 925, 835]","[5, 5, 2, 2, 5, 2, -2, 0, 0, 0, 0, -2, 1, -2, -3, 0, -3, -2, -3, -5, -1]","[-1, 0, -5, -5, -3, -5, -5, -5, -5, -5, -5, -5, -5, -5, -4, -5, -5, -5, -4, -2, -5]",56.0,20.7,65535.0,63423.0
53,8,True,340,244,0,0,[],[],[],[],"[852, 865, 869, 1680, 843]","[852, 865, 869, 1680, 843]","[-104, 118, -8, -353, -30]","[-36, -16, -122, -62, -135]","[1529, 1331, 1648, 1471, 1450, 732, 846, 808, 1212, 1005, 832, 809, 651, 1364, 876, 841, 719, 761, 1657, 846]","[494, 580, 5, 118, 175, 71, 18, 186, 6, 175, 354, 297, 386, 535, 538, 621, 563, 582, 905, 785]","[5, 5, 2, 1, 4, -2, 0, 0, 0, 0, -2, 1, -2, -3, 0, -3, -2, -3, -5, -1]","[-2, 0, -5, -5, -3, -5, -5, -5, -5, -5, -5, -5, -5, -4, -5, -4, -5, -4, -2, -5]",56.0,20.7,65471.0,63439.0
54,8,True,340,244,0,0,[],[],[],[],"[822, 885, 859, 1594, 833]","[822, 885, 859, 1594, 833]","[-101, 110, -19, -434, -40]","[-58, -28, -103, -93, -159]","[1579, 1381, 1481, 1490, 712, 808, 1005, 812, 815, 631, 1334, 876, 811, 699, 731, 1607, 828]","[474, 580, 68, 145, 21, 136, 125, 304, 247, 336, 495, 488, 581, 513, 542, 885, 735]","[5, 5, 1, 4, -2, 0, 0, -2, 0, -2, -3, 0, -3, -2, -3, -5, -2]","[-2, 0, -5, -3, -5, -5, -5, -5, -5, -5, -4, -5, -4, -5, -4, -2, -5]",56.0,20.7,65471.0,63439.0
55,8,True,340,244,0,0,[],[],[],[],"[800, 905, 854, 1497, 823]","[800, 905, 854, 1497, 823]","[-90, 124, 15, -471, -20]","[-37, -22, -74, -93, -154]","[1629, 1431, 1491, 1530, 808, 1005, 792, 815, 611, 1301, 876, 781, 679, 701, 1557, 808, 791, 869, 820, 1547, 804]","[454, 580, 18, 115, 86, 75, 254, 197, 286, 455, 438, 541, 463, 502, 865, 685, 731, 697, 563, 919, 831]","[5, 5, 1, 4, 0, 0, -2, 0, -2, -4, 0, -3, -2, -3, -5, -2, -4, -3, -5, -5, -4]","[-2, 0, -5, -3, -5, -5, -5, -5, -5, -4, -5, -4, -5, -4, -2, -5, -3, -4, -3, -1, -3]",56.0,20.7,65471.0,63439.0
56,8,True,340,244,0,0,[],[],[],[],"[780, 925, 854, 1397, 818]","[780, 925, 854, 1397, 818]","[-78, 123, 46, -500, 5]","[-28, -1, -38, -93, -150]","[1679, 1481, 1570, 808, 1005, 772, 815, 591, 1261, 876, 751, 659, 671, 1507, 788, 751, 839, 770, 1497, 764]","[434, 580, 85, 36, 25, 204, 147, 236, 415, 388, 501, 413, 462, 845, 635, 701, 657, 533, 909, 801]","[5, 5, 4, 0, 0, -2, 0, -2, -4, 0, -3, -2, -3, -5, -2, -4, -3, -5, -5, -4]","[-2, 0, -3, -5, -5, -5, -5, -5, -4, -5, -4, -5, -4, -2, -5, -3, -4, -3, -1, -3]",56.0,20.7,65471.0,63439.0
57,8,True,340,244,0,0,[],[],[],[],"[760, 945, 861, 1286, 818]","[760, 945, 861, 1286, 818]","[-52, 141, 61, -552, 22]","[-25, 31, 5, -83, -128]","[1729, 1531, 1610, 752, 815, 571, 1221, 876, 721, 639, 641, 1457, 768, 711, 809, 720, 1447, 724]","[414, 580, 55, 154, 97, 186, 375, 338, 461, 363, 422, 825, 585, 671, 617, 503, 899, 771]","[5, 5, 4, -2, 0, -2, -4, 0, -3, -2, -3, -5, -2, -4, -3, -5, -5, -4]","[-2, 0, -3, -5, -5, -5, -4, -5, -4, -5, -4, -2, -5, -3, -4, -3, -1, -3]",56.0,20.7,65535.0,63423.0
58,8,True,340,244,0,0,[],[],[],[],"[750, 965, 871, 1166, 818]","[750, 965, 871, 1166, 818]","[-35, 129, 86, -582, 20]","[-13, 54, 27, -84, -113]","[1779, 1581, 1650, 732, 815, 546, 1181, 876, 691, 619, 611, 1407, 748, 671, 779, 670, 1397, 684]","[394, 580, 21, 104, 47, 136, 335, 288, 421, 313, 382, 805, 535, 641, 577, 473, 886, 741]","[5, 5, 4, -2, 0, -3, -4, 0, -3, -2, -3, -5, -2, -4, -3, -5, -5, -4]","[-2, 0, -4, -5, -5, -5, -4, -5, -4, -5, -4, -2, -5, -3, -4, -3, -2, -3]",56.0,20.7,65535.0,63423.0
59,8,True,340,244,0,0,[],[],[],[],"[740, 985, 883, 1046, 818]","[740, 985, 883, 1046, 818]","[-15, 136, 95, -599, 40]","[9, 54, 64, -94, -103]","[1829, 1631, 712, 516, 1141, 874, 661, 599, 576, 1357, 728, 631, 749, 620, 1347, 644]","[374, 572, 54, 86, 295, 238, 381, 263, 342, 785, 485, 611, 537, 443, 866, 711]","[5, 5, -2, -3, -4, -1, -3, -2, -4, -5, -2, -4, -3, -5, -5, -4]","[-2, -1, -5, -5, -4, -5, -4, -5, -4, -2, -5, -3, -4, -3, -2, -3]",56.0,20.7,65455.0,63391.0
60,8,True,331,260,-6,7,[],[],[],[],"[737, 1006, 901, 917, 827]","[737, 1006, 901, 917, 827]","[16, 151, 107, -606, 75]","[38, 69, 94, -83, -64]","[1879, 1681, 692, 486, 1101, 864, 631, 579, 536, 1307, 708, 591, 719, 570, 1297, 604, 701, 949, 876, 1005, 810]","[354, 562, 4, 36, 255, 188, 341, 213, 302, 765, 435, 581, 497, 413, 846, 681, 685, 715, 507, 789, 645]","[5, 5, -2, -3, -4, -1, -3, -2, -4, -5, -2, -4, -3, -5, -5, -4, -5, -5, -2, -4, -2]","[-2, -1, -5, -5, -4, -5, -4, -5, -4, -2, -5, -3, -4, -3, -2, -3, -3, -2, -5, -4, -5]",56.0,20.7,65455.0,63391.0
61,8,True,282,326,-4,8,[],[],[],[],"[737, 1035, 921, 789, 839]","[737, 1035, 921, 789, 839]","[44, 147, 112, -600, 104]","[75, 81, 125, -73, -40]","[1731, 1061, 854, 601, 559, 496, 1257, 688, 551, 689, 520, 1247, 564, 651, 899, 856, 965, 790]","[552, 215, 138, 301, 163, 262, 745, 385, 551, 457, 383, 826, 651, 655, 695, 457, 749, 595]","[5, -4, -1, -3, -2, -4, -5, -2, -4, -3, -5, -5, -4, -5, -5, -2, -4, -2]","[-1, -4, -5, -4, -5, -4, -2, -5, -3, -4, -3, -2, -3, -3, -2, -5, -4, -5]",56.0,20.7,65471.0,63327.0
62,8,True,259,379,-4,9,[],[],[],[],"[743, 1064, 941, 668, 859]","[743, 1064, 941, 668, 859]","[68, 164, 129, -578, 122]","[94, 91, 156, -75, -23]","[1781, 1021, 844, 571, 539, 456, 1207, 668, 511, 659, 470, 1197, 524, 601, 849, 836, 925, 770]","[542, 175, 88, 261, 113, 222, 725, 335, 521, 417, 353, 806, 621, 625, 675, 407, 709, 545]","[5, -4, -1, -3, -2, -4, -5, -2, -4, -3, -5, -5, -4, -5, -5, -2, -4, -2]","[-1, -4, -5, -4, -5, -4, -2, -5, -3, -4, -3, -2, -3, -3, -2, -5, -4, -5]",56.0,20.7,65471.0,63327.0
63,8,True,253,397,0,0,[],[],[],[],"[753, 1094, 961, 553, 879]","[753, 1094, 961, 553, 879]","[95, 170, 133, -534, 136]","[109, 100, 189, -57, 4]","[1831, 981, 834, 541, 519, 416, 1157, 648, 471, 629, 420, 1147, 484, 551, 799, 816, 885, 742]","[532, 135, 38, 221, 63, 182, 705, 285, 491, 377, 323, 786, 591, 595, 655, 357, 679, 495]","[5, -4, -1, -3, -2, -4, -5, -2, -4, -3, -5, -5, -4, -5, -5, -2, -4, -3]","[-1, -4, -5, -4, -5, -4, -2, -5, -3, -4, -3, -2, -3, -3, -2, -5, -3, -5]",56.0,20.7,65535.0,63599.0
64,8,True,247,415,-3,9,[],[],[],[],"[773, 1121, 981, 446, 900]","[773, 1121, 981, 446, 900]","[114, 143, 134, -492, 150]","[113, 113, 214, -47, 23]","[1881, 941, 511, 492, 376, 1107, 628, 431, 599, 370, 1097, 444, 501, 749, 793, 845, 712]","[522, 101, 181, 13, 142, 685, 235, 461, 337, 293, 766, 561, 565, 635, 307, 649, 445]","[5, -4, -3, -3, -4, -5, -2, -4, -3, -5, -5, -4, -5, -5, -3, -4, -3]","[-1, -3, -4, -5, -4, -2, -5, -3, -4, -3, -2, -3, -3, -2, -5, -3, -5]",56.0,20.7,65535.0,63599.0
65,8,True,224,478,0,0,[],[],[],[],"[793, 1141, 1001, 346, 920]","[793, 1141, 1001, 346, 920]","[110, 113, 119, -454, 147]","[109, 109, 208, -54, 26]","[901, 481, 336, 1057, 608, 391, 569, 320, 1047, 404, 451, 699, 763, 805, 682, 747, 1085, 945, 438, 864]","[71, 141, 102, 665, 185, 431, 297, 263, 746, 531, 535, 615, 257, 619, 395, 739, 803, 676, 686, 628]","[-4, -3, -4, -5, -2, -4, -3, -5, -5, -4, -5, -5, -3, -4, -3, -4, -5, -5, -1, -5]","[-3, -4, -4, -2, -5, -3, -4, -3, -2, -3, -3, -2, -5, -3, -5, -3, 0, 0, -5, -2]",56.0,20.7,192.0,63567.0
66,8,True,219,496,0,0,[],[],[],[],"[813, 1158, 1020, 256, 940]","[813, 1158, 1020, 256, 940]","[106, 84, 96, -419, 129]","[95, 97, 206, -47, 30]","[861, 451, 296, 1007, 588, 351, 530, 270, 997, 364, 401, 649, 733, 765, 652, 707, 1035, 895, 428, 814]","[41, 101, 62, 645, 135, 401, 257, 233, 726, 501, 505, 595, 207, 589, 348, 709, 803, 676, 636, 608]","[-4, -3, -4, -5, -2, -4, -4, -5, -5, -4, -5, -5, -3, -4, -3, -4, -5, -5, -1, -5]","[-3, -4, -4, -2, -5, -3, -4, -3, -2, -3, -3, -2, -5, -3, -4, -3, 0, 0, -5, -2]",56.0,20.7,65535.0,63535.0
67,8,True,239,514,0,0,[],[],[],[],"[828, 1167, 1030, 172, 960]","[828, 1167, 1030, 172, 960]","[95, 45, 73, -366, 123]","[86, 73, 176, -47, 40]","[821, 421, 256, 957, 568, 311, 490, 220, 947, 324, 351, 599, 703, 725, 622, 667, 985, 845, 418, 764]","[11, 61, 22, 625, 85, 371, 217, 203, 706, 471, 475, 575, 166, 559, 308, 679, 803, 676, 586, 588]","[-4, -3, -4, -5, -2, -4, -4, -5, -5, -4, -5, -5, -3, -4, -3, -4, -5, -5, -1, -5]","[-3, -4, -4, -2, -5, -3, -4, -3, -2, -3, -3, -2, -4, -3, -4, -3, 0, 0, -5, -2]",56.0,20.7,65535.0,63535.0
68,8,True,266,516,9,0,[],[],[],[],"[838, 1167, 1040, 100, 980]","[838, 1167, 1040, 100, 980]","[91, 13, 69, -302, 105]","[81, 40, 167, -41, 34]","[388, 907, 548, 271, 450, 170, 897, 284, 301, 549, 673, 685, 592, 627, 935, 795, 408, 714]","[21, 605, 35, 341, 177, 173, 686, 441, 445, 555, 126, 529, 268, 649, 803, 676, 536, 568]","[-4, -5, -2, -4, -4, -5, -5, -4, -5, -5, -3, -4, -3, -4, -5, -5, -1, -5]","[-4, -2, -5, -3, -4, -3, -2, -3, -3, -2, -4, -3, -4, -3, 0, 0, -5, -2]",56.0,20.7,65535.0,63535.0
69,8,True,338,461,5,-8,[],[],[],[],"[849, 1160, 1050, 43, 991]","[849, 1160, 1050, 43, 991]","[91, -20, 51, -224, 83]","[64, 9, 131, -54, 32]","[857, 231, 410, 120, 847, 244, 251, 499, 643, 645, 562, 587, 885, 745, 398, 664]","[585, 311, 137, 143, 666, 411, 415, 535, 86, 499, 228, 619, 803, 676, 486, 548]","[-5, -4, -4, -5, -5, -4, -5, -5, -3, -4, -3, -4, -5, -5, -1, -5]","[-2, -3, -4, -3, -2, -3, -3, -2, -4, -3, -4, -3, 0, 0, -5, -2]",56.0,20.7,65535.0,63535.0
70,7,True,381,378,4,-9,[],[],[],[],"[859, 1150, 1054, 2, 1001]","[859, 1150, 1054, 2, 1001]","[92, -47, 37, -133, 60]","[30, -7, 109, -48, 27]","[807, 191, 370, 70, 797, 204, 201, 449, 613, 605, 532, 547, 835, 695, 614, 812, 1121, 1013, 100, 964]","[565, 281, 97, 122, 646, 381, 385, 515, 46, 469, 188, 589, 803, 676, 528, 826, 847, 832, 658, 610]","[-5, -4, -4, -5, -5, -4, -5, -5, -3, -4, -3, -4, -5, -5, -5, -5, -5, -5, 5, -4]","[-2, -3, -4, -2, -2, -3, -3, -2, -4, -3, -4, -3, 0, 0, -2, -1, -1, -1, -1, -4]",56.0,20.7,65535.0,63551.0
71,7,True,427,295,7,-6,[],[],[],[],"[869, 1135, 1054, 0, 1004]","[869, 1135, 1054, 0, 1004]","[92, -67, 22, -53, 41]","[16, -17, 83, -52, 30]","[757, 151, 330, 20, 747, 164, 151, 399, 583, 565, 502, 507, 785, 645, 564, 762, 1071, 963, 150, 924]","[545, 251, 57, 102, 626, 351, 355, 495, 6, 439, 148, 559, 803, 676, 508, 816, 837, 822, 648, 570]","[-5, -4, -4, -5, -5, -4, -5, -5, -3, -4, -3, -4, -5, -5, -5, -5, -5, -5, 5, -4]","[-2, -3, -4, -2, -2, -3, -3, -2, -4, -3, -4, -3, 0, 0, -2, -1, -1, -1, -1, -4]",56.0,20.7,65535.0,63551.0
72,7,True,516,275,9,-1,[],[],[],[],"[879, 1115, 1053, 0, 1004]","[879, 1115, 1053, 0, 1004]","[71, -89, -3, 15, 15]","[0, -32, 71, -48, 49]","[707, 111, 290, 697, 124, 101, 349, 525, 472, 467, 735, 595, 514, 712, 1021, 913, 200, 884]","[525, 221, 17, 606, 321, 325, 475, 409, 108, 529, 803, 676, 488, 806, 827, 812, 638, 530]","[-5, -4, -4, -5, -4, -5, -5, -4, -3, -4, -5, -5, -5, -5, -5, -5, 5, -4]","[-2, -3, -4, -2, -3, -3, -2, -3, -4, -3, 0, 0, -2, -1, -1, -1, -1, -4]",56.0,20.7,65535.0,63455.0
73,7,True,606,265,9,-1,[],[],[],[],"[889, 1091, 1043, 6, 1002]","[889, 1091, 1043, 6, 1002]","[64, -115, -13, 98, -4]","[-27, -48, 52, -33, 55]","[657, 71, 647, 84, 51, 299, 485, 442, 427, 685, 545, 464, 662, 971, 863, 250, 844]","[505, 191, 586, 291, 295, 455, 379, 68, 499, 803, 676, 468, 796, 817, 802, 628, 490]","[-5, -4, -5, -4, -5, -5, -4, -3, -4, -5, -5, -5, -5, -5, -5, 5, -4]","[-2, -3, -2, -3, -3, -2, -3, -4, -3, 0, 0, -2, -1, -1, -1, -1, -4]",56.0,20.7,65535.0,63455.0
74,7,True,696,252,9,-2,[],[],[],[],"[899, 1061, 1033, 31, 992]","[899, 1061, 1033, 31, 992]","[62, -146, -24, 168, -21]","[-49, -59, 31, -20, 62]","[607, 31, 597, 44, 10, 249, 445, 412, 387, 635, 495, 414, 612, 921, 813, 300, 804]","[485, 161, 566, 261, 265, 435, 349, 28, 469, 797, 676, 448, 786, 807, 792, 618, 450]","[-5, -4, -5, -4, -4, -5, -4, -3, -4, -5, -5, -5, -5, -5, -5, 5, -4]","[-2, -3, -2, -3, -3, -2, -3, -4, -3, -1, 0, -2, -1, -1, -1, -1, -4]",56.0,20.7,65535.0,63327.0
75,7,True,786,232,9,-2,[],[],[],[],"[909, 1028, 1023, 68, 982]","[909, 1028, 1023, 68, 982]","[64, -146, -21, 250, -11]","[-41, -65, 34, 16, 70]","[557, 547, 4, 199, 405, 347, 585, 445, 364, 562, 871, 763, 350, 764, 902, 1050, 1044, 96, 983]","[465, 546, 229, 415, 319, 439, 787, 676, 428, 776, 797, 782, 608, 410, 764, 752, 844, 578, 621]","[-5, -5, -4, -5, -4, -4, -5, -5, -5, -5, -5, -5, 5, -4, -1, -2, 0, 5, -2]","[-2, -2, -4, -2, -3, -3, -1, 0, -2, -1, -1, -1, -1, -4, -5, -5, -5, -2, -5]",56.0,20.7,65535.0,63327.0
76,7,True,876,212,9,-2,[],[],[],[],"[919, 998, 1013, 122, 972]","[919, 998, 1013, 122, 972]","[87, -142, -19, 321, -2]","[-34, -50, 43, 50, 92]","[507, 497, 149, 365, 307, 535, 395, 314, 512, 821, 713, 400, 724, 892, 1030, 1044, 146, 963]","[445, 526, 386, 289, 409, 777, 669, 408, 757, 787, 772, 594, 370, 714, 702, 794, 558, 571]","[-5, -5, -5, -4, -4, -5, -5, -5, -5, -5, -5, 5, -4, -1, -2, 0, 5, -2]","[-2, -2, -3, -3, -3, -1, -1, -2, -2, -1, -1, -2, -4, -5, -5, -5, -2, -5]",56.0,20.7,65535.0,63327.0
